Frame #,# Obj,X,Y,Z,Doppler,Intensity
133,3,0,1.2363,0.53613,0.356,6
133,3,0.041016,1.251,0.41211,-0.356,6
133,3,0,1.2646,0.46484,-0.356,6
134,1,0.083984,1.2803,0.41113,-0.356,9
135,22,0.039063,1.1855,0.4248,0,4
135,22,0.080078,1.1885,0.49121,0,10
135,22,0.082031,1.1709,0.60059,0,15
135,22,0.083984,1.2324,0.53809,0,17
135,22,0.042969,1.2275,0.62109,0,13
135,22,0,1.2178,0.70313,0,7
135,22,0.040039,1.1719,0.53516,0.356,14
135,22,0.082031,1.1904,0.55957,0.356,22
135,22,0.083984,1.2119,0.58301,0.356,22
135,22,0.12891,1.2002,0.66211,0.356,15
135,22,0.080078,1.1758,0.52246,-0.71201,10
135,22,0.12402,1.2266,0.46777,-0.71201,16
135,22,0.083984,1.249,0.49805,-0.71201,16
135,22,0.085938,1.2734,0.5166,-0.71201,12
135,22,0.079102,1.165,0.47266,-0.356,12
135,22,0.080078,1.1904,0.48828,-0.356,31
135,22,0.082031,1.209,0.51855,-0.356,47
135,22,0.083984,1.2334,0.53613,-0.356,50
135,22,0.085938,1.2402,0.58984,-0.356,36
135,22,0.087891,1.2256,0.68262,-0.356,20
135,22,0.089844,1.2803,0.6416,-0.356,10
135,22,-0.39355,0.84766,-0.84375,-0.356,7
136,61,0.038086,1.0645,0.61426,0,7
136,61,0.039063,1.1367,0.54102,0,20
136,61,0.040039,1.1455,0.58887,0,33
136,61,0.082031,1.1582,0.62305,0,39
136,61,0.12598,1.1826,0.63184,0,34
136,61,0.12891,1.2539,0.55273,0,27
136,61,0.13184,1.3545,0.35352,0,23
136,61,0.089844,1.3926,0.33594,0,19
136,61,0.045898,1.4287,0.31836,0,13
136,61,0.09375,1.4658,0.27344,0,8
136,61,0.15332,1.2197,-0.039063,0.356,10
136,61,0.15723,1.249,0.022461,0.356,20
136,61,0.16113,1.2363,0.32422,0.356,32
136,61,0.16504,1.2139,0.48633,0.356,47
136,61,0.16797,1.2422,0.49316,0.356,60
136,61,0.17188,1.2949,0.43457,0.356,68
136,61,0.13184,1.334,0.4248,0.356,68
136,61,0.089844,1.3701,0.41602,0.356,56
136,61,0.1377,1.4053,0.38965,0.356,38
136,61,0.09375,1.4365,0.39746,0.356,20
136,61,0.40625,2.126,-0.12012,0.356,9
136,61,0.34277,2.1631,-0.16309,0.356,9
136,61,0.16504,1.1777,0.56738,0.71201,13
136,61,0.16797,1.2217,0.54297,0.71201,17
136,61,0.12891,1.2676,0.52246,0.71201,20
136,61,0.087891,1.3174,0.4834,0.71201,21
136,61,0.089844,1.3555,0.46387,0.71201,18
136,61,0.091797,1.3955,0.43457,0.71201,13
136,61,0.09375,1.4072,0.49316,0.71201,7
136,61,0.041992,1.0957,0.7832,-1.78,8
136,61,0,1.0977,0.67578,-1.424,12
136,61,0,1.0742,0.76367,-1.424,19
136,61,0,1.0801,0.80566,-1.424,21
136,61,0,1.0703,0.86523,-1.424,16
136,61,0.077148,1.1172,0.50977,-1.068,8
136,61,0.079102,1.1494,0.50879,-1.068,22
136,61,0.040039,1.166,0.54785,-1.068,38
136,61,0.041016,1.1895,0.56641,-1.068,46
136,61,0.041992,1.208,0.59473,-1.068,39
136,61,0.042969,1.2354,0.60645,-1.068,24
136,61,0,1.2295,0.68262,-1.068,10
136,61,0.038086,1.0859,0.57715,-0.71201,22
136,61,0.039063,1.1436,0.52734,-0.71201,61
136,61,0.040039,1.1758,0.52539,-0.71201,99
136,61,0.041016,1.21,0.52148,-0.71201,107
136,61,0,1.2383,0.53027,-0.71201,78
136,61,0,1.2539,0.56738,-0.71201,36
136,61,-0.043945,1.2529,0.63574,-0.71201,10
136,61,0.089844,1.4131,0.23633,-0.71201,6
136,61,0,1.0566,0.62988,-0.356,18
136,61,0,1.1201,0.5752,-0.356,50
136,61,0,1.1553,0.57031,-0.356,83
136,61,0,1.1885,0.57031,-0.356,88
136,61,0,1.2012,0.60938,-0.356,61
136,61,-0.085938,1.1455,0.75879,-0.356,32
136,61,0.17578,1.3652,0.28809,-0.356,28
136,61,0.13477,1.3857,0.34668,-0.356,25
136,61,0.091797,1.4268,0.31934,-0.356,15
136,61,-0.42285,1.0791,-0.41211,0,4
136,61,-0.48047,0.59473,-2.0596,0.356,5
136,61,0.38672,1.3125,-0.14648,-0.356,24
137,64,0.23633,1.2334,-0.09082,0,7
137,64,0.20117,1.2686,0.11035,0,9
137,64,0.20605,1.2871,0.19238,0,12
137,64,0.21094,1.3164,0.19238,0,17
137,64,0.21484,1.3408,0.22754,0,21
137,64,0.17578,1.3701,0.26172,0,21
137,64,0.089844,1.3809,0.38086,0,17
137,64,0.091797,1.3926,0.44336,0,14
137,64,0.09375,1.4346,0.4043,0,12
137,64,0.047852,1.5068,0.21387,0,8
137,64,0.27051,1.9697,0.86133,0,10
137,64,0.34277,2.0693,0.65332,0,15
137,64,0.34766,2.127,0.55566,0,15
137,64,0.35254,2.168,0.51367,0,11
137,64,0.15039,1.1826,-0.14551,0.356,8
137,64,0.23047,1.2051,-0.083008,0.356,20
137,64,0.23633,1.2373,-0.0029297,0.356,32
137,64,0.24121,1.2588,0.13574,0.356,43
137,64,0.24707,1.2734,0.23242,0.356,57
137,64,0.21094,1.3057,0.25879,0.356,74
137,64,0.21484,1.332,0.27344,0.356,87
137,64,0.17578,1.3643,0.29199,0.356,86
137,64,0.17969,1.3857,0.32715,0.356,67
137,64,0.18262,1.4023,0.38184,0.356,44
137,64,0.13965,1.4307,0.40527,0.356,29
137,64,0.14258,1.4756,0.34863,0.356,18
137,64,0.27051,2.0313,0.70605,0.356,24
137,64,0.27441,2.0498,0.73926,0.356,29
137,64,0.27832,2.0811,0.73828,0.356,25
137,64,0.35254,2.0391,0.89551,0.356,15
137,64,0.23633,1.2354,0.073242,0.71201,10
137,64,0.24121,1.2568,0.15039,0.71201,13
137,64,0.20605,1.2725,0.27734,0.71201,17
137,64,0.21094,1.29,0.3252,0.71201,23
137,64,0.17188,1.3291,0.31641,0.71201,27
137,64,0.17578,1.3506,0.34668,0.71201,25
137,64,0.13477,1.376,0.38477,0.71201,20
137,64,0.091797,1.3906,0.44824,0.71201,17
137,64,0.09375,1.4287,0.42676,0.71201,16
137,64,0.094727,1.4775,0.35742,0.71201,12
137,64,0,0.88867,0.6709,-2.848,9
137,64,0,0.94824,0.63672,-2.848,13
137,64,0,0.95508,0.67871,-2.848,14
137,64,0,0.99707,0.66895,-2.848,11
137,64,-0.03418,0.83008,0.69629,-2.492,7
137,64,0,0.91992,0.62598,-2.492,16
137,64,0,0.95703,0.62402,-2.492,24
137,64,0,0.98047,0.6416,-2.492,24
137,64,0,0.9873,0.68359,-2.492,18
137,64,0,1.0107,0.70117,-2.492,9
137,64,-0.069336,0.93359,0.60156,-2.136,12
137,64,-0.036133,0.9707,0.60156,-2.136,20
137,64,0,1.0146,0.58594,-2.136,22
137,64,0,1.04,0.60059,-2.136,18
137,64,0,1.082,0.58496,-2.136,10
137,64,-0.071289,1.0225,0.50488,-1.78,9
137,64,-0.073242,1.0195,0.57324,-1.78,12
137,64,0,1.0889,0.50684,-1.78,11
137,64,0.12598,1.3408,0.042969,-0.71201,11
137,64,0.17188,1.3633,0.082031,-0.71201,13
137,64,0.17578,1.3906,0.10645,-0.71201,12
137,64,0.13477,1.4209,0.14551,-0.71201,10
137,64,0.15039,1.1533,-0.2998,-0.356,6
137,64,0.23047,1.207,-0.053711,-0.356,13
138,64,0,0.9043,0.34082,0,4
138,64,-0.09375,0.94141,0.31152,0,5
138,64,0.12402,1.3105,0.069336,0,23
138,64,0.083984,1.3418,0.09082,0,47
138,64,0.085938,1.3672,0.13672,0,70
138,64,0.043945,1.4004,0.12012,0,74
138,64,0.044922,1.4316,0.089844,0,56
138,64,0,1.4639,-0.040039,0,27
138,64,-0.28027,1.2031,-0.83984,0,8
138,64,0.047852,1.4824,0.34668,0,8
138,64,0,1.5313,0.25684,0,8
138,64,0.23047,1.2061,-0.074219,0.356,17
138,64,0.23633,1.2363,-0.038086,0.356,30
138,64,0.24121,1.2656,0.016602,0.356,40
138,64,0.24707,1.29,0.10547,0.356,42
138,64,0.21094,1.3115,0.22754,0.356,35
138,64,0.12891,1.3359,0.30762,0.356,24
138,64,0.43945,1.2031,-0.5791,0.356,29
138,64,0.49316,1.249,-0.50488,0.356,33
138,64,0.45801,1.3076,-0.47559,0.356,25
138,64,0.2334,1.4365,0.33398,0.356,15
138,64,0.094727,1.4736,0.37402,0.356,17
138,64,0.048828,1.5137,0.34082,0.356,15
138,64,0.19727,1.2441,-0.012695,0.71201,9
138,64,0.20117,1.2725,0.017578,0.71201,11
138,64,0.20605,1.2969,0.10938,0.71201,11
138,64,0.16797,1.3164,0.23145,0.71201,9
138,64,0.43945,1.0986,-0.75977,0.71201,11
138,64,-0.22461,1.1504,-0.82813,0.71201,15
138,64,-0.27441,0.94727,-1.082,0.71201,12
138,64,0.047852,1.4248,0.53613,0.71201,9
138,64,-0.10645,0.79297,0.28418,-2.136,6
138,64,-0.10938,0.81543,0.30762,-2.136,10
138,64,-0.056641,0.85938,0.28711,-2.136,15
138,64,-0.058594,0.89355,0.27832,-2.136,24
138,64,-0.060547,0.91602,0.30371,-2.136,29
138,64,-0.0625,0.94434,0.31055,-2.136,24
138,64,-0.095703,0.96875,0.32031,-2.136,13
138,64,-0.13281,0.80762,0.22559,-1.78,12
138,64,-0.1377,0.78418,0.37109,-1.78,15
138,64,0,0.86426,0.27832,-1.78,13
138,64,0,0.88281,0.31348,-1.78,32
138,64,-0.060547,0.91113,0.31543,-1.78,50
138,64,-0.0625,0.94336,0.31152,-1.78,49
138,64,-0.064453,0.97266,0.31641,-1.78,31
138,64,-0.43066,0,-1.3457,-1.78,10
138,64,-0.4834,0.076172,-1.3184,-1.78,9
138,64,-0.15332,0.76563,0.25,-1.424,6
138,64,-0.15918,0.80371,0.22266,-1.424,13
138,64,-0.16504,0.80664,0.30664,-1.424,16
138,64,-0.22656,0.8252,0.30371,-1.424,11
138,64,0,0.89063,0.29102,-1.424,18
138,64,-0.030273,0.91406,0.3125,-1.424,37
138,64,-0.0625,0.94531,0.30664,-1.424,44
138,64,-0.064453,0.97656,0.30664,-1.424,35
138,64,-0.38672,0,-1.3486,-1.424,24
138,64,-0.43945,0,-1.3652,-1.424,24
138,64,-0.40332,0.1709,-1.3662,-1.424,17
138,64,-0.058594,0.91992,0.1709,-1.068,10
138,64,-0.060547,0.93066,0.25195,-1.068,20
138,64,-0.09375,0.9541,0.26953,-1.068,25
138,64,-0.095703,0.97754,0.29297,-1.068,23
138,64,-0.098633,1.0078,0.29492,-1.068,15
138,64,-0.4209,0,1.3027,-1.068,43
139,64,0.038086,1.2275,-0.076172,0,5
139,64,0.039063,1.2578,-0.043945,0,10
139,64,0.080078,1.2861,0.0048828,0,14
139,64,0.041016,1.3145,0.09375,0,17
139,64,0.041992,1.3418,0.11035,0,23
139,64,0.042969,1.3633,-0.18555,0,28
139,64,0,1.3633,-0.34473,0,28
139,64,0,1.3887,-0.36133,0,22
139,64,0,1.4297,-0.31543,0,12
139,64,0,1.209,0.22656,0.356,10
139,64,0,1.2295,0.27441,0.356,20
139,64,0.28223,1.2549,-0.080078,0.356,27
139,64,0.3291,1.2695,-0.12793,0.356,34
139,64,0.37891,1.291,-0.064453,0.356,54
139,64,0.38672,1.3213,-0.010742,0.356,80
139,64,0.43945,1.335,-0.011719,0.356,97
139,64,0.40332,1.377,-0.016602,0.356,86
139,64,0.45801,1.3906,-0.043945,0.356,56
139,64,0,1.2471,0.17773,0.71201,10
139,64,0,1.2617,0.26367,0.71201,14
139,64,0,1.1621,0.62109,0.71201,12
139,64,0.37891,1.293,0.032227,0.71201,16
139,64,0.43066,1.3066,0.061523,0.71201,25
139,64,0.43945,1.335,0.042969,0.71201,30
139,64,0.44824,1.3633,0.013672,0.71201,27
139,64,-0.13574,1.0713,-0.091797,1.424,7
139,64,-0.069336,1.0918,-0.20313,1.424,8
139,64,0,1.083,-0.048828,1.78,8
139,64,-0.10449,1.1006,-0.13086,1.78,9
139,64,-0.15527,0.94531,-0.27148,2.136,6
139,64,-0.09082,0.94141,-0.19824,2.492,6
139,64,-0.09375,0.97363,-0.18652,2.492,8
139,64,-0.12793,0.98438,-0.25586,2.492,7
139,64,-0.21191,0.86133,-0.38477,2.848,5
139,64,-0.18652,0.93945,-0.27148,2.848,7
139,64,-0.19238,0.94434,-0.34863,2.848,7
139,64,-0.21191,0.90039,-0.28027,3.204,6
139,64,-0.21777,0.91895,-0.31543,3.204,8
139,64,-0.19238,0.97266,-0.26172,3.204,8
139,64,0.19727,1.2441,-0.0087891,-0.71201,9
139,64,0.20117,1.2725,-0.030273,-0.71201,14
139,64,0.20605,1.3018,-0.020508,-0.71201,18
139,64,0.21094,1.3311,-0.0039063,-0.71201,18
139,64,0.30078,1.3389,-0.10645,-0.71201,19
139,64,0.35156,1.3574,-0.10059,-0.71201,20
139,64,0.3584,1.3867,-0.09375,-0.71201,17
139,64,0.41211,1.4033,-0.069336,-0.71201,11
139,64,0.23047,1.208,0.015625,-0.356,14
139,64,0.23633,1.2373,-0.0097656,-0.356,29
139,64,0.24121,1.2656,-0.020508,-0.356,44
139,64,0.24707,1.2949,-0.0048828,-0.356,50
139,64,0.25293,1.3232,0.0019531,-0.356,50
139,64,0.34375,1.3291,-0.10352,-0.356,59
139,64,0.39551,1.3467,-0.081055,-0.356,66
139,64,0.40332,1.376,-0.063477,-0.356,57
139,64,0.41211,1.4033,-0.075195,-0.356,36
139,64,-0.50488,0.43066,-1.1719,0,12
139,64,-0.55957,0,-1.3545,0,18
139,64,0.52734,1.2939,-0.15918,0,21
139,64,0.53809,1.3135,-0.21387,0,19
139,64,0.45801,1.3838,-0.14453,0,12
139,64,-0.040039,1.2061,0.45215,0.356,27
139,64,-0.16504,0.85645,0.98828,0.356,30
139,64,-0.21094,0.64258,-1.165,0.356,31
140,64,0.077148,1.2236,0.10547,0,9
140,64,0,1.2588,-0.037109,0,19
140,64,0,1.2764,-0.17676,0,36
140,64,-0.041016,1.2959,-0.23633,0,49
140,64,0,1.3174,-0.2832,0,46
140,64,0,1.3252,-0.37109,0,29
140,64,0.4834,1.3193,0.045898,0,23
140,64,0.44824,1.3467,-0.21289,0,23
140,64,0.45801,1.333,-0.39941,0,17
140,64,0.41992,1.3223,-0.55273,0,9
140,64,0.19238,1.209,0.12598,0.356,17
140,64,0.11816,1.252,0.074219,0.356,43
140,64,0.080078,1.2842,0.066406,0.356,90
140,64,0.082031,1.3135,0.066406,0.356,138
140,64,0.083984,1.3447,0.030273,0.356,157
140,64,0.085938,1.3701,-0.097656,0.356,141
140,64,0.087891,1.3633,-0.33203,0.356,109
140,64,0.49316,1.3457,-0.077148,0.356,76
140,64,0.50293,1.3682,-0.14063,0.356,60
140,64,0.4668,1.4072,-0.18066,0.356,32
140,64,0.038086,1.2285,-0.043945,0.71201,6
140,64,0.039063,1.2588,0.0029297,0.71201,25
140,64,0.040039,1.2881,0.0048828,0.71201,60
140,64,0.041016,1.3174,0.020508,0.71201,92
140,64,0.041992,1.3467,0.013672,0.71201,97
140,64,0.085938,1.373,-0.038086,0.71201,75
140,64,0.087891,1.3887,-0.20117,0.71201,45
140,64,0.044922,1.3271,-0.54395,0.71201,25
140,64,0.45801,1.3867,-0.10645,0.71201,19
140,64,0,1.2461,-0.18555,1.068,14
140,64,0,1.2744,-0.19238,1.068,23
140,64,-0.041016,1.2979,-0.22754,1.068,27
140,64,0,1.3301,-0.2168,1.068,23
140,64,-0.042969,1.3682,-0.14844,1.068,16
140,64,0,1.4063,-0.014648,1.068,8
140,64,-0.079102,1.2354,-0.22949,1.424,12
140,64,0,1.2646,-0.24609,1.424,18
140,64,0,1.2949,-0.24707,1.424,20
140,64,0,1.3232,-0.25098,1.424,15
140,64,0,1.3467,-0.28516,1.424,8
140,64,0.038086,1.1924,-0.30078,2.136,8
140,64,0,1.2148,-0.33203,2.136,8
140,64,0.13184,1.3701,-0.28613,-1.068,8
140,64,0.089844,1.3926,-0.33691,-1.068,11
140,64,0.091797,1.4355,-0.27539,-1.068,12
140,64,0.13965,1.4639,-0.2627,-1.068,9
140,64,0.19238,1.2139,0.046875,-0.71201,9
140,64,0.15723,1.248,0.068359,-0.71201,18
140,64,0.20117,1.2705,0.073242,-0.71201,26
140,64,0.20605,1.2539,0.34863,-0.71201,29
140,64,0.21094,1.3037,0.26758,-0.71201,34
140,64,0.17188,1.3633,0.083984,-0.71201,41
140,64,0.13184,1.3975,-0.078125,-0.71201,44
140,64,0.089844,1.416,-0.21289,-0.71201,35
140,64,0.045898,1.4375,-0.27441,-0.71201,22
140,64,0.046875,1.4766,-0.2207,-0.71201,12
140,64,0.1875,1.1807,0.10938,-0.356,8
140,64,0.15332,1.2188,0.069336,-0.356,28
140,64,0.19727,1.2432,0.032227,-0.356,57
140,64,0.20117,1.2676,0.11133,-0.356,76
140,64,0.28809,1.2168,0.41504,-0.356,85
140,64,0.25293,1.2705,0.36914,-0.356,100
140,64,0.17188,1.3545,0.1748,-0.356,106
140,64,0.087891,1.4004,-0.081055,-0.356,93
141,44,0.15723,1.2207,0.26465,0,8
141,44,0.24121,1.2207,0.33496,0,17
141,44,0.28809,1.2236,0.39551,0,22
141,44,-0.12598,1.127,-0.72754,0,25
141,44,-0.042969,1.2813,-0.50195,0,36
141,44,0,1.3613,-0.34961,0,37
141,44,0,1.4141,-0.24512,0,28
141,44,0.045898,1.458,-0.125,0,16
141,44,0.23047,1.2031,0.11328,0.356,10
141,44,0.19727,1.2295,0.18652,0.356,26
141,44,0.20117,1.2539,0.21973,0.356,55
141,44,0.16504,1.2871,0.23242,0.356,91
141,44,0.12598,1.3281,0.18848,0.356,118
141,44,0.085938,1.3711,0.094727,0.356,121
141,44,0.043945,1.4043,-0.045898,0.356,95
141,44,0.044922,1.4258,-0.15723,0.356,59
141,44,0.045898,1.4453,-0.22949,0.356,27
141,44,0.15723,1.2256,0.24316,0.71201,7
141,44,0.12109,1.2588,0.25,0.71201,16
141,44,0.12402,1.2959,0.2041,0.71201,29
141,44,0.083984,1.3389,0.12988,0.71201,40
141,44,0.042969,1.376,0.017578,0.71201,43
141,44,0.043945,1.4023,-0.092773,0.71201,37
141,44,0,1.4297,-0.12012,0.71201,24
141,44,0,1.4512,-0.19922,0.71201,11
141,44,0.083984,1.3223,0.24707,1.068,8
141,44,0.085938,1.3379,0.31348,1.068,9
141,44,0.20605,1.2949,0.13477,-1.068,7
141,44,0.21094,1.3203,0.16895,-1.068,7
141,44,0.23633,1.2314,0.11621,-0.71201,12
141,44,0.20117,1.2578,0.19629,-0.71201,25
141,44,0.24707,1.2754,0.22266,-0.71201,37
141,44,0.21094,1.3105,0.23145,-0.71201,39
141,44,0.21484,1.333,0.2666,-0.71201,30
141,44,0.17578,1.3711,0.25488,-0.71201,15
141,44,0.19238,1.2129,0.071289,-0.356,13
141,44,0.19727,1.2354,0.14941,-0.356,39
141,44,0.24121,1.25,0.20215,-0.356,81
141,44,0.20605,1.2764,0.25488,-0.356,120
141,44,0.21094,1.3018,0.27539,-0.356,128
141,44,0.21484,1.3291,0.28613,-0.356,95
141,44,0.17578,1.3701,0.26172,-0.356,49
141,44,-0.20605,0.99023,-0.84473,0,14
141,44,0.33691,1.2217,0.45801,0,21
142,23,0.11816,1.208,0.33398,0.356,10
142,23,0.12109,1.249,0.29492,0.356,22
142,23,0.12402,1.2764,0.30566,0.356,36
142,23,0.12598,1.3105,0.28418,0.356,43
142,23,0.12891,1.3496,0.23926,0.356,38
142,23,0.13184,1.3975,0.084961,0.356,25
142,23,0.3584,1.3887,0.057617,0.356,14
142,23,0.12109,1.2363,0.3418,0.71201,6
142,23,0.12402,1.2715,0.32227,0.71201,10
142,23,0.083984,1.3018,0.33594,0.71201,11
142,23,0.085938,1.3496,0.25879,0.71201,11
142,23,0.043945,1.3955,0.16211,0.71201,7
142,23,0.12109,1.2598,0.24121,-0.71201,6
142,23,0.12402,1.291,0.2334,-0.71201,10
142,23,0.16797,1.3271,0.16113,-0.71201,12
142,23,0.12891,1.3652,0.11719,-0.71201,10
142,23,0.19727,1.2158,0.26465,-0.356,11
142,23,0.16113,1.2432,0.29883,-0.356,24
142,23,0.16504,1.2793,0.27344,-0.356,38
142,23,0.16797,1.3154,0.23828,-0.356,44
142,23,0.17188,1.3564,0.16113,-0.356,37
142,23,0.21973,1.3887,-0.0068359,-0.356,24
142,23,0.44824,1.3633,0,-0.356,20
143,39,0,1.3398,-0.1377,0,5
143,39,-0.042969,1.3262,-0.36816,0,6
143,39,0.43945,1.332,0.09375,0,8
143,39,0.44824,1.3574,-0.12305,0,8
143,39,0,1.3174,-0.023438,0.356,7
143,39,0.041992,1.3438,-0.083008,0.356,17
143,39,0.042969,1.3652,-0.17285,0.356,22
143,39,0,1.3564,-0.37012,0.356,20
143,39,0.40332,1.373,0.10352,0.356,20
143,39,0.41211,1.4043,0.046875,0.356,14
143,39,1.4277,0,-1.7109,0.356,8
143,39,1.3955,0,-1.6992,0.356,8
143,39,0,1.3223,-0.25977,-0.71201,7
143,39,0.042969,1.3242,-0.375,-0.71201,9
143,39,0,1.2871,-0.56543,-0.71201,9
143,39,0.44824,1.3564,-0.13477,-0.71201,10
143,39,0.041016,1.3135,-0.10059,-0.356,13
143,39,0,1.335,-0.18164,-0.356,24
143,39,0,1.333,-0.3418,-0.356,30
143,39,0.39551,1.3477,0.071289,-0.356,32
143,39,0.44824,1.3633,-0.032227,-0.356,33
143,39,0.50293,1.3691,-0.12695,-0.356,24
143,39,1.4277,0,1.5938,-0.356,10
143,39,1.4512,0,1.7051,-0.356,10
143,39,0.30078,1.332,0.17188,0,5
143,39,-0.13184,1.2861,-0.55176,0,6
143,39,-0.13477,1.1123,-0.89648,0,5
143,39,0.39551,1.3389,0.16797,0.356,20
143,39,-0.089844,1.25,-0.69922,0.356,15
143,39,-0.1377,1.1523,-0.89258,0.356,9
143,39,0.43945,0,1.7578,0.356,5
143,39,0.50293,0,1.7861,0.356,5
143,39,0.39551,1.3486,0.0078125,-0.71201,9
143,39,-0.089844,1.1172,-0.89648,-0.71201,8
143,39,-0.043945,1.2813,-0.57617,-0.356,28
143,39,-0.089844,1.1318,-0.87793,-0.356,24
143,39,-0.091797,0.78027,-1.2354,-0.356,17
143,39,0.54883,0.64941,1.5381,-0.356,7
143,39,0.50293,0.71777,1.5566,-0.356,7
164,8,0.11816,1.251,0.083984,0.356,6
164,8,0.16113,1.248,0.2793,0.356,9
164,8,0.16504,1.2148,0.48438,0.356,10
164,8,0.21094,1.2568,0.43652,0.356,9
164,8,0.19727,1.2432,-0.049805,-0.356,7
164,8,0.20117,1.2549,0.21289,-0.356,9
164,8,0.16504,1.2529,0.37305,-0.356,9
164,8,0.12598,1.2734,0.42188,-0.356,8
166,4,0.082031,1.2813,0.2998,0.356,5
166,4,0.083984,1.2959,0.3584,0.356,6
166,4,0.083984,1.3203,0.25293,-0.356,6
166,4,0.17188,1.3594,0.13086,-0.356,6
167,10,0.19238,1.2109,-0.10449,0.356,6
167,10,0.15723,1.2451,-0.10645,0.356,9
167,10,0.16113,1.2783,0.0058594,0.356,10
167,10,0.12402,1.3115,0.042969,0.356,9
167,10,0.19238,1.2041,-0.16602,-0.356,6
167,10,0.15723,1.2402,-0.15234,-0.356,8
167,10,0.16113,1.2705,-0.14063,-0.356,9
167,10,0.12402,1.3115,-0.022461,-0.356,9
167,10,0.083984,1.3438,0.054688,-0.356,8
167,10,-0.32227,0,-1.2891,-0.356,5
168,32,0.040039,1.1777,0.52148,0,12
168,32,0.041016,1.2158,0.50781,0,21
168,32,0.041992,1.2559,0.48535,0,26
168,32,0.042969,1.3027,0.44141,0,25
168,32,0.043945,1.3496,0.38965,0,19
168,32,0,1.3447,0.5,0,11
168,32,0,1.3955,0.44336,0,6
168,32,0.080078,1.2002,0.46191,0.356,14
168,32,0.12402,1.2568,0.37891,0.356,31
168,32,0.12598,1.2988,0.33594,0.356,46
168,32,0.12891,1.334,0.31445,0.356,51
168,32,0.087891,1.374,0.2832,0.356,42
168,32,0.089844,1.4063,0.27344,0.356,25
168,32,0.091797,1.4199,0.34668,0.356,11
168,32,0.082031,1.2266,0.47461,0.71201,9
168,32,0.083984,1.2939,0.36719,0.71201,13
168,32,0.085938,1.3223,0.37305,0.71201,15
168,32,0.087891,1.3545,0.36621,0.71201,12
168,32,0.044922,1.3623,0.44824,0.71201,7
168,32,0.040039,1.2236,0.40234,-0.71201,7
168,32,0,1.1982,0.54883,-0.71201,10
168,32,0,1.1787,0.65332,-0.71201,12
168,32,0,1.123,0.7959,-0.71201,11
168,32,0,1.0625,0.9209,-0.71201,9
168,32,0.039063,1.1953,0.39355,-0.356,6
168,32,0.12109,1.1758,0.51367,-0.356,15
168,32,0,1.1465,0.65039,-0.356,19
168,32,0,0.72266,1.1367,-0.356,17
168,32,0.25781,1.3389,-0.19238,-0.356,13
168,32,0.26367,1.3809,0.0029297,-0.356,10
168,32,-0.17188,0.58203,1.2354,-0.356,13
168,32,-0.26367,0,1.3896,-0.356,9
169,64,0,1.0947,0.49414,0,7
169,64,0.038086,1.1299,0.48438,0,23
169,64,0.039063,1.1631,0.48145,0,43
169,64,0.080078,1.2041,0.45313,0,57
169,64,0.12402,1.2539,0.38574,0,70
169,64,0.083984,1.3066,0.31934,0,81
169,64,0.085938,1.3496,0.25488,0,85
169,64,0.087891,1.3867,0.21191,0,72
169,64,0.089844,1.4258,0.1416,0,41
169,64,0,1.4648,0,0,12
169,64,0.13965,1.4043,0.49023,0,6
169,64,0.1875,1.1826,0.09668,0.356,12
169,64,0.23047,1.2031,0.11523,0.356,36
169,64,0.19727,1.2295,0.19238,0.356,70
169,64,0.20117,1.248,0.25195,0.356,106
169,64,0.16504,1.2754,0.28906,0.356,144
169,64,0.12598,1.3066,0.30371,0.356,176
169,64,0.12891,1.3398,0.28906,0.356,192
169,64,0.087891,1.375,0.28125,0.356,161
169,64,0.089844,1.4111,0.24512,0.356,91
169,64,0,1.457,0.14551,0.356,27
169,64,0.18652,1.3789,0.54297,0.356,12
169,64,0.19043,1.4404,0.45703,0.356,14
169,64,0.27051,2.1055,0.43848,0.356,25
169,64,0.27441,2.1201,0.50293,0.356,28
169,64,0.27832,2.1533,0.49219,0.356,21
169,64,0.19238,1.2031,0.17285,0.71201,10
169,64,0.19727,1.2275,0.20117,0.71201,20
169,64,0.20117,1.2441,0.26758,0.71201,32
169,64,0.16504,1.2676,0.32031,0.71201,46
169,64,0.12598,1.2998,0.33105,0.71201,61
169,64,0.12891,1.335,0.30859,0.71201,70
169,64,0.087891,1.3721,0.29395,0.71201,60
169,64,0.044922,1.4102,0.26465,0.71201,34
169,64,0,1.4609,0.10156,0.71201,9
169,64,0.2334,1.373,0.54004,0.71201,11
169,64,0.19043,1.4189,0.51855,0.71201,12
169,64,0.20313,2.0889,0.54297,0.71201,8
169,64,0.27441,2.1504,0.35742,0.71201,10
169,64,0.16504,1.251,0.38184,1.068,7
169,64,0.12598,1.2998,0.33105,1.068,8
169,64,0.039063,1.083,0.64258,-2.136,13
169,64,0,1.1113,0.65234,-2.136,17
169,64,0,1.1289,0.68066,-2.136,16
169,64,0.041992,1.1885,0.63281,-2.136,11
169,64,0,1.2861,0.074219,-1.78,3
169,64,0,1.1396,0.37695,-1.424,11
169,64,0.038086,1.1494,0.43652,-1.424,34
169,64,0.039063,1.1748,0.45117,-1.424,60
169,64,0.040039,1.208,0.44824,-1.424,69
169,64,0,1.2402,0.44531,-1.424,54
169,64,0,1.2568,0.48535,-1.424,28
169,64,0,1.3115,0.41797,-1.424,9
169,64,0,1.1123,0.36621,-1.068,5
169,64,0.037109,1.1055,0.46777,-1.068,42
169,64,0,1.1406,0.45996,-1.068,125
169,64,0,1.167,0.47363,-1.068,223
169,64,0,1.1953,0.48145,-1.068,264
169,64,0,1.2217,0.49512,-1.068,210
169,64,0,1.2471,0.50977,-1.068,109
169,64,0,1.2646,0.54297,-1.068,31
169,64,0.037109,1.0967,0.48926,-0.71201,40
169,64,0.038086,1.126,0.49512,-0.71201,119
169,64,0,1.1572,0.49805,-0.71201,213
170,64,0.12402,1.1885,0.55664,0,12
170,64,0.083984,1.2578,0.47461,0,14
170,64,0,1.3369,0.32813,0,16
170,64,-0.21973,1.3535,0.31055,0,19
170,64,-0.22461,0.79785,1.1719,0,22
170,64,-0.22852,0.91406,1.1211,0,18
170,64,0.09375,1.4346,0.40723,0,15
170,64,0.047852,1.4668,0.40723,0,11
170,64,0,1.4531,0.54688,0,6
170,64,0.1875,1.1748,-0.16504,0.356,6
170,64,0.19238,1.2051,-0.15625,0.356,15
170,64,0.23633,1.2305,-0.12793,0.356,23
170,64,0.24121,1.1992,0.40625,0.356,30
170,64,0.24707,1.1719,0.5498,0.356,35
170,64,0.25293,1.1436,0.66602,0.356,31
170,64,-0.34375,0,-1.3623,0.356,25
170,64,-0.35156,0,-1.3828,0.356,32
170,64,0.089844,1.418,0.2002,0.356,39
170,64,0.045898,1.4248,0.33398,0.356,40
170,64,0.046875,1.4521,0.34473,0.356,33
170,64,0.047852,1.4814,0.35156,0.356,23
170,64,0.24121,1.1953,0.41504,0.71201,9
170,64,0.20605,1.2041,0.49512,0.71201,10
170,64,0.21094,1.1475,0.67285,0.71201,10
170,64,0,1.374,0.41504,0.71201,19
170,64,0,1.4092,0.39648,0.71201,26
170,64,0.046875,1.4473,0.36523,0.71201,26
170,64,0.047852,1.4648,0.41406,0.71201,20
170,64,0.048828,1.4736,0.48535,0.71201,10
170,64,0.045898,1.3789,0.48926,1.068,9
170,64,0,1.3975,0.52637,1.068,9
170,64,0,0.9375,0.41504,-3.204,9
170,64,0,0.95313,0.45117,-3.204,10
170,64,0,0.98242,0.45703,-3.204,8
170,64,0.032227,0.87305,0.53613,-2.848,9
170,64,0,0.94824,0.46094,-2.848,9
170,64,0,1.0029,0.40918,-2.848,11
170,64,0,1.0332,0.41309,-2.848,19
170,64,-0.036133,1.0586,0.42676,-2.848,25
170,64,0,1.0645,0.48926,-2.848,20
170,64,0,1.0518,0.5791,-2.848,10
170,64,0,0.99414,0.43066,-2.492,13
170,64,0,1.0166,0.45313,-2.492,24
170,64,0,1.043,0.4668,-2.492,29
170,64,0,1.042,0.53613,-2.492,22
170,64,0,1.0801,0.52539,-2.492,11
170,64,0,0.93262,0.60645,-2.136,7
170,64,0,1.0137,0.52734,-2.136,8
170,64,0,1.0332,0.41309,-1.78,6
170,64,0,1.0479,0.4541,-1.78,6
170,64,0,1.2578,0.48145,-0.71201,10
170,64,0,1.3105,0.4209,-0.71201,16
170,64,0,1.3525,0.38281,-0.71201,19
170,64,0,1.3604,0.45703,-0.71201,16
170,64,-0.18262,1.0576,0.99609,-0.71201,10
170,64,0.19238,1.1807,-0.28613,-0.356,10
170,64,0.27539,1.1807,-0.3418,-0.356,16
170,64,0.32227,1.2256,-0.2334,-0.356,19
170,64,0.28809,1.2441,-0.32715,-0.356,18
170,64,0,1.2842,0.40723,-0.356,18
170,64,0,1.3418,0.30664,-0.356,35
170,64,0,1.3809,0.26563,-0.356,45
170,64,0,1.3955,0.33594,-0.356,40
170,64,0,1.3535,0.55859,-0.356,26
171,64,-0.13281,0.83691,0.056641,0,8
171,64,-0.1377,0.86719,-0.029297,0,11
171,64,-0.1416,0.89648,0.015625,0,10
171,64,-0.14648,0.92578,-0.012695,0,8
171,64,-0.15137,0.9541,0.039063,0,8
171,64,-0.09375,0.99023,0.038086,0,9
171,64,-0.37109,0.45508,1.1807,0,23
171,64,-0.33691,0.49609,1.207,0,31
171,64,-0.34375,0.27441,1.3047,0,32
171,64,0.13184,1.3643,0.31348,0,32
171,64,0.13477,1.3809,0.36816,0,25
171,64,0.091797,1.4072,0.39355,0,13
171,64,-0.17969,0.7998,-0.018555,0.356,5
171,64,-0.10645,0.83984,0.073242,0.356,13
171,64,-0.10938,0.86719,0.089844,0.356,20
171,64,-0.11328,0.89746,0.074219,0.356,25
171,64,-0.11719,0.92578,0.083008,0.356,28
171,64,-0.060547,0.96191,0.076172,0.356,28
171,64,-0.0625,0.99121,0.069336,0.356,25
171,64,-0.095703,1.0195,0.045898,0.356,18
171,64,0.12598,1.3311,-0.16406,0.356,24
171,64,0.34375,1.333,-0.014648,0.356,40
171,64,0.39551,1.3486,-0.044922,0.356,53
171,64,0.40332,1.373,-0.10938,0.356,49
171,64,0.45801,1.3818,-0.16211,0.356,31
171,64,0.41992,1.4063,-0.28027,0.356,10
171,64,-0.12793,0.80859,0.040039,0.71201,12
171,64,-0.13281,0.83691,0.05957,0.71201,23
171,64,-0.1377,0.86621,0.05957,0.71201,30
171,64,-0.11328,0.89941,0.056641,0.71201,29
171,64,-0.11719,0.92773,0.055664,0.71201,22
171,64,-0.09082,0.95898,0.078125,0.71201,16
171,64,0,1.3633,-0.18945,0.71201,14
171,64,-0.043945,1.3604,-0.35059,0.71201,15
171,64,0.40332,1.377,-0.0058594,0.71201,13
171,64,0.36621,1.4141,-0.098633,0.71201,7
171,64,0.067383,2.0811,0.60059,0.71201,13
171,64,0,2.1191,0.5791,0.71201,14
171,64,0,2.1748,0.47461,0.71201,12
171,64,-0.10254,0.80469,0.12109,1.068,8
171,64,-0.13281,0.8291,0.12695,1.068,13
171,64,-0.1377,0.85449,0.15234,1.068,14
171,64,-0.1416,0.88574,0.14258,1.068,10
171,64,0,2.0811,0.60449,1.068,8
171,64,0,2.124,0.56152,1.068,9
171,64,-0.18555,0.82715,-0.056641,1.424,6
171,64,-0.16504,0.86035,-0.070313,1.424,11
171,64,-0.1416,0.89648,-0.026367,1.424,14
171,64,-0.17578,0.91992,-0.043945,1.424,13
171,64,-0.18164,0.94922,-0.021484,1.424,9
171,64,-0.16992,0.89063,-0.053711,1.78,8
171,64,-0.14648,0.92578,-0.021484,1.78,9
171,64,-0.15137,0.95508,0,1.78,7
171,64,-0.32227,0.68848,1.041,-0.71201,24
171,64,-0.3291,0.68066,1.0791,-0.71201,38
171,64,-0.37891,0.58691,1.1523,-0.71201,43
171,64,-0.34375,0.59863,1.1904,-0.71201,38
171,64,0.17578,1.3896,-0.125,-0.71201,33
171,64,0.13477,1.4219,-0.13672,-0.71201,22
171,64,0.1377,1.4189,-0.33398,-0.71201,11
171,64,-0.056641,0.89941,0.1084,-0.356,10
171,64,-0.058594,0.92773,0.11719,-0.356,13
171,64,0,0.96191,0.091797,-0.356,13
171,64,0,0.99316,0.072266,-0.356,9
172,64,0,1.2275,-0.085938,0,13
172,64,0,1.2578,-0.064453,0,44
172,64,0,1.2871,-0.072266,0,89
172,64,0,1.3154,-0.082031,0,120
172,64,0,1.3447,-0.084961,0,113
172,64,0,1.373,-0.091797,0,75
172,64,-0.043945,1.4043,-0.040039,0,37
172,64,0.26953,1.3955,-0.19824,0,23
172,64,0.27441,1.4258,-0.19141,0,19
172,64,0.13965,1.4668,-0.24609,0,11
172,64,0,1.2305,0.014648,0.356,23
172,64,0,1.2588,0.03125,0.356,88
172,64,0,1.2881,0.019531,0.356,182
172,64,0,1.3184,0.0068359,0.356,253
172,64,0,1.3477,-0.00097656,0.356,245
172,64,0,1.376,0.018555,0.356,173
172,64,0,1.4014,0.11621,0.356,98
172,64,0,1.4004,0.31445,0.356,58
172,64,0,1.3613,0.54004,0.356,32
172,64,1.4512,0,1.5371,0.356,14
172,64,0.038086,1.2207,0.14453,0.71201,10
172,64,0,1.2568,0.079102,0.71201,40
172,64,0,1.2881,0.049805,0.71201,86
172,64,0,1.3174,0.036133,0.71201,122
172,64,0,1.3467,0.02832,0.71201,119
172,64,0,1.376,0.023438,0.71201,81
172,64,0,1.4033,0.082031,0.71201,43
172,64,0,1.4229,0.18652,0.71201,23
172,64,0,2.2227,-0.12695,1.068,11
172,64,0,2.252,-0.12793,1.068,12
172,64,0,2.2813,-0.12207,1.068,9
172,64,0,2.2256,-0.021484,1.424,10
172,64,0,2.2539,-0.06543,1.424,11
172,64,0,2.2822,-0.10352,1.424,9
172,64,0,2.3096,-0.14551,1.424,6
172,64,0,1.0674,-0.31445,2.492,8
172,64,-0.071289,1.084,-0.35156,2.492,10
172,64,-0.073242,1.0947,-0.41113,2.492,9
172,64,0,1.1064,-0.28516,2.848,6
172,64,0.089844,1.3984,-0.31152,-1.068,8
172,64,0.045898,1.4326,-0.30078,-1.068,8
172,64,0.046875,1.4531,-0.34375,-1.068,7
172,64,0.080078,1.2578,0.27051,-0.71201,8
172,64,0.12402,1.2813,0.28223,-0.71201,15
172,64,0.083984,1.3447,0.023438,-0.71201,21
172,64,0.12891,1.3701,-0.048828,-0.71201,31
172,64,0.13184,1.3975,-0.075195,-0.71201,44
172,64,0.13477,1.4238,-0.12402,-0.71201,51
172,64,0.1377,1.4482,-0.16699,-0.71201,45
172,64,0.09375,1.4766,-0.20801,-0.71201,29
172,64,0.094727,1.5078,-0.19043,-0.71201,13
172,64,0.27539,1.2139,0.19434,-0.356,9
172,64,0.28223,1.2168,0.31738,-0.356,24
172,64,0.24707,1.2461,0.35254,-0.356,35
172,64,0.041992,1.3174,0.2793,-0.356,39
172,64,0.085938,1.3691,0.11035,-0.356,55
172,64,0.087891,1.3955,0.14746,-0.356,74
172,64,0.13477,1.4199,0.16309,-0.356,80
172,64,0.1377,1.4551,0.097656,-0.356,63
172,64,0.09375,1.4902,-0.040039,-0.356,38
172,64,0.35156,1.2168,-0.61035,0,22
172,64,-0.17969,1.2178,0.7373,0,16
172,64,0.49316,1.2129,-0.58789,0.356,34
172,64,0.50293,1.2725,-0.52148,0.356,22
173,62,0.11816,1.2529,0.049805,0,7
173,62,0.080078,1.2861,-0.029297,0,20
173,62,0.041016,1.3164,-0.052734,0,33
173,62,0.12598,1.3408,0.035156,0,38
173,62,0.17188,1.3633,0.076172,0,30
173,62,0.26367,1.3799,0.061523,0,20
173,62,0.31348,1.3994,-0.040039,0,14
173,62,0.36621,1.4043,-0.19727,0,10
173,62,0.038086,1.2061,0.24023,0.356,10
173,62,0.039063,1.2549,0.10156,0.356,35
173,62,0.040039,1.2871,-0.041016,0.356,78
173,62,0.041016,1.3135,-0.10254,0.356,116
173,62,0,1.3389,-0.14746,0.356,119
173,62,0.085938,1.335,-0.32422,0.356,87
173,62,0.13184,1.1006,-0.86426,0.356,46
173,62,0.53809,1.3018,-0.27539,0.356,31
173,62,0.50293,1.333,-0.33789,0.356,29
173,62,0.51367,1.374,-0.28027,0.356,19
173,62,0,1.251,-0.14551,0.71201,28
173,62,0,1.2773,-0.17383,0.71201,70
173,62,0,1.3037,-0.19336,0.71201,116
173,62,0,1.3311,-0.20996,0.71201,132
173,62,0,1.3545,-0.24512,0.71201,105
173,62,0.043945,1.3643,-0.33496,0.71201,58
173,62,0.044922,1.29,-0.62793,0.71201,20
173,62,0.45801,1.3789,-0.18262,0.71201,9
173,62,0,1.2402,-0.2168,1.068,9
173,62,0,1.2666,-0.23535,1.068,28
173,62,0,1.2939,-0.25,1.068,51
173,62,0,1.3232,-0.25391,1.068,63
173,62,0,1.3506,-0.26563,1.068,55
173,62,0,1.3828,-0.25195,1.068,33
173,62,0,1.4238,-0.18164,1.068,13
173,62,0,1.3115,-0.13184,1.424,12
173,62,0,1.334,-0.19141,1.424,16
173,62,0,1.3545,-0.24609,1.424,15
173,62,0,1.3906,-0.20703,1.424,10
173,62,0.11816,1.2402,0.18652,-0.71201,8
173,62,0.16113,1.2646,0.19043,-0.71201,16
173,62,0.20605,1.29,0.17676,-0.71201,23
173,62,0.21094,1.3086,0.24023,-0.71201,25
173,62,0.21484,1.3281,0.28906,-0.71201,22
173,62,0.17578,1.3398,0.38867,-0.71201,16
173,62,0.089844,1.3467,0.4873,-0.71201,10
173,62,0.077148,1.2051,0.23535,-0.356,11
173,62,0.11816,1.2324,0.22852,-0.356,30
173,62,0.16113,1.2617,0.20898,-0.356,55
173,62,0.20605,1.2871,0.19531,-0.356,78
173,62,0.21094,1.3125,0.2168,-0.356,86
173,62,0.21484,1.3291,0.28516,-0.356,76
173,62,0.17578,1.3271,0.42773,-0.356,55
173,62,0.13477,1.2822,0.62988,-0.356,35
173,62,0.045898,1.1934,0.84668,-0.356,20
173,62,-0.17969,1.0479,0.96484,0,8
173,62,-0.18262,1.1006,0.94824,0,6
173,62,0.61523,1.2617,0.071289,0.356,25
173,62,0.044922,0.85254,1.1533,0.356,27
173,62,-0.045898,1.1602,0.89258,0.356,23
173,62,-0.09375,1.165,0.92969,0.356,13
173,62,0.49316,1.3291,0.2207,0.71201,11
173,62,-0.1377,0.65234,1.3037,0.71201,5
173,62,0.59473,1.207,-0.57715,-0.356,16
174,19,0.041016,1.2676,-0.3584,0,6
174,19,0.083984,1.3096,-0.30664,0,9
174,19,0,1.2969,-0.46094,0,11
174,19,0,1.3154,-0.49512,0,11
174,19,0,1.3008,-0.60547,0,8
174,19,0.16113,1.2783,0,0.356,8
174,19,0.16504,1.2549,0.36621,0.356,16
174,19,0.16797,1.252,0.46875,0.356,23
174,19,0.12891,1.251,0.55957,0.356,24
174,19,0.043945,1.2041,0.72461,0.356,21
174,19,0,1.1572,0.84863,0.356,17
174,19,0.16504,1.3076,0,-0.71201,6
174,19,0.21094,1.3252,0.11719,-0.71201,9
174,19,0.21484,1.3555,0.11133,-0.71201,9
174,19,0.16113,1.2646,-0.19043,-0.356,10
174,19,0.16504,1.3057,0.079102,-0.356,21
174,19,0.21094,1.3242,0.13574,-0.356,32
174,19,0.21484,1.3525,0.13672,-0.356,32
174,19,0.21973,1.3818,0.1416,-0.356,20
175,33,0,1.374,0.086914,0,5
175,33,0,1.3994,-0.13379,0,6
175,33,0.15332,1.2188,-0.067383,0.356,10
175,33,0.19727,1.2432,0.046875,0.356,21
175,33,0.20117,1.2695,0.094727,0.356,29
175,33,0.20605,1.2959,0.12598,0.356,28
175,33,0.21094,1.168,0.63867,0.356,15
175,33,0,1.333,-0.34375,0.356,10
175,33,0.17578,1.3887,-0.13379,0.356,19
175,33,0.22461,1.4131,-0.11133,0.356,22
175,33,0.27441,1.4277,-0.17188,0.356,16
175,33,0.15723,1.2461,0.098633,0.71201,6
175,33,0.16113,1.2754,0.094727,0.71201,8
175,33,0.24707,1.2813,0.18262,0.71201,8
175,33,0.13184,1.3887,-0.17578,0.71201,6
175,33,0.089844,1.4209,-0.17969,0.71201,6
175,33,0.11816,1.2451,-0.15039,-0.71201,5
175,33,0.16113,1.2783,-0.0087891,-0.71201,8
175,33,0.16504,1.3066,0.05957,-0.71201,8
175,33,0.23047,1.2061,-0.067383,-0.356,10
175,33,0.19727,1.2441,-0.016602,-0.356,21
175,33,0.20117,1.2725,0.018555,-0.356,31
175,33,0.20605,1.2969,0.11816,-0.356,31
175,33,0.21094,1.2891,0.33203,-0.356,18
175,33,0.5166,1.2686,-0.14063,-0.356,7
175,33,0.39551,1.3457,-0.095703,-0.356,19
175,33,0.3584,1.3838,-0.12891,-0.356,23
175,33,0.36621,1.4014,-0.21875,-0.356,17
175,33,-0.25293,1.2441,-0.45215,0.356,9
175,33,0.68848,1.1787,-0.17773,0.356,6
175,33,-0.27539,0.34082,-1.1807,-0.71201,3
175,33,-0.25293,0.81738,-1.041,-0.356,11
175,33,-0.25781,1.25,-0.5166,-0.356,4
176,28,0.15332,1.2207,-0.0078125,0.356,11
176,28,0.19727,1.2441,-0.022461,0.356,20
176,28,0.20117,1.2715,-0.0625,0.356,22
176,28,0.12402,1.3115,-0.026367,0.356,15
176,28,0.041992,1.3467,0.021484,0.356,15
176,28,0.042969,1.375,-0.061523,0.356,17
176,28,0,1.3887,-0.2207,0.356,15
176,28,1.4277,0,-1.751,0.356,8
176,28,1.4512,0,1.7383,0.356,9
176,28,1.4189,0,-1.793,0.356,7
176,28,0.20117,1.2715,-0.051758,0.71201,6
176,28,0.16113,1.2588,-0.22168,-0.71201,6
176,28,0.19238,1.2109,-0.10254,-0.356,12
176,28,0.19727,1.2393,-0.10352,-0.356,21
176,28,0.20117,1.2676,-0.12012,-0.356,23
176,28,0.12402,1.3076,-0.1084,-0.356,16
176,28,0.041992,1.3447,-0.079102,-0.356,18
176,28,0.042969,1.3555,-0.23633,-0.356,21
176,28,1.4824,0,1.4678,-0.356,10
176,28,1.5078,0,1.4766,-0.356,12
176,28,1.4756,0,1.4609,-0.356,9
176,28,0.35156,1.3213,0.32617,0.356,11
176,28,0.49414,0.36035,-1.6475,0.356,5
176,28,0.50293,0,1.7471,0.356,5
176,28,0.4541,0.29199,1.7344,0.356,4
176,28,0.49414,0.73047,1.5205,-0.356,6
176,28,0.50293,1.0293,1.3711,-0.356,7
176,28,0.51074,0.92773,1.4756,-0.356,6
196,13,0.15332,1.2207,-0.023438,0.356,9
196,13,0.19727,1.2441,0.021484,0.356,16
196,13,0.24121,1.2637,0.068359,0.356,20
196,13,0.20605,1.2998,0.073242,0.356,16
196,13,0.087891,1.374,0.28516,0.356,9
196,13,0.089844,1.3877,0.35352,0.356,8
196,13,0.15332,1.2119,-0.14648,-0.356,8
196,13,0.19727,1.2432,-0.039063,-0.356,14
196,13,0.20117,1.2725,-0.02832,-0.356,17
196,13,0.24707,1.2939,0.046875,-0.356,14
196,13,0.087891,1.3916,0.17578,-0.356,7
196,13,0.13477,1.4033,0.26953,-0.356,7
196,13,-0.24121,0.37598,1.209,-0.356,9
197,10,0.15332,1.2178,-0.077148,0.356,6
197,10,0.19727,1.2441,-0.026367,0.356,10
197,10,0.20117,1.2725,0.017578,0.356,12
197,10,0.16504,1.3027,0.11719,0.356,10
197,10,0.12598,1.3213,0.22852,0.356,8
197,10,0.19238,1.2129,-0.072266,-0.356,6
197,10,0.23633,1.2344,-0.085938,-0.356,10
197,10,0.20117,1.2725,-0.0048828,-0.356,11
197,10,0.20605,1.3018,0.035156,-0.356,10
197,10,0.12598,1.3252,0.20703,-0.356,7
198,3,0.15723,1.2432,-0.12891,0.356,5
198,3,0.28223,1.2559,0.060547,0.356,6
198,3,-0.27539,0.42676,1.1523,0.356,3
199,7,0.20117,1.1631,0.5166,0.356,8
199,7,0.12402,1.2246,0.47266,0.356,11
199,7,0.16797,1.2578,0.45117,0.356,14
199,7,0.17188,1.2725,0.49707,0.356,11
199,7,0.20605,1.2412,0.39355,-0.356,11
199,7,0.21094,1.2871,0.33887,-0.356,12
199,7,0.17188,1.3193,0.35352,-0.356,10
200,5,0.23633,1.2354,-0.073242,0.356,7
200,5,0.28223,1.2539,-0.09375,0.356,7
200,5,0.23633,1.2334,-0.10059,-0.356,7
200,5,0.28223,1.2549,-0.080078,-0.356,7
200,5,-0.24121,0.5752,1.1279,0.356,4
201,26,0.039063,1.1514,0.50977,0,13
201,26,0.040039,1.1758,0.52637,0,27
201,26,0.041016,1.1943,0.55469,0,35
201,26,0.083984,1.2285,0.54688,0,31
201,26,0,1.29,0.48145,0,18
201,26,0,1.3682,0.3252,0,5
201,26,0.040039,0.93945,0.88086,0.356,17
201,26,0,1.1348,0.66992,0.356,28
201,26,0,1.1826,0.64648,0.356,31
201,26,0,1.1807,0.70801,0.356,24
201,26,0,1.1621,0.79102,0.356,15
201,26,0,1.1514,0.64063,0.71201,7
201,26,0.041992,1.1719,0.66406,0.71201,9
201,26,0.039063,1.1553,0.5,-0.71201,11
201,26,0.040039,1.1914,0.48926,-0.71201,24
201,26,0.041016,1.2295,0.47266,-0.71201,32
201,26,0.083984,1.2607,0.4668,-0.71201,30
201,26,0.042969,1.2959,0.46387,-0.71201,17
201,26,0.039063,1.0898,0.63086,-0.356,28
201,26,0.040039,1.1631,0.55371,-0.356,64
201,26,0.041016,1.208,0.52539,-0.356,89
201,26,0.083984,1.2412,0.51758,-0.356,84
201,26,0.042969,1.2725,0.52441,-0.356,53
201,26,0.043945,1.2783,0.58301,-0.356,19
201,26,0.35156,1.3486,0.18262,0.356,8
201,26,-0.39355,0.94238,-0.7373,-0.71201,6
202,64,0,1.083,0.51855,0,10
202,64,0,1.1064,0.53809,0,27
202,64,0,1.1289,0.55957,0,44
202,64,0,1.1445,0.5918,0,48
202,64,-0.041016,1.1113,0.70703,0,31
202,64,0.16797,1.3193,0.21582,0,21
202,64,0.21484,1.3525,0.1416,0,27
202,64,0.26367,1.375,0.12793,0,17
202,64,0,1.2539,0.69727,0,11
202,64,0.045898,1.3955,0.44238,0,17
202,64,0.09375,1.4443,0.36719,0,14
202,64,0,2.1934,0.11523,0,12
202,64,0.075195,1.1768,0.22559,0.356,7
202,64,0.15332,1.2109,0.15234,0.356,21
202,64,0.15723,1.2412,0.14258,0.356,36
202,64,0.20117,1.2695,0.097656,0.356,37
202,64,0.20605,1.2354,0.41211,0.356,40
202,64,0.21094,1.2891,0.33008,0.356,76
202,64,0.21484,1.332,0.27148,0.356,88
202,64,0.26367,1.3613,0.22949,0.356,59
202,64,0,1.4355,0,0.356,26
202,64,0.091797,1.373,0.50098,0.356,40
202,64,0.13965,1.4229,0.43164,0.356,35
202,64,0.14258,1.457,0.4209,0.356,17
202,64,0.27441,1.8828,1.0986,0.356,15
202,64,0.15723,1.249,-0.043945,0.71201,9
202,64,0.20117,1.2705,-0.070313,0.71201,10
202,64,0.12402,1.2422,0.42285,0.71201,14
202,64,0.16797,1.2881,0.35645,0.71201,26
202,64,0.21484,1.3262,0.30176,0.71201,29
202,64,0.21973,1.373,0.20801,0.71201,17
202,64,0.091797,1.3652,0.52246,0.71201,20
202,64,0.13965,1.4131,0.46484,0.71201,18
202,64,0.094727,1.4473,0.46484,0.71201,10
202,64,0,1.0684,0.7207,-1.78,7
202,64,0,1.1094,0.71094,-1.78,7
202,64,0,1.1113,0.45508,-1.424,11
202,64,0,1.1436,0.45313,-1.424,31
202,64,0,1.1709,0.46484,-1.424,53
202,64,0,1.1895,0.49707,-1.424,61
202,64,0.041016,1.2227,0.48926,-1.424,47
202,64,0,1.2402,0.52637,-1.424,24
202,64,0,1.2783,0.51074,-1.424,7
202,64,0,1.0752,0.46582,-1.068,8
202,64,0,1.1152,0.44629,-1.068,56
202,64,0,1.1416,0.45703,-1.068,155
202,64,0,1.1689,0.46973,-1.068,260
202,64,0,1.1963,0.47949,-1.068,290
202,64,0,1.2236,0.49023,-1.068,218
202,64,0,1.251,0.5,-1.068,108
202,64,0,1.2939,0.46875,-1.068,30
202,64,0,1.0811,0.4502,-0.71201,10
202,64,0,1.1006,0.48047,-0.71201,70
202,64,0,1.127,0.49219,-0.71201,192
202,64,0,1.1563,0.5,-0.71201,320
202,64,0,1.1816,0.51367,-0.71201,359
202,64,0,1.2061,0.53223,-0.71201,268
202,64,0,1.2188,0.57422,-0.71201,126
202,64,-0.042969,1.1816,0.70605,-0.71201,31
202,64,0.30762,1.3721,0,-0.71201,7
202,64,0.073242,2.1631,0.89746,-0.71201,10
202,64,0.037109,1.1133,0.4502,-0.356,20
202,64,0.038086,1.1406,0.45801,-0.356,55
202,64,0.039063,1.1709,0.46191,-0.356,92
203,64,0.20117,1.2441,0.27051,0,11
203,64,0.28809,1.2744,0.17578,0,20
203,64,0.29492,1.3086,0.12793,0,26
203,64,-0.17188,0.96289,-0.96875,0,34
203,64,-0.21973,1.0518,-0.90625,0,40
203,64,-0.31348,0.94336,-1.0352,0,36
203,64,-0.36621,0.89941,-1.0957,0,25
203,64,0.13965,1.4414,0.36523,0,16
203,64,0.094727,1.4717,0.37891,0,11
203,64,0.19727,1.2119,0.28027,0.356,20
203,64,0.20117,1.2402,0.28809,0.356,48
203,64,0.20605,1.2705,0.28418,0.356,78
203,64,0.25293,1.29,0.29395,0.356,92
203,64,0.25781,1.3174,0.30371,0.356,81
203,64,-0.26367,0.9541,-0.99805,0.356,62
203,64,-0.31348,0.86816,-1.0986,0.356,59
203,64,-0.32031,0.80762,-1.1787,0.356,45
203,64,0.18652,1.4502,0.30469,0.356,31
203,64,0.14258,1.4844,0.30762,0.356,20
203,64,0.20117,1.2334,0.31348,0.71201,14
203,64,0.20605,1.2617,0.31934,0.71201,23
203,64,0.25293,1.2705,0.36914,0.71201,28
203,64,0.30078,1.2842,0.39453,0.71201,28
203,64,-0.21973,1.0068,-0.95703,0.71201,28
203,64,-0.31348,0.82422,-1.1318,0.71201,28
203,64,-0.27441,0.10938,-1.4346,0.71201,24
203,64,0.09375,1.4512,0.33984,0.71201,18
203,64,0.047852,1.4717,0.38965,0.71201,13
203,64,0,1.4297,0.43164,1.068,9
203,64,-0.067383,1.002,0.40625,-3.204,8
203,64,-0.035156,1.0264,0.42871,-3.204,9
203,64,0,0.96289,0.42969,-2.848,11
203,64,-0.067383,0.98926,0.43848,-2.848,20
203,64,0,1.0273,0.42773,-2.848,22
203,64,0,1.0498,0.4502,-2.848,18
203,64,0,1.0713,0.47461,-2.848,9
203,64,-0.06543,0.95508,0.44043,-2.492,11
203,64,-0.067383,0.99805,0.41699,-2.492,18
203,64,-0.035156,1.0117,0.46191,-2.492,20
203,64,-0.036133,1.0225,0.50684,-2.492,16
203,64,-0.036133,1.0596,0.49902,-2.492,9
203,64,0,0.93848,0.54199,-1.78,7
203,64,-0.035156,1.0205,0.44336,-1.78,11
203,64,-0.036133,1.0684,0.40332,-1.78,12
203,64,0,1.0938,0.41895,-1.78,8
203,64,-0.069336,1.0254,0.42676,-1.424,10
203,64,-0.071289,1.04,0.46582,-1.424,12
203,64,0,1.0625,0.49414,-1.424,9
203,64,0,1.332,0.6084,-1.424,5
203,64,0,1.8564,0.93652,-1.424,9
203,64,0,1.7207,1.2188,-1.424,10
203,64,-0.21973,0.74609,1.1709,-1.068,11
203,64,-0.26953,0.76465,1.1846,-1.068,12
203,64,-0.36621,0.46289,1.3398,-1.068,9
203,64,0,1.3359,0.66797,-1.068,6
203,64,0.16113,1.2744,0.10742,-0.71201,8
203,64,0.082031,1.2949,0.23438,-0.71201,13
203,64,0.041992,1.3076,0.32129,-0.71201,18
203,64,-0.085938,1.2412,0.58887,-0.71201,22
203,64,-0.21973,0.9707,0.99316,-0.71201,25
203,64,-0.26953,0.64063,1.2559,-0.71201,22
203,64,-0.32031,0,1.4355,-0.71201,14
203,64,0.19727,1.2354,0.14648,-0.356,13
203,64,0.20117,1.2568,0.20117,-0.356,30
204,64,-0.10938,0.86914,0.061523,0,6
204,64,-0.16992,0.8916,0.020508,0,5
204,64,0.080078,1.2852,-0.048828,0,18
204,64,0.082031,1.3145,-0.052734,0,30
204,64,0.083984,1.3438,-0.038086,0,36
204,64,0.085938,1.373,-0.044922,0,33
204,64,0.043945,1.4033,-0.073242,0,22
204,64,0.044922,1.373,-0.41602,0,11
204,64,-0.16504,0.86328,0.0029297,0.356,6
204,64,-0.1416,0.89453,-0.056641,0.356,6
204,64,-0.17578,0.91992,0.038086,0.356,5
204,64,-0.15137,0.95117,0.085938,0.356,7
204,64,-0.15527,0.98242,0.044922,0.356,7
204,64,0.082031,1.3105,-0.11328,0.356,19
204,64,0.041992,1.3447,0.073242,0.356,29
204,64,0,1.3682,0.15039,0.356,30
204,64,-0.043945,1.3828,0.25195,0.356,19
204,64,-0.10645,0.83691,0.095703,0.71201,9
204,64,-0.1377,0.86426,0.075195,0.71201,14
204,64,-0.11328,0.89551,0.099609,0.71201,16
204,64,-0.14648,0.92188,0.080078,0.71201,13
204,64,-0.15137,0.95313,0.044922,0.71201,10
204,64,0,1.3662,0.17188,0.71201,14
204,64,0,2.082,0.70117,0.71201,8
204,64,-0.15918,0.8291,-0.094727,1.068,7
204,64,-0.16504,0.85645,-0.10938,1.068,11
204,64,-0.1416,0.89258,-0.086914,1.068,12
204,64,-0.17578,0.91699,-0.083008,1.068,9
204,64,-0.17969,0.7998,0.0039063,1.424,7
204,64,-0.15918,0.83398,0.019531,1.424,19
204,64,-0.1377,0.86816,0.0029297,1.424,32
204,64,-0.1416,0.89648,-0.0039063,1.424,38
204,64,-0.14648,0.92578,-0.026367,1.424,33
204,64,-0.15137,0.95508,-0.0058594,1.424,20
204,64,-0.18652,0.97754,-0.022461,1.424,8
204,64,-0.15918,0.83301,0.052734,1.78,10
204,64,-0.16504,0.8623,-0.026367,1.78,19
204,64,-0.1416,0.89648,0.0029297,1.78,26
204,64,-0.14648,0.92578,-0.017578,1.78,24
204,64,-0.15137,0.95508,-0.0068359,1.78,17
204,64,-0.15527,0.98145,-0.0625,1.78,8
204,64,-0.14648,0.92383,-0.058594,2.136,7
204,64,-0.3623,0.63086,1.0635,-0.71201,15
204,64,-0.3291,0.73926,1.04,-0.71201,27
204,64,-0.37891,0.65918,1.1123,-0.71201,33
204,64,0.085938,1.373,-0.032227,-0.71201,29
204,64,0.043945,1.4053,-0.0019531,-0.71201,17
204,64,0.15723,1.2344,-0.19531,-0.356,20
204,64,0.16113,1.2656,-0.18359,-0.356,40
204,64,0.12402,1.3057,-0.12793,-0.356,69
204,64,0.083984,1.3438,-0.053711,-0.356,89
204,64,0.085938,1.373,-0.050781,-0.356,81
204,64,0.043945,1.4053,-0.021484,-0.356,50
204,64,0,1.4355,0.013672,-0.356,17
204,64,-0.48242,0.21777,-0.7373,0,3
204,64,-0.3623,0.52734,1.1191,0,17
204,64,-0.37109,0.55078,1.1387,0,29
204,64,-0.37891,0.54102,1.1738,0,35
204,64,-0.38672,0.62109,1.166,0,30
204,64,-0.39551,0.68555,1.1621,0,19
204,64,-0.40332,0.95117,0.99609,0,10
204,64,-0.37109,0.5918,1.1182,0.356,16
204,64,-0.4209,0.15723,1.2705,0.356,21
204,64,-0.47363,0,1.3281,0.356,20
205,64,0,1.2295,0.032227,0,8
205,64,0,1.2598,0.017578,0,31
205,64,0,1.2891,0.013672,0,71
205,64,0,1.3174,0.021484,0,109
205,64,0,1.3467,0.023438,0,114
205,64,0,1.377,0.0068359,0,82
205,64,0.043945,1.4033,-0.078125,0,38
205,64,0.089844,1.3936,-0.33008,0,7
205,64,0.45801,1.3682,-0.24902,0,10
205,64,0,1.0283,1.084,0,9
205,64,0,1.2295,0.024414,0.356,15
205,64,0,1.2598,0.010742,0.356,61
205,64,0,1.2891,-0.0039063,0.356,131
205,64,0,1.3174,-0.023438,0.356,184
205,64,0,1.3467,-0.042969,0.356,178
205,64,0.042969,1.375,-0.050781,0.356,124
205,64,0.17578,1.3945,0.026367,0.356,76
205,64,0.31348,1.4004,0.018555,0.356,64
205,64,0.41211,1.4033,-0.083008,0.356,51
205,64,0.4668,1.4082,-0.17383,0.356,33
205,64,0,1.2295,0.042969,0.71201,6
205,64,0,1.2568,0.073242,0.71201,28
205,64,0,1.2881,0.046875,0.71201,61
205,64,0,1.3174,0.035156,0.71201,87
205,64,0,1.3467,0.022461,0.71201,86
205,64,0.042969,1.376,-0.00097656,0.71201,60
205,64,0.043945,1.4033,-0.067383,0.71201,32
205,64,0.31348,1.3955,0.11719,0.71201,21
205,64,0.41211,1.4053,0.027344,0.71201,17
205,64,0,2.2129,0.24316,0.71201,14
205,64,0,2.2451,0.21777,0.71201,17
205,64,0.071289,2.2793,0.13672,0.71201,14
205,64,0.068359,2.1953,0.042969,1.068,12
205,64,0,2.2227,0.12598,1.068,19
205,64,0,2.252,0.12109,1.068,22
205,64,0,2.2832,0.066406,1.068,17
205,64,0,2.3125,0.077148,1.068,9
205,64,0,2.1963,0,1.424,7
205,64,0,2.2227,0.12012,1.424,12
205,64,0,2.252,0.11621,1.424,14
205,64,0,2.2744,0.21191,1.424,11
205,64,0.070313,2.2422,0.23047,1.78,7
205,64,0.071289,2.2793,0.14258,1.78,6
205,64,-0.13867,1.0371,-0.37891,2.492,10
205,64,-0.071289,1.0791,-0.36719,2.492,13
205,64,-0.10938,1.0986,-0.39258,2.492,12
205,64,-0.10449,1.0313,-0.40625,2.848,10
205,64,-0.14258,1.0391,-0.45117,2.848,11
205,64,-0.10938,1.085,-0.42773,2.848,10
205,64,0.13184,1.3809,-0.22656,-1.068,8
205,64,0.13477,1.4111,-0.22559,-1.068,16
205,64,0.1377,1.4443,-0.20215,-1.068,19
205,64,0.13965,1.4668,-0.24609,-1.068,16
205,64,0.14258,1.5088,-0.1543,-1.068,10
205,64,0.24121,1.2607,0.11719,-0.71201,8
205,64,0.3291,1.2559,0.22656,-0.71201,12
205,64,-0.083984,0.90625,-0.99316,-0.71201,20
205,64,-0.085938,1.3652,-0.1582,-0.71201,22
205,64,0.35156,1.3242,-0.31738,-0.71201,18
205,64,0.17969,1.3975,-0.27148,-0.71201,26
205,64,0.1377,1.4404,-0.22266,-0.71201,36
205,64,0.13965,1.4717,-0.21094,-0.71201,33
205,64,0.14258,1.5059,-0.17773,-0.71201,20
205,64,0.15332,1.2207,-0.023438,-0.356,8
206,64,0.039063,1.2549,-0.097656,0,10
206,64,0.040039,1.2852,-0.079102,0,32
206,64,0.041016,1.3154,-0.06543,0,63
206,64,0.041992,1.3447,-0.073242,0,85
206,64,0,1.373,-0.095703,0,76
206,64,0,1.4023,-0.099609,0,48
206,64,0.044922,1.4346,-0.022461,0,18
206,64,0.26953,1.1826,-0.20313,0.356,5
206,64,-0.039063,1.1797,-0.4375,0.356,32
206,64,-0.040039,1.2676,-0.22754,0.356,101
206,64,0,1.3008,-0.21094,0.356,196
206,64,0,1.334,-0.19141,0.356,261
206,64,0,1.3643,-0.18066,0.356,243
206,64,0,1.3965,-0.16113,0.356,164
206,64,0,1.4316,-0.097656,0.356,74
206,64,0,1.4561,0.1582,0.356,25
206,64,0.4668,1.3428,-0.45996,0.356,13
206,64,0,1.2285,-0.27734,0.71201,27
206,64,-0.040039,1.2656,-0.24219,0.71201,89
206,64,0,1.2998,-0.21777,0.71201,173
206,64,0,1.3311,-0.20703,0.71201,227
206,64,0,1.3623,-0.19824,0.71201,206
206,64,0,1.3936,-0.18848,0.71201,135
206,64,0,1.4238,-0.17773,0.71201,58
206,64,0,1.4639,-0.047852,0.71201,16
206,64,0.33301,2.5879,-0.5459,0.71201,7
206,64,0.33691,2.5869,-0.67383,0.71201,10
206,64,0.34082,2.6357,-0.59668,0.71201,11
206,64,-0.039063,1.2354,-0.24414,1.068,8
206,64,0,1.2695,-0.22168,1.068,25
206,64,-0.041016,1.2998,-0.21191,1.068,49
206,64,0,1.3311,-0.20898,1.068,64
206,64,0,1.3594,-0.21484,1.068,59
206,64,0,1.3877,-0.22754,1.068,38
206,64,0,1.4082,-0.27832,1.068,16
206,64,0.25293,2.6436,-0.45898,1.068,7
206,64,0.34082,2.666,-0.43945,1.068,8
206,64,0,1.2744,-0.19043,1.424,4
206,64,0,1.2832,-0.30078,1.424,8
206,64,0,1.3076,-0.32324,1.424,11
206,64,0,1.3301,-0.35449,1.424,10
206,64,0,1.3447,-0.41113,1.424,7
206,64,0.27539,1.2285,0.019531,-0.71201,5
206,64,0.24121,1.2598,0.12695,-0.71201,10
206,64,0.28809,1.2813,0.1123,-0.71201,14
206,64,0.37891,1.2568,0.30371,-0.71201,13
206,64,0,1.2852,-0.49414,-0.71201,11
206,64,0,1.375,-0.29102,-0.71201,12
206,64,0.044922,1.4258,-0.15723,-0.71201,12
206,64,0.091797,1.459,-0.081055,-0.71201,10
206,64,0.26953,1.1895,-0.16113,-0.356,6
206,64,0.27539,1.2285,0.039063,-0.356,15
206,64,0.28223,1.249,0.14258,-0.356,33
206,64,0.3291,1.2617,0.19336,-0.356,45
206,64,0.37891,1.2412,0.36328,-0.356,43
206,64,-0.042969,1.2979,-0.45605,-0.356,38
206,64,0,1.3818,-0.26172,-0.356,33
206,64,0.089844,1.4297,-0.086914,-0.356,29
206,64,0,1.4619,0.078125,-0.356,18
206,64,0,1.4785,0.21387,-0.356,11
206,64,-0.15332,0.52051,1.1045,0.356,5
206,64,0.36621,1.3604,-0.40137,0.356,15
206,64,-0.046875,1.335,0.66895,0.356,12
206,64,1.166,1.5439,1.833,0.71201,6
207,43,0,1.2852,-0.29102,0,8
207,43,0.041992,1.335,-0.17969,0,21
207,43,0,1.3633,-0.18945,0,32
207,43,0,1.3926,-0.19434,0,32
207,43,0,1.4141,-0.24609,0,22
207,43,0,1.4219,-0.35156,0,10
207,43,0.19238,1.21,-0.11035,0.356,9
207,43,0.27539,1.1885,-0.31445,0.356,12
207,43,-0.16113,0.90625,0.90234,0.356,7
207,43,-0.041016,0.72656,-1.0986,0.356,15
207,43,-0.041992,1.2422,-0.52051,0.356,38
207,43,-0.042969,1.3418,-0.30371,0.356,63
207,43,0,1.3896,-0.21191,0.356,68
207,43,0,1.4287,-0.13672,0.356,51
207,43,0,1.4639,-0.051758,0.356,26
207,43,0,0.81641,-1.0352,0.71201,6
207,43,0,1.29,-0.3877,0.71201,15
207,43,0,1.3574,-0.22852,0.71201,24
207,43,0,1.3975,-0.15723,0.71201,26
207,43,0,1.4326,-0.087891,0.71201,19
207,43,0,1.4648,0,0.71201,10
207,43,0.16504,1.2285,0.44824,-0.71201,5
207,43,0.25293,1.2617,0.40039,-0.71201,9
207,43,0.30078,1.2559,0.47559,-0.71201,8
207,43,0.23047,1.1914,-0.20313,-0.356,11
207,43,0.19727,1.1582,-0.45313,-0.356,12
207,43,0.24121,0.55273,-1.1387,-0.356,3
207,43,0.20605,1.2148,0.4668,-0.356,17
207,43,0.25293,1.2549,0.4209,-0.356,29
207,43,0.30078,1.2627,0.45801,-0.356,26
207,43,-0.13184,1.2813,-0.56348,-0.356,17
207,43,-0.044922,1.4053,-0.28711,-0.356,15
207,43,-0.26953,0.41699,1.125,0.356,5
207,43,-0.19727,0.71094,1.0205,0.356,8
207,43,0.28223,1.0986,-0.61133,0.356,6
207,43,-0.25293,0.88965,-0.98047,-0.71201,5
207,43,-0.21484,1.0527,-0.86035,-0.71201,5
207,43,-0.23633,0.89551,0.85352,-0.356,7
207,43,-0.24121,1.1445,0.54102,-0.356,3
207,43,-0.21094,1.0078,-0.86914,-0.356,15
207,43,-0.17188,1.127,-0.77148,-0.356,19
207,43,0.35156,1.1992,0.64453,-0.356,15
207,43,0.40332,1.3291,-0.35938,-0.356,9
208,20,0,1.3145,0.10254,0,5
208,20,0,1.3477,0,0,7
208,20,0,1.373,0.10059,0,8
208,20,0,1.3945,0.17676,0,7
208,20,0,1.2891,0,0.356,7
208,20,0.041016,1.3125,0.10938,0.356,19
208,20,0.041992,1.3438,0.088867,0.356,32
208,20,0.042969,1.376,0.0039063,0.356,35
208,20,0.087891,1.3994,-0.095703,0.356,29
208,20,0.17969,1.4033,-0.24219,0.356,18
208,20,0.22852,1.3994,-0.36621,0.356,11
208,20,0,1.3115,0.13477,0.71201,5
208,20,0,1.3428,0.11426,0.71201,9
208,20,0,1.375,0.072266,0.71201,10
208,20,0,1.4043,-0.071289,0.71201,8
208,20,0.082031,1.3057,0.15918,-0.356,14
208,20,0.083984,1.3438,0.056641,-0.356,22
208,20,0.085938,1.3721,-0.068359,-0.356,24
208,20,0.13184,1.377,-0.25,-0.356,19
208,20,0.26953,1.3477,-0.41309,-0.356,16
209,20,0.44824,1.3516,-0.17969,0,5
209,20,0.41211,1.3975,-0.15039,0,4
209,20,0.15332,1.2139,-0.12598,0.356,5
209,20,0.19727,1.2432,-0.049805,0.356,10
209,20,0.20117,1.2715,0.049805,0.356,13
209,20,0.24707,1.293,0.072266,0.356,12
209,20,0.25293,1.3213,0.070313,0.356,9
209,20,0.21973,1.377,-0.18066,0.356,10
209,20,0.31348,1.3926,-0.14941,0.356,12
209,20,0.32031,1.4111,-0.22461,0.356,11
209,20,0.15332,1.2168,-0.095703,-0.356,6
209,20,0.23633,1.2344,-0.081055,-0.356,12
209,20,0.24121,1.2637,-0.080078,-0.356,15
209,20,0.20605,1.2998,-0.072266,-0.356,13
209,20,0.29492,1.3145,0,-0.356,10
209,20,0.38672,1.3203,-0.032227,-0.356,10
209,20,0.39551,1.3447,-0.10938,-0.356,15
209,20,0.40332,1.3604,-0.2168,-0.356,19
209,20,0.41211,1.3779,-0.27441,-0.356,18
209,20,0.4668,1.3926,-0.27246,-0.356,12
232,8,0.15332,1.2207,-0.023438,0.356,6
232,8,0.19727,1.2432,-0.049805,0.356,10
232,8,0.24121,1.2627,-0.09082,0.356,11
232,8,0.24707,1.2783,-0.20313,0.356,8
232,8,0.23633,1.2207,-0.20215,-0.356,9
232,8,0.24121,1.2441,-0.23242,-0.356,10
232,8,0.24707,1.2363,-0.38281,-0.356,7
232,8,-0.24707,0.87012,0.95898,-0.356,4
233,8,0.19727,1.2432,-0.041016,0.356,7
233,8,0.20117,1.2725,0.035156,0.356,10
233,8,0.16504,1.3037,0.10254,0.356,9
233,8,0.19727,1.2393,-0.10742,-0.356,7
233,8,0.16113,1.2725,-0.12598,-0.356,9
233,8,0.16504,1.3066,-0.040039,-0.356,10
233,8,0.083984,1.3447,0.014648,-0.356,9
233,8,-0.4209,0.82324,-0.98047,-0.356,5
234,30,0.040039,1.1602,0.55859,0,6
234,30,0.041016,1.1523,0.63867,0,10
234,30,0.083984,1.2168,0.57227,0,12
234,30,0.042969,1.1807,0.70703,0,11
234,30,0.043945,1.2725,0.5957,0,12
234,30,0,1.3525,0.48047,0,11
234,30,0.045898,1.3604,0.54102,0,8
234,30,0.15723,1.2227,-0.25781,0.356,5
234,30,0.24707,1.1885,0.5127,0.356,8
234,30,0.29492,1.248,0.41211,0.356,16
234,30,-0.085938,1.1611,0.73438,0.356,22
234,30,0,1.3232,0.47363,0.356,26
234,30,0,1.3818,0.38672,0.356,24
234,30,0.045898,1.4053,0.40918,0.356,17
234,30,0.041016,1.2725,0.34277,-0.71201,7
234,30,0,1.2559,0.48828,-0.71201,9
234,30,0,1.2813,0.50391,-0.71201,10
234,30,0.043945,1.3086,0.51074,-0.71201,11
234,30,0,1.3008,0.60547,-0.71201,9
234,30,0.19727,1.2402,-0.094727,-0.356,7
234,30,0.080078,1.2803,0.12012,-0.356,11
234,30,0,1.2549,0.40234,-0.356,17
234,30,0,1.2568,0.48438,-0.356,25
234,30,0,1.2871,0.4873,-0.356,28
234,30,0,1.3271,0.46387,-0.356,25
234,30,0,1.3369,0.52246,-0.356,17
234,30,-0.20605,0.83203,-1.002,0.356,6
234,30,-0.12598,0.30664,-1.3057,0.356,15
234,30,0.34375,1.2959,0.3125,0.356,16
234,30,-0.45313,1.0283,-0.68848,-0.356,9
235,64,0.077148,1.127,0.4873,0,11
235,64,0.039063,1.1133,0.58789,0,20
235,64,0.040039,1.1436,0.59277,0,28
235,64,0.082031,1.1934,0.55371,0,29
235,64,0.16797,1.2813,0.38281,0,32
235,64,0.12891,1.3408,0.28223,0,37
235,64,0.13184,1.3799,0.23535,0,36
235,64,0.089844,1.4248,0.14746,0,24
235,64,0.091797,1.458,0.099609,0,10
235,64,0.1875,1.1855,-0.039063,0.356,7
235,64,0.19238,1.2148,-0.018555,0.356,20
235,64,0.23633,1.2363,-0.051758,0.356,36
235,64,0.20117,1.2715,0.064453,0.356,51
235,64,0.20605,1.2295,0.42773,0.356,67
235,64,0.21094,1.2588,0.43066,0.356,90
235,64,0.17188,1.3193,0.35449,0.356,106
235,64,0.13184,1.3701,0.28613,0.356,100
235,64,0.089844,1.415,0.2207,0.356,68
235,64,0.1377,1.4473,0.17383,0.356,30
235,64,0.34277,2.1426,0.34375,0.356,17
235,64,0.27832,2.1777,0.36816,0.356,16
235,64,0.35254,2.1963,0.37207,0.356,12
235,64,0.23633,1.2227,-0.19043,0.71201,11
235,64,0.20117,1.2705,0.080078,0.71201,15
235,64,0.16504,1.2031,0.51172,0.71201,21
235,64,0.16797,1.2666,0.42773,0.71201,29
235,64,0.12891,1.3242,0.35352,0.71201,36
235,64,0.087891,1.3643,0.33008,0.71201,34
235,64,0.089844,1.4072,0.26953,0.71201,25
235,64,0.091797,1.4375,0.26172,0.71201,12
235,64,0,1.1719,0.53516,-2.136,7
235,64,0,1.2031,0.53809,-2.136,8
235,64,0,1.1563,0.49902,-1.78,19
235,64,0,1.1641,0.55371,-1.78,30
235,64,0,1.1934,0.56055,-1.78,32
235,64,0,1.2021,0.60742,-1.78,24
235,64,0,1.2686,0.53516,-1.78,12
235,64,0,1.1133,0.52441,-1.424,8
235,64,0.039063,1.1357,0.54395,-1.424,19
235,64,0.040039,1.1572,0.56641,-1.424,28
235,64,0,1.1611,0.62305,-1.424,28
235,64,0.041992,1.1865,0.63574,-1.424,20
235,64,0,1.123,0.7959,-1.424,9
235,64,0.037109,1.1143,0.44629,-1.068,9
235,64,0.038086,1.1357,0.46973,-1.068,38
235,64,0.039063,1.1641,0.47754,-1.068,85
235,64,0.040039,1.1934,0.4834,-1.068,121
235,64,0,1.2236,0.48926,-1.068,115
235,64,0,1.2529,0.49609,-1.068,74
235,64,0.042969,1.2744,0.51855,-1.068,30
235,64,0,2.1152,1.0088,-1.068,6
235,64,0.14844,2.0791,1.1328,-1.068,7
235,64,0.037109,1.1113,0.4541,-0.71201,11
235,64,0,1.1416,0.45801,-0.71201,45
235,64,0.039063,1.1602,0.48828,-0.71201,101
235,64,0.040039,1.1855,0.50293,-0.71201,147
235,64,0.041016,1.2129,0.51465,-0.71201,142
235,64,0.041992,1.2432,0.5166,-0.71201,93
235,64,0.042969,1.2734,0.52051,-0.71201,40
235,64,0.13184,1.3447,0.3877,-0.71201,12
235,64,0.15332,1.2119,0.14648,-0.356,18
235,64,0.11816,1.2266,0.25879,-0.356,36
235,64,0.12109,1.2393,0.33105,-0.356,51
235,64,0.12402,1.2598,0.36719,-0.356,56
236,64,0.37109,1.2637,0.041016,0,10
236,64,0.33691,1.2344,0.42188,0,11
236,64,0.30078,1.2939,0.3623,0,10
236,64,0.045898,1.3955,0.44336,0,12
236,64,0.046875,1.4443,0.37793,0,16
236,64,0.047852,1.4824,0.34766,0,15
236,64,0.048828,1.5117,0.34863,0,10
236,64,0.19238,1.2148,0.0068359,0.356,8
236,64,0.27539,1.2246,0.10742,0.356,21
236,64,0.28223,1.2383,0.2168,0.356,35
236,64,0.28809,1.2461,0.31934,0.356,49
236,64,0.25293,1.2725,0.36523,0.356,63
236,64,0.21484,1.3115,0.36035,0.356,76
236,64,0.13184,1.3545,0.35156,0.356,71
236,64,0.089844,1.3857,0.36133,0.356,46
236,64,0,1.2139,0.81836,0.356,16
236,64,0.13965,1.4258,0.42188,0.356,19
236,64,0.094727,1.4746,0.36914,0.356,24
236,64,0.28223,1.2412,0.20117,0.71201,10
236,64,0.28809,1.2158,0.41992,0.71201,14
236,64,0.21094,1.2607,0.42676,0.71201,19
236,64,0.21484,1.29,0.42871,0.71201,23
236,64,0.17578,1.3115,0.47461,0.71201,22
236,64,0.089844,1.335,0.52051,0.71201,14
236,64,-0.033203,0.89453,0.55762,-3.204,8
236,64,-0.03418,0.97363,0.47363,-3.204,9
236,64,-0.035156,0.97754,0.53125,-3.204,9
236,64,0,1.0479,0.4541,-3.204,8
236,64,0,1.0752,0.46582,-3.204,6
236,64,-0.064453,0.8125,0.62109,-2.848,8
236,64,0,0.88867,0.56738,-2.848,13
236,64,-0.067383,0.95215,0.5127,-2.848,20
236,64,0,0.98633,0.51563,-2.848,28
236,64,0,1.0195,0.51465,-2.848,33
236,64,-0.036133,1.0518,0.51563,-2.848,29
236,64,0,1.1094,0.45898,-2.848,18
236,64,0,1.1426,0.45605,-2.848,8
236,64,-0.06543,0.87207,0.58984,-2.492,8
236,64,-0.03418,0.9375,0.54199,-2.492,16
236,64,-0.069336,0.95703,0.56445,-2.492,27
236,64,-0.036133,1.0117,0.52832,-2.492,35
236,64,-0.036133,1.0264,0.56348,-2.492,31
236,64,0,1.0615,0.56152,-2.492,20
236,64,0,1.1152,0.51953,-2.492,8
236,64,0,0.99805,0.49121,-2.136,11
236,64,-0.036133,1.0088,0.53418,-2.136,15
236,64,0,1.0605,0.49707,-2.136,13
236,64,-0.067383,1.0234,0.34961,-1.78,7
236,64,-0.069336,1.0234,0.43164,-1.78,13
236,64,-0.071289,1.0605,0.41699,-1.78,16
236,64,0,1.0596,0.5,-1.78,13
236,64,0,1.7109,1.2334,-1.78,8
236,64,0,1.4814,1.542,-1.78,8
236,64,-0.069336,0.99805,0.4873,-1.424,7
236,64,0,1.0137,0.52637,-1.424,8
236,64,0,1.0654,0.48633,-1.424,7
236,64,0.16504,1.2881,0.22656,-0.71201,13
236,64,0.12598,1.3262,0.20215,-0.71201,19
236,64,0.12891,1.3477,0.25,-0.71201,25
236,64,0.087891,1.3857,0.22168,-0.71201,26
236,64,0.089844,1.4082,0.26172,-0.71201,23
236,64,0.045898,1.4238,0.33789,-0.71201,16
236,64,0.23633,1.2246,0.17383,-0.356,14
236,64,0.24121,1.2539,0.17578,-0.356,25
237,64,-0.10254,0.81152,0.056641,0,6
237,64,-0.15918,0.82129,0.14453,0,10
237,64,-0.16504,0.85645,0.10938,0,13
237,64,-0.1416,0.89355,0.077148,0,10
237,64,-0.058594,0.88867,0.29297,0,9
237,64,-0.09082,0.92383,0.26758,0,13
237,64,-0.0625,0.96387,0.24316,0,13
237,64,-0.041016,1.2725,0.33984,0,26
237,64,-0.041992,1.3027,0.34082,0,40
237,64,0,1.3428,0.30273,0,45
237,64,0,1.3623,0.34766,0,34
237,64,0.40332,1.3105,-0.42285,0,21
237,64,0.41211,1.374,-0.29297,0,15
237,64,-0.12793,0.79883,0.13379,0.356,7
237,64,-0.15918,0.82324,0.13574,0.356,13
237,64,-0.1377,0.85449,0.15137,0.356,17
237,64,-0.1416,0.88184,0.16309,0.356,15
237,64,-0.14648,0.91992,0.10254,0.356,10
237,64,-0.15137,0.94629,0.12598,0.356,9
237,64,0.21094,1.3174,0.18945,0.356,38
237,64,0.25781,1.3467,0.12305,0.356,59
237,64,0.35156,1.3594,0.072266,0.356,77
237,64,0.44824,1.3623,0.045898,0.356,78
237,64,0.41211,1.4043,0.041016,0.356,59
237,64,-0.1377,0.86719,0.03125,0.71201,9
237,64,-0.1416,0.89551,0.047852,0.71201,14
237,64,-0.14648,0.92285,0.078125,0.71201,16
237,64,-0.15137,0.95117,0.086914,0.71201,14
237,64,-0.12402,0.97852,0.13574,0.71201,10
237,64,0.21484,1.3486,0.17383,0.71201,18
237,64,0.30762,1.3574,0.19727,0.71201,23
237,64,0.3584,1.3633,0.26758,0.71201,23
237,64,0.41211,1.3477,0.39941,0.71201,19
237,64,0,1.4463,-0.37305,0.71201,12
237,64,-0.16504,0.86035,0.070313,1.068,10
237,64,-0.1416,0.89258,0.09082,1.068,15
237,64,-0.14648,0.92285,0.078125,1.068,16
237,64,-0.15137,0.95215,0.071289,1.068,12
237,64,0.39551,1.2012,-0.61523,1.068,7
237,64,0.44824,1.1699,-0.69922,1.068,9
237,64,0,1.4248,0.33887,1.068,7
237,64,-0.087891,0.91992,0.1543,-1.068,8
237,64,-0.09082,0.95508,0.12109,-1.068,8
237,64,-0.40234,0,1.2266,-1.068,13
237,64,-0.41211,0.32715,1.209,-1.068,29
237,64,-0.4209,0.36328,1.2275,-1.068,42
237,64,-0.43066,0.28613,1.2764,-1.068,41
237,64,-0.43945,0,1.3535,-1.068,29
237,64,-0.49316,0,-1.3809,-1.068,14
237,64,0,0.85645,0.19434,-0.71201,8
237,64,-0.084961,0.88379,0.19043,-0.71201,19
237,64,-0.058594,0.91504,0.19238,-0.71201,30
237,64,-0.060547,0.94727,0.18359,-0.71201,32
237,64,-0.09375,0.97754,0.16406,-0.71201,24
237,64,-0.064453,1.0098,0.16406,-0.71201,13
237,64,0,1.3066,0.17285,-0.71201,53
237,64,0,1.334,0.19141,-0.71201,83
237,64,0,1.3594,0.21777,-0.71201,90
237,64,0,1.3857,0.2373,-0.71201,68
237,64,0,1.4072,0.28027,-0.71201,36
237,64,0.45801,1.2568,-0.5957,-0.71201,14
237,64,0,0.85938,0.18457,-0.356,7
237,64,-0.056641,0.88086,0.21289,-0.356,19
237,64,-0.058594,0.9082,0.22559,-0.356,33
238,64,0,1.2598,0,0,10
238,64,0.040039,1.2881,-0.018555,0,24
238,64,0.041016,1.3174,-0.023438,0,37
238,64,0,1.3467,-0.032227,0,37
238,64,0,1.377,0.0087891,0,22
238,64,0.39551,1.2646,-0.46875,0,24
238,64,0.40332,1.29,-0.48242,0,26
238,64,0.45801,1.2998,-0.49609,0,23
238,64,0,1.2803,0.76953,0,17
238,64,0,1.2822,0.82227,0,9
238,64,0,1.2598,0.014648,0.356,15
238,64,0,1.2891,-0.013672,0.356,40
238,64,0,1.3184,-0.017578,0.356,66
238,64,0.041992,1.3467,0.011719,0.356,78
238,64,0.12891,1.3682,0.072266,0.356,70
238,64,0.30762,1.3721,0.018555,0.356,73
238,64,0.3584,1.3887,-0.046875,0.356,88
238,64,0.41211,1.4014,-0.10254,0.356,80
238,64,0.41992,1.4248,-0.1582,0.356,55
238,64,0.38086,1.46,-0.20898,0.356,27
238,64,0,1.2578,0.064453,0.71201,10
238,64,0,1.2881,0.046875,0.71201,25
238,64,0,1.3174,0.037109,0.71201,40
238,64,0,1.3457,0.054688,0.71201,45
238,64,0.042969,1.373,0.095703,0.71201,36
238,64,0.21973,1.3867,0.063477,0.71201,26
238,64,0.3584,1.3896,-0.013672,0.71201,30
238,64,0.41211,1.4053,-0.024414,0.71201,27
238,64,0.41992,1.4326,-0.050781,0.71201,18
238,64,0,1.0459,-0.28223,2.492,6
238,64,0,1.0771,-0.27832,2.492,7
238,64,-0.10742,1.0605,-0.41113,2.492,6
238,64,-0.16895,0.9873,-0.41406,2.848,7
238,64,-0.10449,1.0361,-0.39355,2.848,8
238,64,-0.10742,1.0518,-0.43359,2.848,6
238,64,0.17578,1.3916,0.087891,-1.068,8
238,64,0.089844,1.4258,-0.13379,-1.068,10
238,64,0.091797,1.4502,-0.18262,-1.068,12
238,64,0.046875,1.4805,-0.19434,-1.068,10
238,64,0,1.3125,0.11523,-0.71201,9
238,64,0,1.3418,-0.12012,-0.71201,13
238,64,0,1.3516,-0.2627,-0.71201,17
238,64,0.087891,1.3916,-0.17578,-0.71201,22
238,64,0.13477,1.4189,-0.16797,-0.71201,30
238,64,0.1377,1.4443,-0.19531,-0.71201,35
238,64,0.13965,1.4766,-0.17871,-0.71201,32
238,64,0.094727,1.5098,-0.17773,-0.71201,21
238,64,0.14551,1.5361,-0.17285,-0.71201,10
238,64,0.15723,1.248,0.066406,-0.356,9
238,64,0.12109,1.2813,0.069336,-0.356,16
238,64,0.041016,1.3164,0.061523,-0.356,20
238,64,-0.083984,1.3154,-0.27832,-0.356,27
238,64,0.30078,1.3086,0.30176,-0.356,40
238,64,0.26367,1.3691,0.17773,-0.356,62
238,64,0.26953,1.4063,0.099609,-0.356,65
238,64,0.27441,1.4385,0.0078125,-0.356,55
238,64,0.2334,1.4727,-0.084961,-0.356,40
238,64,0.23828,1.498,-0.14063,-0.356,24
238,64,0.25781,1.2559,-0.50195,0,16
238,64,-0.089844,1.2539,0.69238,0,20
238,64,-0.045898,1.2617,0.74219,0,23
238,64,0.4668,1.3457,-0.4502,0,16
238,64,0.47559,1.3477,-0.52734,0,8
238,64,-0.47363,0,-1.2959,0.356,36
239,64,0.080078,1.2822,0.10254,0,7
239,64,0,1.2949,0.24707,0,11
239,64,-0.16797,0.68359,1.1484,0,13
239,64,-0.21484,0.23145,-1.3398,0,19
239,64,-0.26367,0.33789,-1.3389,0,22
239,64,0.17969,1.4014,-0.25293,0,21
239,64,0.32031,1.4209,-0.15234,0,17
239,64,0.28027,1.4414,-0.27246,0,11
239,64,0.080078,1.2861,-0.020508,0.356,11
239,64,0.12402,1.3125,0.016602,0.356,28
239,64,0.12598,1.3389,-0.086914,0.356,55
239,64,0.085938,1.3525,-0.24121,0.356,83
239,64,0.043945,1.3438,-0.41016,0.356,97
239,64,0.044922,1.3184,-0.56641,0.356,89
239,64,0,1.2109,-0.82422,0.356,63
239,64,0.4668,1.4121,-0.14258,0.356,34
239,64,1.4756,0,1.4629,0.356,14
239,64,1.4414,0,1.3594,0.356,12
239,64,0,1.2373,-0.23535,0.71201,6
239,64,0,1.2578,-0.27832,0.71201,16
239,64,0,1.2842,-0.29492,0.71201,28
239,64,0.041992,1.3105,-0.30957,0.71201,39
239,64,0.042969,1.335,-0.33301,0.71201,47
239,64,0.043945,1.3516,-0.38477,0.71201,46
239,64,0.044922,1.3574,-0.46484,0.71201,38
239,64,0,1.3018,-0.6709,0.71201,24
239,64,0,1.2217,-0.30469,1.068,11
239,64,0,1.2461,-0.32813,1.068,19
239,64,0,1.2803,-0.31152,1.068,26
239,64,0,1.3154,-0.29297,1.068,26
239,64,-0.042969,1.3389,-0.31543,1.068,19
239,64,0,1.3779,-0.27734,1.068,9
239,64,0,1.207,-0.23535,1.424,7
239,64,0,1.2207,-0.31055,1.424,13
239,64,0,1.25,-0.31348,1.424,16
239,64,0,1.2764,-0.32715,1.424,16
239,64,0,1.3164,-0.28809,1.424,13
239,64,0,1.3301,-0.35352,1.424,8
239,64,0,1.2197,-0.31445,1.78,6
239,64,0,1.248,-0.32227,1.78,7
239,64,0,1.2676,-0.36133,1.78,6
239,64,0.16504,1.3008,0.13477,-0.71201,9
239,64,0.16797,1.335,0.063477,-0.71201,14
239,64,0.12891,1.3701,0.0039063,-0.71201,19
239,64,0.087891,1.4014,-0.06543,-0.71201,24
239,64,0.089844,1.4268,-0.12207,-0.71201,26
239,64,0.045898,1.4375,-0.27441,-0.71201,23
239,64,0.046875,1.4238,-0.44922,-0.71201,16
239,64,0.16113,1.2725,0.12207,-0.356,16
239,64,0.12402,1.3037,0.14648,-0.356,31
239,64,0.12598,1.3359,0.12207,-0.356,47
239,64,0.12891,1.3682,0.081055,-0.356,62
239,64,0.087891,1.4023,0.032227,-0.356,70
239,64,0.044922,1.4307,-0.10645,-0.356,68
239,64,0.045898,1.4209,-0.35059,-0.356,57
239,64,0.046875,1.377,-0.57715,-0.356,38
239,64,0.25781,1.3525,-0.014648,0,12
239,64,0.21973,1.3838,-0.11719,0,21
239,64,-0.26953,0,-1.4141,0,19
239,64,-0.32031,0.36133,1.3828,0,12
239,64,-0.32715,0.70215,1.2773,0,7
239,64,0.49316,1.2959,0.37207,0.356,49
239,64,0.50293,1.374,0.056641,0.356,48
239,64,-0.046875,0.9248,-1.1729,0.356,33
240,35,0,1.2725,-0.20117,0,8
240,35,0,1.3008,-0.21289,0,31
240,35,0.041992,1.333,-0.18848,0,67
240,35,0.042969,1.3613,-0.19922,0,95
240,35,0.043945,1.3906,-0.19922,0,95
240,35,0.044922,1.4209,-0.19922,0,66
240,35,0,1.4512,-0.19531,0,30
240,35,0,1.4775,-0.2207,0,8
240,35,0.15723,1.2432,-0.12891,0.356,10
240,35,0.12109,1.2627,-0.22656,0.356,19
240,35,0,1.292,-0.25781,0.356,63
240,35,0,1.332,-0.20313,0.356,137
240,35,0,1.3652,-0.17285,0.356,199
240,35,0,1.3965,-0.16211,0.356,198
240,35,0,1.4268,-0.1582,0.356,138
240,35,0,1.4561,-0.15918,0.356,63
240,35,0,1.4883,-0.12402,0.356,18
240,35,0,1.3057,-0.17871,0.71201,25
240,35,0,1.3379,-0.15625,0.71201,56
240,35,0,1.3691,-0.14355,0.71201,83
240,35,0,1.3984,-0.14355,0.71201,85
240,35,0,1.4268,-0.15527,0.71201,61
240,35,0,1.4561,-0.16016,0.71201,29
240,35,0,1.2627,-0.54688,-0.71201,7
240,35,0.15723,1.2305,-0.21875,-0.356,8
240,35,0.16113,1.2607,-0.21289,-0.356,10
240,35,0,1.2168,-0.50586,-0.356,10
240,35,-0.041992,1.2461,-0.51074,-0.356,20
240,35,0,1.3379,-0.3252,-0.356,28
240,35,0,1.3916,-0.19727,-0.356,27
240,35,0,1.4219,-0.19238,-0.356,20
240,35,0,1.4639,-0.049805,-0.356,11
240,35,-1.4941,0,-0.11621,0.356,10
240,35,-0.41211,0.53223,1.1328,-0.356,6
240,35,-0.45801,0.77148,1.1572,-0.356,6
241,31,0,1.3047,-0.33691,0,5
241,31,0,1.3506,-0.26758,0,12
241,31,0,1.3828,-0.25293,0,17
241,31,0,1.4102,-0.26563,0,17
241,31,0,1.4375,-0.28027,0,12
241,31,0.13965,1.4756,-0.1875,0,6
241,31,0.11523,1.2148,-0.1543,0.356,4
241,31,0.15723,1.249,-0.023438,0.356,8
241,31,0.20117,1.2725,0.022461,0.356,13
241,31,0.20605,1.291,0.16992,0.356,15
241,31,0,1.3232,0.25195,0.356,19
241,31,0,1.3711,-0.12109,0.356,43
241,31,0,1.4014,-0.11523,0.356,64
241,31,0,1.4316,-0.10645,0.356,65
241,31,0,1.4609,-0.095703,0.356,49
241,31,0,1.4932,-0.038086,0.356,26
241,31,0,1.373,-0.099609,0.71201,13
241,31,0,1.4033,-0.078125,0.71201,20
241,31,0,1.4346,-0.033203,0.71201,20
241,31,0,1.4648,-0.011719,0.71201,15
241,31,0.19727,1.2412,-0.083984,-0.356,8
241,31,0.20117,1.2725,-0.046875,-0.356,12
241,31,0.16504,1.3037,0.098633,-0.356,14
241,31,0.21094,1.3164,0.19629,-0.356,16
241,31,0,1.3721,0.11035,-0.356,23
241,31,0,1.4043,-0.058594,-0.356,35
241,31,0,1.4355,-0.015625,-0.356,38
241,31,0,1.4629,0.055664,-0.356,30
241,31,0.51367,1.3486,-0.38477,0.356,15
241,31,0.49316,1.3037,-0.34277,-0.356,23
241,31,0.45801,1.3516,-0.3291,-0.356,23
267,12,0.080078,1.1563,0.56445,0,5
267,12,0.041016,1.2207,0.49512,0,7
267,12,0.083984,1.2256,0.55273,0,7
267,12,0,1.2881,0.48535,0,5
267,12,0.080078,1.1992,0.46582,0.356,8
267,12,0.082031,1.208,0.52148,0.356,13
267,12,0.12598,1.2529,0.47949,0.356,14
267,12,0.12891,1.2725,0.50977,0.356,9
267,12,0,1.1572,0.56738,-0.356,11
267,12,0.041016,1.1992,0.54492,-0.356,19
267,12,0,1.207,0.59863,-0.356,19
267,12,0,1.2373,0.60254,-0.356,13
268,64,0.038086,1.085,0.5791,0,11
268,64,0.039063,1.127,0.56055,0,29
268,64,0.040039,1.1494,0.58105,0,43
268,64,0,1.1748,0.59766,0,44
268,64,0.041992,1.1445,0.70898,0,31
268,64,0.085938,1.3457,-0.27637,0,17
268,64,0.087891,1.4033,-0.017578,0,15
268,64,0.089844,1.4209,0.17969,0,11
268,64,0.091797,1.3984,0.4248,0,8
268,64,0.18652,1.4346,0.37305,0,7
268,64,0.039063,1.249,0.1582,0.356,8
268,64,0.040039,1.2871,0.040039,0.356,14
268,64,0,1.2676,-0.36035,0.356,15
268,64,0.21094,1.3271,0.099609,0.356,24
268,64,0.17188,1.3564,0.1582,0.356,35
268,64,0.13184,1.3896,0.16602,0.356,34
268,64,0.13477,1.4238,0.12207,0.356,22
268,64,0.091797,1.4082,0.3916,0.356,20
268,64,0.13965,1.418,0.44922,0.356,20
268,64,0.094727,1.4316,0.51074,0.356,12
268,64,0.27051,2.1279,0.30762,0.356,11
268,64,0.27441,2.1436,0.39648,0.356,13
268,64,0.20898,2.1699,0.44824,0.356,11
268,64,0.28223,2.1895,0.46191,0.356,7
268,64,0.083984,1.3428,0.063477,0.71201,8
268,64,0.17188,1.3516,0.19531,0.71201,13
268,64,0.13184,1.3916,0.1543,0.71201,12
268,64,0.089844,1.4287,0.097656,0.71201,8
268,64,0.041016,1.1309,0.67578,-1.78,9
268,64,0.083984,1.0488,0.8418,-1.78,10
268,64,0,1.1787,0.44336,-1.424,6
268,64,0,1.1865,0.50391,-1.424,14
268,64,0,1.1797,0.58691,-1.424,21
268,64,0,1.167,0.67383,-1.424,21
268,64,0,1.1318,0.78418,-1.424,13
268,64,0.038086,1.1484,0.44043,-1.068,6
268,64,0.039063,1.1787,0.44336,-1.068,16
268,64,0.080078,1.1875,0.49512,-1.068,25
268,64,0.041016,1.1943,0.55664,-1.068,28
268,64,0.041992,1.1895,0.63086,-1.068,22
268,64,0.042969,1.1963,0.67969,-1.068,13
268,64,0.077148,1.1064,0.53223,-0.71201,28
268,64,0.079102,1.1465,0.51465,-0.71201,69
268,64,0.040039,1.1846,0.50488,-0.71201,106
268,64,0.041016,1.2129,0.51465,-0.71201,109
268,64,0.041992,1.2451,0.5127,-0.71201,75
268,64,0.085938,1.2744,0.51172,-0.71201,34
268,64,0,1.3242,0.47266,-0.71201,7
268,64,0.075195,1.0156,0.63672,-0.356,6
268,64,0.038086,1.084,0.58105,-0.356,28
268,64,0.039063,1.1201,0.5752,-0.356,71
268,64,0.040039,1.1533,0.57324,-0.356,108
268,64,0.041016,1.1895,0.56641,-0.356,112
268,64,0.041992,1.2285,0.55078,-0.356,78
268,64,0.085938,1.2734,0.5166,-0.356,37
268,64,0.13184,1.3545,0.35156,-0.356,11
268,64,0.31348,1.4004,0.019531,-0.356,7
268,64,0.13965,1.4795,0.14941,-0.356,9
268,64,0.13574,2.1621,0.048828,-0.356,13
268,64,0.1377,2.1914,0.070313,-0.356,17
268,64,0.13867,2.2188,0.11426,-0.356,16
268,64,0.21191,2.2354,0.20996,-0.356,11
268,64,-0.46094,0.99023,-0.56641,0,6
268,64,-0.49414,0.89355,-0.83398,0.356,8
269,64,0.080078,1.1855,0.49805,0,9
269,64,0.20605,1.2441,0.38281,0,23
269,64,0.25293,1.2637,0.39453,0,34
269,64,0.25781,1.2773,0.44238,0,34
269,64,0.30762,1.2773,0.49902,0,31
269,64,0.26953,1.3379,0.44434,0,28
269,64,0.22852,1.4092,0.32715,0,30
269,64,0.18652,1.4473,0.32031,0,24
269,64,0.14258,1.4873,0.2959,0,13
269,64,0.22559,1.1797,0.015625,0.356,7
269,64,0.23047,1.208,-0.027344,0.356,19
269,64,0.23633,1.2354,-0.05957,0.356,29
269,64,0.24121,1.2617,0.097656,0.356,25
269,64,0.16504,1.2061,0.50488,0.356,49
269,64,0.21094,1.2393,0.48633,0.356,86
269,64,0.25781,1.2686,0.46875,0.356,99
269,64,0.30762,1.2871,0.47461,0.356,90
269,64,0.26953,1.335,0.4541,0.356,77
269,64,0.22852,1.3896,0.40332,0.356,72
269,64,0.18652,1.4297,0.38965,0.356,59
269,64,0.14258,1.4639,0.39746,0.356,35
269,64,0.23633,1.2373,0.0048828,0.71201,8
269,64,0.040039,1.0947,0.67969,0.71201,7
269,64,0.16504,1.1875,0.54785,0.71201,19
269,64,0.21094,1.2275,0.5127,0.71201,31
269,64,0.25781,1.252,0.51074,0.71201,35
269,64,0.26367,1.2598,0.56445,0.71201,31
269,64,0.22461,1.3291,0.49316,0.71201,29
269,64,0.1377,1.3984,0.41211,0.71201,32
269,64,0.13965,1.4248,0.4248,0.71201,29
269,64,0.094727,1.4492,0.45801,0.71201,19
269,64,0.14551,1.4697,0.47754,0.71201,11
269,64,0.14258,1.4346,0.49023,1.068,6
269,64,0.19434,1.4785,0.43066,1.068,7
269,64,0,1.0566,0.43262,-2.848,6
269,64,0,1.0508,0.51855,-2.848,14
269,64,0,1.0635,0.55859,-2.848,18
269,64,0,1.0879,0.57422,-2.848,15
269,64,0,1.1143,0.58789,-2.848,8
269,64,0.036133,1.0479,0.4541,-2.492,10
269,64,0,1.0684,0.47949,-2.492,19
269,64,0,1.083,0.51953,-2.492,23
269,64,0,1.1133,0.52246,-2.492,19
269,64,0.039063,1.0957,0.61914,-2.492,11
269,64,0,1.0459,0.45898,-2.136,10
269,64,0,1.084,0.44531,-2.136,16
269,64,0,1.0967,0.49023,-2.136,17
269,64,0,1.1152,0.51953,-2.136,12
269,64,0,1.0313,0.49121,-1.78,9
269,64,0,1.0576,0.50293,-1.78,13
269,64,0,1.0977,0.4873,-1.78,12
269,64,0,1.1396,0.46387,-1.78,7
269,64,0.24121,1.2422,-0.24219,-0.71201,5
269,64,0.12402,1.2842,0.27148,-0.71201,6
269,64,0.083984,1.2939,0.36719,-0.71201,9
269,64,0.085938,1.3203,0.38086,-0.71201,11
269,64,0.23047,1.1924,-0.19824,-0.356,12
269,64,0.23633,1.2246,-0.17676,-0.356,21
269,64,0.28223,1.248,-0.15527,-0.356,23
269,64,0.16504,1.2939,0.18848,-0.356,21
269,64,0.16797,1.2959,0.32715,-0.356,34
269,64,0.25781,1.3135,0.32031,-0.356,41
269,64,0.26367,1.3496,0.29199,-0.356,35
269,64,0.26953,1.376,0.30762,-0.356,25
270,64,-0.13281,0.80957,0.21875,0,6
270,64,-0.1377,0.83789,0.22559,0,10
270,64,-0.11328,0.87207,0.22656,0,11
270,64,-0.14648,0.90527,0.19336,0,8
270,64,0,1.3154,0.078125,0,16
270,64,0,1.3447,0.084961,0,25
270,64,0,1.3711,0.11914,0,38
270,64,0.043945,1.3975,0.14941,0,50
270,64,0,1.4219,0.19727,0,50
270,64,0.045898,1.4492,0.20801,0,39
270,64,0,1.4746,0.24023,0,22
270,64,0.047852,1.5117,0.1748,0,9
270,64,0,0.12305,1.3125,0.356,11
270,64,0.041992,0.73047,-1.1318,0.356,19
270,64,0.085938,1.2402,-0.59082,0.356,21
270,64,0.35156,1.3584,-0.081055,0.356,39
270,64,0.31348,1.3975,-0.084961,0.356,52
270,64,0.27441,1.4365,-0.075195,0.356,47
270,64,0.28027,1.4629,-0.11719,0.356,32
270,64,0.085938,1.3105,-0.41211,0.71201,7
270,64,0.26367,1.377,-0.10352,0.71201,13
270,64,0.31348,1.3906,-0.16309,0.71201,18
270,64,-0.18262,1.0254,1.0293,0.71201,19
270,64,0,1.3799,0.57129,0.71201,17
270,64,0,1.4619,0.42773,1.068,10
270,64,0,0.90723,0.23438,-2.136,6
270,64,0,0.94238,0.21387,-2.136,8
270,64,0,0.94922,0.30176,-2.136,7
270,64,-0.052734,0.8125,0.24023,-1.78,8
270,64,-0.054688,0.84277,0.24316,-1.78,15
270,64,-0.02832,0.87109,0.25586,-1.78,24
270,64,0,0.90039,0.26172,-1.78,31
270,64,0,0.92188,0.28906,-1.78,32
270,64,0,0.94434,0.31641,-1.78,25
270,64,0,0.95898,0.36328,-1.78,13
270,64,-0.10254,0.78711,0.20508,-1.424,7
270,64,-0.080078,0.81055,0.24121,-1.424,16
270,64,-0.082031,0.83984,0.24512,-1.424,26
270,64,-0.056641,0.8584,0.28906,-1.424,32
270,64,0,0.89648,0.27441,-1.424,33
270,64,0,0.92188,0.29102,-1.424,31
270,64,0,0.95215,0.29297,-1.424,28
270,64,0,0.9873,0.27441,-1.424,20
270,64,0,1.4297,0.12695,-1.424,10
270,64,-0.12793,0.78906,0.18262,-1.068,6
270,64,-0.080078,0.81836,0.21289,-1.068,15
270,64,-0.082031,0.83984,0.24512,-1.068,21
270,64,-0.11328,0.86523,0.25195,-1.068,21
270,64,-0.058594,0.90137,0.24902,-1.068,23
270,64,-0.030273,0.93066,0.26074,-1.068,30
270,64,-0.03125,0.96094,0.25977,-1.068,34
270,64,-0.032227,0.98535,0.28125,-1.068,29
270,64,0.041992,1.3457,0.043945,-1.068,25
270,64,0,1.3682,0.14844,-1.068,32
270,64,0,1.3916,0.19824,-1.068,32
270,64,0,1.4141,0.24316,-1.068,26
270,64,0,1.4414,0.25879,-1.068,16
270,64,-0.080078,0.82227,0.19922,-0.71201,9
270,64,-0.10938,0.83984,0.23242,-0.71201,13
270,64,-0.11328,0.85254,0.29004,-0.71201,13
270,64,-0.029297,0.89355,0.28223,-0.71201,13
270,64,-0.030273,0.91113,0.32227,-0.71201,16
270,64,-0.0625,0.94922,0.2959,-0.71201,17
270,64,0.041016,1.3076,0.15723,-0.71201,36
271,61,0.040039,1.2871,0.05957,0,14
271,61,0.041016,1.3115,0.12891,0,32
271,61,0.083984,1.335,0.16211,0,50
271,61,0.085938,1.3594,0.19727,0,53
271,61,0.087891,1.3828,0.23828,0,42
271,61,0.089844,1.416,0.21289,0,25
271,61,0,1.458,0.13477,0,14
271,61,0,1.4912,0.087891,0,10
271,61,0,1.2842,-0.10938,0.356,8
271,61,-0.082031,1.3145,-0.052734,0.356,18
271,61,0.37891,1.2344,0.38477,0.356,38
271,61,0.38672,1.3086,0.18066,0.356,76
271,61,0.35156,1.3613,0.025391,0.356,104
271,61,0.40332,1.375,-0.076172,0.356,103
271,61,0.41211,1.3916,-0.19727,0.356,73
271,61,0.41992,1.3916,-0.34473,0.356,33
271,61,0.34375,1.3184,0.19434,0.71201,24
271,61,0.35156,1.3613,0,0.71201,32
271,61,0.44824,1.3584,-0.11328,0.71201,32
271,61,0.41211,1.375,-0.28906,0.71201,23
271,61,-0.046875,1.3965,0.5293,0.71201,12
271,61,-0.14258,1.127,-0.11719,1.424,7
271,61,-0.0625,0.97852,-0.17383,1.78,7
271,61,-0.095703,1.0078,-0.16113,1.78,9
271,61,-0.06543,1.0303,-0.21387,1.78,9
271,61,-0.12402,0.9707,-0.18652,2.136,6
271,61,-0.12793,1.001,-0.18066,2.136,8
271,61,-0.098633,1.0313,-0.19727,2.136,9
271,61,-0.067383,1.0732,-0.13574,2.136,7
271,61,0.080078,1.2861,0.00097656,-0.71201,10
271,61,0.082031,1.3154,-0.02832,-0.71201,25
271,61,0.041992,1.3467,-0.019531,-0.71201,40
271,61,0.085938,1.373,-0.05957,-0.71201,46
271,61,0.087891,1.3955,-0.1416,-0.71201,39
271,61,0.26953,1.4092,0.017578,-0.71201,28
271,61,0.32031,1.4287,-0.025391,-0.71201,18
271,61,0.2334,1.4531,-0.25391,-0.71201,8
271,61,0.15723,1.2432,-0.12891,-0.356,6
271,61,0.080078,1.2861,-0.023438,-0.356,24
271,61,0.082031,1.3154,0.016602,-0.356,65
271,61,0.083984,1.3447,-0.0039063,-0.356,111
271,61,0.085938,1.373,-0.048828,-0.356,130
271,61,0.13184,1.3975,-0.075195,-0.356,111
271,61,0.31348,1.3994,0.056641,-0.356,88
271,61,0.36621,1.418,-0.032227,-0.356,55
271,61,0.37305,1.4307,-0.21289,-0.356,23
271,61,-0.4209,0.18066,-1.2666,0,27
271,61,-0.43066,0.35938,-1.2568,0,32
271,61,-0.43945,0.50684,-1.2354,0,28
271,61,-0.53809,0,-1.4131,0,18
271,61,0.45801,1.3516,-0.3291,0,13
271,61,0.41211,1.002,0.75,0.356,12
271,61,-0.12598,1.2617,-0.45508,0.356,33
271,61,-0.17188,1.1074,-0.7998,0.356,39
271,61,-0.13965,1.291,0.73828,0.356,17
271,61,-0.1377,1.3057,0.64941,0.71201,15
271,61,0.41992,1.3291,-0.53711,0.71201,11
271,61,-0.53516,0.13574,1,1.424,4
271,61,0.23633,1.2266,-0.15723,-0.356,6
271,61,-0.18262,0.90332,-1.1377,-0.356,30
271,61,-0.18652,0.72461,-1.293,-0.356,15
272,64,-0.11816,1.2412,-0.17969,0,14
272,64,-0.040039,1.2861,-0.077148,0,42
272,64,0,1.3174,-0.041016,0,72
272,64,0,1.3467,0.025391,0,78
272,64,0,1.3711,0.12793,0,55
272,64,0.26367,1.3711,-0.16797,0,28
272,64,0.40332,1.3691,-0.15039,0,30
272,64,0.41211,1.3867,-0.23047,0,24
272,64,0.41992,1.4023,-0.2959,0,16
272,64,0.42871,1.4258,-0.32324,0,9
272,64,0.15332,1.2178,0.086914,0.356,20
272,64,0.079102,1.2549,0.076172,0.356,67
272,64,0.080078,1.2842,0.066406,0.356,148
272,64,0.082031,1.3135,0.068359,0.356,218
272,64,0.083984,1.3418,0.083008,0.356,217
272,64,0.085938,1.3691,0.11621,0.356,144
272,64,0.30762,1.3662,-0.11914,0.356,72
272,64,0.40332,1.3721,-0.11426,0.356,88
272,64,0.41211,1.3975,-0.14453,0.356,79
272,64,0.41992,1.415,-0.22656,0.356,53
272,64,0.47559,1.4189,-0.28125,0.356,27
272,64,0.077148,1.2275,-0.027344,0.71201,6
272,64,0.039063,1.2559,0.083984,0.71201,25
272,64,0.080078,1.2822,0.098633,0.71201,61
272,64,0.041016,1.3145,0.087891,0.71201,95
272,64,0.041992,1.3438,0.09082,0.71201,101
272,64,0.042969,1.3701,0.12305,0.71201,72
272,64,0.087891,1.3965,0.13672,0.71201,30
272,64,0.3584,1.3877,-0.078125,0.71201,27
272,64,0.36621,1.416,-0.082031,0.71201,24
272,64,0.37305,1.4336,-0.18848,0.71201,16
272,64,0,1.1758,-0.36035,1.78,7
272,64,0,1.2021,-0.37695,1.78,8
272,64,-0.040039,1.2402,-0.34668,1.78,8
272,64,0.12109,1.2832,-0.016602,-1.068,7
272,64,0.16504,1.3076,0,-1.068,9
272,64,0.21094,1.3301,0.052734,-1.068,8
272,64,0.15332,1.2178,-0.077148,-0.71201,7
272,64,0.19727,1.2441,-0.0097656,-0.71201,18
272,64,0.24121,1.2656,-0.025391,-0.71201,30
272,64,0.20605,1.3018,0.012695,-0.71201,34
272,64,0.21094,1.3311,0.014648,-0.71201,28
272,64,0.17188,1.3633,0.083984,-0.71201,15
272,64,0.22852,1.4121,-0.31348,-0.71201,11
272,64,0.18652,1.4395,-0.35156,-0.71201,11
272,64,0.15332,1.2207,0.011719,-0.356,24
272,64,0.19727,1.2432,0.03125,-0.356,63
272,64,0.20117,1.2725,0.032227,-0.356,104
272,64,0.20605,1.3008,0.041016,-0.356,123
272,64,0.21094,1.3291,0.057617,-0.356,102
272,64,0.21484,1.3574,0.073242,-0.356,57
272,64,0.39551,1.3369,-0.18262,-0.356,28
272,64,0.44824,1.3535,-0.16504,-0.356,37
272,64,0.41211,1.3994,-0.12988,-0.356,38
272,64,0.37305,1.4365,-0.16895,-0.356,27
272,64,0.31445,1.2051,0.18555,0,8
272,64,-0.47363,0.077148,1.29,0,32
272,64,-0.4834,0.48438,1.2285,0,20
272,64,-0.22461,0.7959,1.1729,0,18
272,64,-0.1377,0.79102,1.2246,0,16
272,64,-0.13965,1.0811,1.0215,0,11
272,64,-0.094727,1.3379,0.72168,0,7
272,64,-0.47363,0,1.3652,0.356,75
272,64,-0.4834,0.11133,1.3154,0.356,45
273,64,0.040039,1.2412,0.34473,0,5
273,64,0.082031,1.2607,0.37695,0,11
273,64,0.083984,1.1758,0.65234,0,12
273,64,0.12891,0.92969,-1.0068,0,9
273,64,0.13184,1.3291,-0.43945,0,25
273,64,0.089844,1.3955,-0.32324,0,35
273,64,0.091797,1.4375,-0.26172,0,30
273,64,0.13965,1.4658,-0.24805,0,17
273,64,0.23047,1.2031,-0.11035,0.356,7
273,64,0.19727,1.2422,-0.061523,0.356,12
273,64,0.24121,1.2598,-0.12695,0.356,15
273,64,0.16504,1.251,-0.38184,0.356,16
273,64,0.12598,0.60938,-1.1953,0.356,16
273,64,0.17188,1.2588,-0.5293,0.356,29
273,64,0.13184,1.3633,-0.31543,0.356,69
273,64,0.13477,1.4121,-0.21973,0.356,94
273,64,0.091797,1.4482,-0.19629,0.356,81
273,64,0.13965,1.4736,-0.2002,0.356,46
273,64,0.094727,1.4873,-0.3125,0.356,16
273,64,0.16699,2.5898,-0.60645,0.356,6
273,64,0.16797,2.585,-0.74121,0.356,9
273,64,0.16992,2.4658,-1.1445,0.356,9
273,64,0,1.2539,-0.40527,0.71201,7
273,64,0,1.2852,-0.4043,0.71201,14
273,64,0.042969,1.334,-0.33789,0.71201,27
273,64,0.043945,1.3828,-0.24805,0.71201,39
273,64,0.089844,1.4189,-0.19531,0.71201,42
273,64,0.091797,1.4521,-0.16504,0.71201,32
273,64,0.09375,1.4863,-0.11914,0.71201,16
273,64,0.083008,2.6162,-0.5,0.71201,7
273,64,0.083984,2.5078,-0.98242,0.71201,9
273,64,0.25488,2.4863,-1.082,0.71201,8
273,64,0,1.3369,-0.16797,1.068,10
273,64,0,1.3604,-0.20898,1.068,12
273,64,0,1.376,-0.28809,1.068,10
273,64,0,1.3984,-0.32324,1.068,7
273,64,0.19238,1.2051,-0.1582,-0.356,7
273,64,0.19727,1.2412,-0.079102,-0.356,11
273,64,0.28223,1.251,-0.13184,-0.356,12
273,64,0.28809,1.2861,0.0078125,-0.356,9
273,64,-0.12598,0.88379,-1.0098,-0.356,12
273,64,-0.17188,0.86328,-1.0586,-0.356,12
273,64,0.17578,1.3896,-0.12207,-0.356,18
273,64,0.13477,1.4268,-0.083984,-0.356,28
273,64,0.18262,1.4502,-0.083984,-0.356,27
273,64,0.13965,1.4746,-0.19531,-0.356,17
273,64,0.25977,1.751,1.0908,-0.356,9
273,64,-0.34375,1.1611,0.6543,0,6
273,64,-0.43945,0.8418,1.0371,0,15
273,64,-0.44824,0.73242,1.1494,0,20
273,64,-0.45801,0.68066,1.2129,0,17
273,64,-0.51367,0.68555,1.2236,0,9
273,64,-0.34375,0.96582,0.91895,0.356,18
273,64,-0.39551,0.77344,1.1055,0.356,39
273,64,-0.44824,0.62793,1.21,0.356,51
273,64,-0.45801,0.52441,1.2891,0.356,42
273,64,-0.83301,0,2.6055,0.356,4
273,64,-0.8418,1.4199,2.1289,0.356,5
273,64,-0.5957,1.0869,2.4258,0.356,6
273,64,-0.43945,0.61621,1.1846,0.71201,20
273,64,-0.83301,1.3135,2.165,0.71201,4
273,64,-0.23047,0.81152,0.89453,-0.356,4
273,64,-0.20605,0.61816,-1.1455,-0.356,6
273,64,0.29492,1.3018,0.18652,-0.356,8
274,31,-0.16797,1.2363,-0.50781,0,5
274,31,-0.085938,1.3281,-0.35059,0,12
274,31,0,1.376,-0.28809,0,18
274,31,0.044922,1.418,-0.21387,0,21
274,31,0.091797,1.4434,-0.22754,0,19
274,31,0.09375,1.4854,-0.12793,0,12
274,31,0.19727,1.2217,-0.23633,0.356,9
274,31,0.16113,1.2783,0,0.356,13
274,31,0.16504,1.2871,0.23242,0.356,18
274,31,0.12598,1.3223,0.22754,0.356,18
274,31,0,1.373,-0.095703,0.356,17
274,31,0,1.3896,-0.21484,0.356,32
274,31,0.089844,1.4072,-0.26953,0.356,48
274,31,0.045898,1.4434,-0.24121,0.356,47
274,31,0.046875,1.4746,-0.23535,0.356,30
274,31,0.094727,1.5029,-0.22949,0.356,12
274,31,0,1.3691,-0.14355,0.71201,9
274,31,0,1.3916,-0.2002,0.71201,14
274,31,0.044922,1.4248,-0.16406,0.71201,17
274,31,0,1.4531,-0.17773,0.71201,15
274,31,0.046875,1.4873,-0.12695,0.71201,9
274,31,0.19727,1.2178,-0.25391,-0.356,10
274,31,0.16113,1.2783,0.029297,-0.356,15
274,31,0.20605,1.1426,0.62305,-0.356,19
274,31,0.16797,1.1367,0.70313,-0.356,17
274,31,0,1.3379,-0.43262,-0.356,11
274,31,0.089844,1.3916,-0.34082,-0.356,21
274,31,0.045898,1.3965,-0.4375,-0.356,20
274,31,0.29492,1.0947,0.72754,0,3
274,31,-0.55957,0.40234,1.1914,0.356,10
274,31,-0.57129,0.52148,1.1738,0.356,17
297,3,0.39551,1.292,-0.3877,0.356,8
297,3,0.3584,1.3154,-0.44922,0.356,11
297,3,-0.089844,0.62109,1.291,0.356,6
298,17,0.12402,1.2275,0.46484,0.356,9
298,17,0.083984,1.2314,0.54102,0.356,8
298,17,0.35156,1.3301,-0.28809,0.356,7
298,17,0.44824,1.3301,-0.30078,0.356,9
298,17,0.41211,1.3477,-0.39844,0.356,7
298,17,0.16113,1.2461,0.28809,-0.356,6
298,17,0.16504,1.249,0.38574,-0.356,9
298,17,0.12598,1.2725,0.42383,-0.356,9
298,17,0,1.2559,0.56348,-0.356,5
298,17,0.39551,1.3027,-0.35156,-0.356,6
298,17,0.40332,1.3125,-0.41602,-0.356,7
298,17,-0.13184,0.66699,1.2305,0.356,4
298,17,-0.089844,0.8623,1.1436,0.356,6
298,17,-0.091797,0.63379,1.3174,0.356,6
298,17,0.47363,1.2539,-0.31348,-0.356,4
298,17,-0.087891,0.81543,1.1416,-0.356,4
298,17,-0.089844,0.98047,1.0439,-0.356,5
299,11,0.15723,1.25,0,0.356,7
299,11,0.080078,1.2393,0.34375,0.356,9
299,11,0.12402,1.2549,0.38477,0.356,14
299,11,0.083984,1.2676,0.44824,0.356,15
299,11,0.042969,1.2852,0.49219,0.356,11
299,11,0.19727,1.2422,-0.071289,-0.356,6
299,11,0.080078,1.2588,0.26465,-0.356,9
299,11,0.082031,1.2568,0.38965,-0.356,14
299,11,0.12598,1.2852,0.38281,-0.356,17
299,11,0.085938,1.291,0.4707,-0.356,12
299,11,-0.3623,0.55469,-1.1055,-0.356,5
300,27,0.040039,1.1934,0.4834,0,8
300,27,0.041016,1.2158,0.50684,0,13
300,27,0.041992,1.2354,0.53613,0,14
300,27,0.042969,1.2627,0.54688,0,12
300,27,0.043945,1.3027,0.52734,0,8
300,27,0.079102,1.2539,0.09082,0.356,7
300,27,0.080078,1.2598,0.26172,0.356,12
300,27,0.041016,1.1875,0.57031,0.356,16
300,27,0.041992,1.1299,0.73242,0.356,15
300,27,0.042969,1.2109,0.65332,0.356,10
300,27,0.087891,1.3271,0.45605,0.356,8
300,27,0.089844,1.3633,0.43848,0.356,7
300,27,0.080078,1.2637,0.24219,-0.71201,8
300,27,0.082031,1.2559,0.3916,-0.71201,12
300,27,0.041992,1.2441,0.51465,-0.71201,12
300,27,0,1.2217,0.63379,-0.71201,9
300,27,0.11816,1.248,0.11816,-0.356,12
300,27,0.080078,1.2354,0.35742,-0.356,26
300,27,0.082031,1.2256,0.47656,-0.356,39
300,27,0.041992,1.2334,0.54004,-0.356,39
300,27,0.042969,1.2295,0.61719,-0.356,28
300,27,0.087891,1.2793,0.57715,-0.356,15
300,27,0.17969,1.3164,0.54395,-0.356,8
300,27,-0.39355,0.62012,-1.0225,0.356,4
300,27,-0.40234,0.78711,-0.9375,0.356,7
300,27,-0.46289,0.98926,-0.78809,0.356,8
300,27,-0.3623,0.86523,-0.88379,-0.356,14
301,48,0.077148,1.0938,0.55762,0,10
301,48,0.079102,1.1367,0.53613,0,30
301,48,0.040039,1.1611,0.55664,0,51
301,48,0.041016,1.1953,0.55469,0,61
301,48,0.041992,1.2383,0.5293,0,54
301,48,0.085938,1.2979,0.45117,0,39
301,48,0.13184,1.3604,0.33008,0,26
301,48,0.089844,1.416,0.21484,0,13
301,48,0,1.4316,0.30859,0,4
301,48,0.15723,1.2207,0.26465,0.356,9
301,48,0.16113,1.2246,0.36816,0.356,23
301,48,0.20605,1.249,0.36816,0.356,50
301,48,0.16797,1.2881,0.35645,0.356,82
301,48,0.17188,1.3213,0.34375,0.356,99
301,48,0.13184,1.3564,0.34473,0.356,82
301,48,0.13477,1.3838,0.35449,0.356,45
301,48,0.091797,1.4023,0.41113,0.356,18
301,48,0.27051,2.1465,0.13574,0.356,11
301,48,0.41211,2.1406,0.27441,0.356,13
301,48,0.27832,2.1963,0.22754,0.356,10
301,48,0.20117,1.1914,0.44824,0.71201,7
301,48,0.16504,1.2344,0.43262,0.71201,15
301,48,0.12598,1.2822,0.39453,0.71201,25
301,48,0.17188,1.3096,0.3877,0.71201,31
301,48,0.087891,1.3467,0.39355,0.71201,26
301,48,0.13477,1.375,0.38965,0.71201,15
301,48,0,1.1934,0.48535,-1.068,9
301,48,0,1.1885,0.57031,-1.068,16
301,48,0.041992,1.2207,0.56836,-1.068,21
301,48,0,1.2529,0.57129,-1.068,19
301,48,0.043945,1.3232,0.47363,-1.068,13
301,48,0.038086,1.1318,0.48047,-0.71201,12
301,48,0.079102,1.1543,0.49609,-0.71201,35
301,48,0.080078,1.1895,0.48828,-0.71201,62
301,48,0.041016,1.2236,0.48926,-0.71201,73
301,48,0.041992,1.2461,0.51074,-0.71201,62
301,48,0.042969,1.2754,0.5166,-0.71201,36
301,48,0.087891,1.3379,0.42285,-0.71201,16
301,48,0.038086,1.0967,0.55566,-0.356,18
301,48,0.079102,1.1348,0.54102,-0.356,54
301,48,0.080078,1.1699,0.53418,-0.356,94
301,48,0.041016,1.2129,0.51465,-0.356,107
301,48,0.083984,1.251,0.49219,-0.356,84
301,48,0.12891,1.334,0.31445,-0.356,54
301,48,0.21973,1.3662,0.24805,-0.356,39
301,48,0.13477,1.3887,0.33691,-0.356,22
301,48,-0.38477,0.93262,-0.7041,-0.71201,7
301,48,-0.38477,0.94238,-0.69141,-0.356,10
302,64,0.11523,1.2109,0.18164,0,7
302,64,0.15723,1.2324,0.2041,0,15
302,64,0.20117,1.2471,0.25488,0,28
302,64,0.20605,1.2568,0.33984,0,42
302,64,0.25293,1.2666,0.38281,0,49
302,64,0.21484,1.2969,0.40918,0,43
302,64,0.21973,1.3252,0.41504,0,28
302,64,0.17969,1.3701,0.38672,0,16
302,64,0.22852,1.3789,0.43555,0,11
302,64,0.2334,1.3896,0.49512,0,8
302,64,-0.35254,0.72754,-2.1055,0,6
302,64,0.15039,1.1904,-0.051758,0.356,8
302,64,0.19238,1.2148,-0.016602,0.356,23
302,64,0.23633,1.2354,0.074219,0.356,49
302,64,0.20117,1.2539,0.22168,0.356,85
302,64,0.20605,1.2598,0.3291,0.356,127
302,64,0.25293,1.2705,0.36914,0.356,146
302,64,0.21484,1.2939,0.41797,0.356,131
302,64,0.21973,1.3232,0.4209,0.356,88
302,64,0.17969,1.3477,0.45996,0.356,50
302,64,0.1377,1.3594,0.52734,0.356,33
302,64,0.18652,1.3975,0.49316,0.356,24
302,64,0.33887,2.123,0.27148,0.356,17
302,64,0.34277,2.1338,0.39355,0.356,20
302,64,0.41699,2.1465,0.41797,0.356,16
302,64,0.19238,1.2139,0.058594,0.71201,8
302,64,0.19727,1.2354,0.14648,0.71201,15
302,64,0.20117,1.2383,0.29492,0.71201,27
302,64,0.20605,1.2422,0.38867,0.71201,40
302,64,0.21094,1.2549,0.44434,0.71201,47
302,64,0.17188,1.2773,0.48242,0.71201,41
302,64,0.17578,1.3066,0.48926,0.71201,27
302,64,0.13477,1.3252,0.5332,0.71201,16
302,64,0.091797,1.3643,0.52344,0.71201,11
302,64,0.13965,1.3711,0.57715,0.71201,9
302,64,0.16504,1.2344,0.43262,1.068,7
302,64,0.12598,1.2432,0.50488,1.068,8
302,64,0.12891,1.2637,0.53027,1.068,7
302,64,0,1.0957,0.32324,-2.136,15
302,64,-0.036133,1.1006,0.40137,-2.136,41
302,64,-0.037109,1.125,0.41797,-2.136,67
302,64,-0.038086,1.1396,0.46094,-2.136,75
302,64,0,1.1602,0.48926,-2.136,57
302,64,0,1.1943,0.4834,-2.136,29
302,64,0,1.0684,0.4043,-1.78,29
302,64,-0.036133,1.084,0.44336,-1.78,80
302,64,-0.037109,1.1035,0.47266,-1.78,131
302,64,0,1.127,0.49414,-1.78,145
302,64,-0.039063,1.1455,0.52246,-1.78,112
302,64,0,1.165,0.5498,-1.78,55
302,64,0,1.1533,0.6377,-1.78,15
302,64,-0.10742,1.0449,0.44922,-1.424,15
302,64,-0.073242,1.0654,0.48145,-1.424,40
302,64,-0.037109,1.0869,0.50879,-1.424,68
302,64,-0.038086,1.1104,0.5293,-1.424,75
302,64,-0.039063,1.127,0.56055,-1.424,58
302,64,-0.040039,1.1523,0.5752,-1.424,30
302,64,0,1.209,0.52441,-1.424,10
302,64,-0.037109,1.0957,0.48926,-1.068,14
302,64,0,1.1201,0.50781,-1.068,17
302,64,0,1.1533,0.50586,-1.068,15
302,64,0,1.2334,0.37305,-1.068,8
302,64,0.15723,1.248,0.056641,-0.71201,7
302,64,0.16113,1.2764,0.075195,-0.71201,11
303,64,0.16504,1.3076,0.015625,0,14
303,64,0.16797,1.3369,0.015625,0,21
303,64,0.21484,1.3584,-0.054688,0,25
303,64,-0.30762,0.17578,-1.3604,0,30
303,64,-0.31348,0,1.418,0,26
303,64,-0.32031,0.21387,1.4131,0,14
303,64,0.4668,1.2764,-0.61914,0,5
303,64,0.15039,1.1904,-0.041992,0.356,7
303,64,0.19238,1.208,-0.12988,0.356,18
303,64,0.19727,1.2373,-0.12988,0.356,28
303,64,0.20117,1.2666,-0.12305,0.356,31
303,64,0.20605,1.29,-0.17773,0.356,25
303,64,0.16797,0.59766,1.1963,0.356,15
303,64,0.30078,1.2471,0.5,0.356,22
303,64,0.35156,1.3271,0.30273,0.356,29
303,64,0.15723,1.2422,-0.1377,0.71201,8
303,64,0.16113,1.2725,-0.12109,0.71201,9
303,64,0.20605,1.2949,-0.13574,0.71201,8
303,64,0,0.8584,0.37598,-2.492,10
303,64,0,0.89258,0.37012,-2.492,20
303,64,0,0.92285,0.375,-2.492,25
303,64,0,0.9541,0.37402,-2.492,24
303,64,0,0.97656,0.39648,-2.492,15
303,64,-0.1377,0.83008,0.25488,-2.136,8
303,64,-0.16992,0.8457,0.2832,-2.136,9
303,64,0.058594,0.76953,0.53223,-2.136,8
303,64,0,0.87598,0.4082,-2.136,22
303,64,0,0.90625,0.41211,-2.136,35
303,64,0,0.93164,0.42676,-2.136,34
303,64,0,0.97559,0.39941,-2.136,22
303,64,-0.1377,0.82715,0.2627,-1.78,14
303,64,-0.1416,0.84961,0.28711,-1.78,19
303,64,-0.17578,0.875,0.28613,-1.78,17
303,64,-0.24121,0.93457,0.038086,-1.78,11
303,64,0,0.91309,0.39746,-1.78,24
303,64,0,0.96094,0.35645,-1.78,34
303,64,0,0.99609,0.34473,-1.78,30
303,64,-0.43945,0,1.3984,-1.78,13
303,64,-0.49316,0,1.3838,-1.78,11
303,64,-0.45801,0.18945,1.3779,-1.78,8
303,64,-0.10938,0.82324,0.28809,-1.424,9
303,64,-0.11328,0.85059,0.29492,-1.424,14
303,64,-0.14648,0.87793,0.29297,-1.424,14
303,64,-0.21191,0.92969,0.15918,-1.424,8
303,64,0,0.91309,0.39844,-1.424,9
303,64,-0.032227,0.94434,0.39648,-1.424,17
303,64,0,0.97949,0.38867,-1.424,17
303,64,-0.38672,0,-1.333,-1.424,15
303,64,-0.43945,0,-1.4014,-1.424,19
303,64,-0.44824,0,-1.417,-1.424,18
303,64,0.045898,1.4238,0.33887,-1.424,12
303,64,-0.11719,0.87793,0.30762,-1.068,5
303,64,-0.12109,0.92773,0.24121,-1.068,5
303,64,-0.095703,0.99219,0.24023,-1.068,6
303,64,-0.06543,1.0098,0.29492,-1.068,12
303,64,-0.10156,1.0273,0.33105,-1.068,13
303,64,0,0.96875,0.33594,-0.71201,6
303,64,-0.098633,1.0068,0.2959,-0.71201,10
303,64,-0.067383,1.0127,0.37988,-0.71201,10
303,64,-0.069336,1.0293,0.41699,-0.71201,7
303,64,-0.30078,0.24023,1.3213,-0.71201,45
303,64,-0.30762,0.41113,1.3086,-0.71201,65
303,64,-0.26953,0.64941,1.251,-0.71201,68
303,64,-0.32031,0.54492,1.3213,-0.71201,48
304,61,0.11816,1.2461,-0.13574,0,8
304,61,0.080078,1.2822,-0.098633,0,10
304,61,0.12402,1.3125,-0.0048828,0,14
304,61,0.083984,1.3428,0.077148,0,19
304,61,0.085938,1.3672,0.13379,0,21
304,61,0,1.4053,0.021484,0,19
304,61,-0.089844,1.4277,-0.11523,0,25
304,61,-0.1377,1.4551,-0.086914,0,21
304,61,-0.046875,1.4932,-0.020508,0,13
304,61,0.15332,1.2197,-0.042969,0.356,12
304,61,0.15723,1.2461,-0.087891,0.356,22
304,61,0.12109,1.2773,-0.12402,0.356,28
304,61,0.082031,1.3047,-0.16699,0.356,28
304,61,0,1.3203,-0.26758,0.356,31
304,61,-0.085938,1.3477,-0.26758,0.356,48
304,61,-0.087891,1.3965,-0.13477,0.356,70
304,61,-0.089844,1.4316,-0.032227,0.356,73
304,61,-0.091797,1.4609,-0.035156,0.356,55
304,61,-0.09375,1.4854,-0.12207,0.356,28
304,61,0,1.3447,-0.085938,0.71201,17
304,61,-0.085938,1.3691,-0.11914,0.71201,30
304,61,-0.087891,1.4023,-0.053711,0.71201,43
304,61,-0.089844,1.4326,-0.023438,0.71201,45
304,61,-0.1377,1.457,-0.042969,0.71201,34
304,61,-0.09375,1.4893,-0.057617,0.71201,19
304,61,0,1.5059,-0.22461,0.71201,10
304,61,-0.11328,0.89648,-0.092773,1.068,7
304,61,-0.058594,0.92773,-0.11719,1.068,12
304,61,-0.09082,0.95898,-0.082031,1.068,14
304,61,-0.12402,0.9834,-0.09375,1.068,12
304,61,-0.12793,1.0166,-0.029297,1.068,8
304,61,-0.084961,0.90332,-0.036133,1.424,9
304,61,-0.087891,0.93164,-0.058594,1.424,14
304,61,-0.09082,0.96191,-0.039063,1.424,16
304,61,-0.12402,0.9873,-0.033203,1.424,13
304,61,-0.12793,1.0146,-0.064453,1.424,8
304,61,-0.11719,0.9209,-0.12891,2.136,7
304,61,-0.15137,0.93457,-0.19336,2.136,7
304,61,0.12402,1.3086,0.09668,-0.71201,9
304,61,0.041992,1.3359,0.16895,-0.71201,14
304,61,0.042969,1.3389,0.31641,-0.71201,19
304,61,0,1.3623,0.34668,-0.71201,18
304,61,0,1.3955,0.33496,-0.71201,13
304,61,0.19727,1.2139,-0.27246,-0.356,8
304,61,0.16113,1.2676,-0.16602,-0.356,11
304,61,0.082031,1.3066,0.15332,-0.356,17
304,61,0.041992,1.2744,0.43555,-0.356,29
304,61,0,1.2588,0.55859,-0.356,40
304,61,0.087891,1.3223,0.4707,-0.356,42
304,61,0.044922,1.3555,0.46973,-0.356,32
304,61,0,1.3994,0.43066,-0.356,17
304,61,-0.65918,0,1.2861,0,10
304,61,-0.45313,0.27441,1.207,0.356,16
304,61,-0.50488,0,1.2959,0.356,21
304,61,-0.60254,0,1.3672,0.356,28
304,61,-0.54688,0,-1.3174,0.71201,10
304,61,0.52344,0.38965,1.376,0.71201,8
304,61,-0.42578,0,0.89355,1.068,4
304,61,-0.3623,0.70215,1.0176,-0.356,6
304,61,-0.41211,0.24023,1.2285,-0.356,11
304,61,-0.46289,0,-1.2969,-0.356,17
305,64,0,1.2295,-0.026367,0,15
305,64,0,1.2568,-0.077148,0,50
305,64,0,1.2852,-0.098633,0,99
305,64,0,1.3125,-0.125,0,129
305,64,0,1.3398,-0.14453,0,118
305,64,0,1.3623,-0.19727,0,78
305,64,0,1.375,-0.29297,0,38
305,64,0.17969,1.4063,-0.22266,0,26
305,64,0.22852,1.4355,-0.17676,0,28
305,64,0.18652,1.4678,-0.20703,0,22
305,64,0.23828,1.4883,-0.2207,0,12
305,64,0,1.2236,0.13086,0.356,27
305,64,0,1.2559,0.088867,0.356,97
305,64,-0.040039,1.2861,0.078125,0.356,191
305,64,0,1.3164,0.060547,0.356,262
305,64,0,1.3467,0.036133,0.356,244
305,64,0,1.376,-0.032227,0.356,157
305,64,0.043945,1.3838,-0.24414,0.356,68
305,64,0.40332,1.373,0.10156,0.356,49
305,64,0.45801,1.3906,-0.050781,0.356,44
305,64,0.41992,1.4307,-0.087891,0.356,27
305,64,0,1.2256,0.10156,0.71201,16
305,64,0,1.2568,0.079102,0.71201,52
305,64,0,1.2871,0.06543,0.71201,104
305,64,0,1.3164,0.055664,0.71201,138
305,64,0,1.3467,0.038086,0.71201,127
305,64,0,1.377,0,0.71201,83
305,64,0,1.3994,-0.12988,0.71201,37
305,64,-0.044922,1.3184,-0.56445,0.71201,15
305,64,0.41211,1.4043,0.05957,0.71201,13
305,64,0,2.2119,0.25195,0.71201,13
305,64,0,2.2461,0.20117,0.71201,15
305,64,0,2.2822,0.1123,0.71201,12
305,64,0,2.2529,0.097656,1.068,8
305,64,-0.14258,1.0732,-0.36523,1.78,9
305,64,-0.10938,1.1123,-0.35254,1.78,14
305,64,-0.1123,1.1357,-0.37305,1.78,14
305,64,-0.11523,1.1777,-0.33398,1.78,11
305,64,-0.079102,1.2236,-0.28613,1.78,7
305,64,-0.10742,1.0908,-0.32129,2.136,6
305,64,-0.14648,1.1289,-0.27734,2.136,9
305,64,-0.1123,1.1543,-0.3125,2.136,10
305,64,0,1.1914,-0.30762,2.136,8
305,64,-0.11816,1.1807,-0.42188,2.136,5
305,64,0.12402,1.3115,-0.049805,-1.068,5
305,64,0.19727,1.2432,0.029297,-0.71201,14
305,64,0.16113,1.2783,0.043945,-0.71201,25
305,64,0.20605,1.2998,0.068359,-0.71201,31
305,64,0.16797,1.3359,0.047852,-0.71201,25
305,64,0.12891,1.3682,-0.087891,-0.71201,14
305,64,0.087891,1.3584,-0.35254,-0.71201,16
305,64,0.13477,1.3984,-0.29199,-0.71201,26
305,64,0.1377,1.4375,-0.24609,-0.71201,29
305,64,0.13965,1.4697,-0.22949,-0.71201,21
305,64,0.19238,1.2129,0.072266,-0.356,16
305,64,0.19727,1.2422,0.074219,-0.356,45
305,64,0.20117,1.2705,0.077148,-0.356,82
305,64,0.20605,1.2979,0.099609,-0.356,100
305,64,0.21094,1.3271,0.10254,-0.356,79
305,64,0.12891,1.3701,-0.0029297,-0.356,39
305,64,0,1.3525,-0.38281,-0.356,30
305,64,0.044922,1.3828,-0.38086,-0.356,46
305,64,0.045898,1.4473,-0.21973,-0.356,52
305,64,0.09375,1.4795,-0.18066,-0.356,42
306,64,0,1.2256,-0.29102,0,5
306,64,0,1.2568,-0.28711,0,14
306,64,0,1.3037,-0.19629,0,25
306,64,0.041992,1.3418,-0.11914,0,37
306,64,0.085938,1.3711,-0.083984,0,45
306,64,0.087891,1.3955,-0.14551,0,43
306,64,0.044922,1.417,-0.22559,0,32
306,64,0.091797,1.4473,-0.20313,0,20
306,64,0.046875,1.4873,-0.13281,0,10
306,64,1.8447,0.43359,-0.18652,0,6
306,64,1.873,0.46387,-0.12109,0,5
306,64,0.038086,1.2207,-0.14844,0.356,7
306,64,0.039063,1.2539,-0.11035,0.356,26
306,64,0.040039,1.2852,-0.088867,0.356,62
306,64,0.041016,1.3135,-0.10059,0.356,96
306,64,0.041992,1.3271,-0.22559,0.356,101
306,64,0,1.2803,-0.50488,0.356,87
306,64,0,1.3271,-0.46484,0.356,71
306,64,0.044922,1.3945,-0.33691,0.356,58
306,64,0.045898,1.4424,-0.24609,0.356,36
306,64,-1.874,0,-0.37695,0.356,10
306,64,1.8447,0.3584,-0.30762,0.356,11
306,64,1.873,0.28809,-0.38379,0.356,9
306,64,0,1.2119,-0.21191,0.71201,6
306,64,0,1.2402,-0.21973,0.71201,26
306,64,0,1.2686,-0.22754,0.71201,64
306,64,-0.041016,1.2959,-0.2373,0.71201,102
306,64,0,1.3242,-0.25,0.71201,115
306,64,0,1.3477,-0.28027,0.71201,92
306,64,0,1.3672,-0.32617,0.71201,54
306,64,0,1.4033,-0.30078,0.71201,27
306,64,0,1.4482,-0.21582,0.71201,14
306,64,0,1.2412,-0.21484,1.068,14
306,64,0,1.2607,-0.26563,1.068,33
306,64,0,1.2842,-0.29492,1.068,52
306,64,-0.041992,1.3115,-0.30469,1.068,60
306,64,0,1.3428,-0.30469,1.068,50
306,64,0,1.373,-0.30273,1.068,30
306,64,0,1.3984,-0.32227,1.068,12
306,64,0,1.2822,-0.13184,1.424,8
306,64,0,1.3057,-0.17871,1.424,13
306,64,0,1.3252,-0.24121,1.424,14
306,64,0,1.3613,-0.20703,1.424,11
306,64,0.16113,1.2705,0.14063,-0.71201,12
306,64,0.20605,1.2764,0.25879,-0.71201,21
306,64,0.21094,1.2959,0.30176,-0.71201,24
306,64,0.21484,1.3203,0.32422,-0.71201,20
306,64,0.21973,1.3418,0.3584,-0.71201,12
306,64,0.038086,1.208,-0.23047,-0.356,5
306,64,0.15723,1.2441,0.12012,-0.356,18
306,64,0.20117,1.2539,0.2168,-0.356,42
306,64,0.20605,1.2715,0.28027,-0.356,70
306,64,0.21094,1.2891,0.33105,-0.356,81
306,64,0.25781,1.3037,0.3584,-0.356,66
306,64,0.26367,1.3271,0.38086,-0.356,39
306,64,0.31348,1.3643,0.31543,-0.356,21
306,64,0.32031,1.4189,0.16797,-0.356,12
306,64,0.31445,1.0439,0.62988,0,3
306,64,1.0713,0.82813,1.3379,0,4
306,64,1.0273,0,1.7686,0,3
306,64,-0.45801,0.52637,1.2871,0.356,19
306,64,1.1719,0,1.4805,0.356,8
306,64,1.1299,0,1.5322,0.356,8
306,64,1.0869,0.56934,1.4932,0.356,6
307,46,0.040039,1.2725,-0.20117,0,10
307,46,0,1.2988,-0.22656,0,30
307,46,0,1.3301,-0.2168,0,61
307,46,0,1.3623,-0.19727,0,85
307,46,0,1.3926,-0.19141,0,80
307,46,0,1.4248,-0.17578,0,52
307,46,0.045898,1.4541,-0.16992,0,22
307,46,0,1.4775,-0.2207,0,6
307,46,0.51074,2.6025,-0.61914,0,5
307,46,0.34375,2.6729,-0.56348,0,5
307,46,0.15723,1.249,0.022461,0.356,10
307,46,0.24121,1.2607,0.11035,0.356,14
307,46,-0.041016,1.2764,-0.32617,0.356,49
307,46,0,1.3311,-0.20898,0.356,112
307,46,0,1.3662,-0.16602,0.356,156
307,46,0,1.3994,-0.13086,0.356,147
307,46,0,1.4326,-0.081055,0.356,91
307,46,0.045898,1.4639,-0.016602,0.356,35
307,46,0.42578,2.6758,-0.28027,0.356,8
307,46,0.43066,2.6738,-0.49609,0.356,10
307,46,-0.52148,1.3389,2.3828,0.356,9
307,46,-0.041016,1.2959,-0.23926,0.71201,21
307,46,0,1.3359,-0.1748,0.71201,45
307,46,0,1.3721,-0.11426,0.71201,62
307,46,0,1.4033,-0.083008,0.71201,59
307,46,0,1.4346,-0.03125,0.71201,36
307,46,0,1.4629,0.056641,0.71201,13
307,46,0,1.375,-0.068359,1.068,6
307,46,0,1.4043,-0.074219,1.068,6
307,46,0.20605,1.2959,0.12012,-0.71201,8
307,46,0.16797,1.3271,0.16016,-0.71201,8
307,46,0.15723,1.249,-0.048828,-0.356,13
307,46,0.20117,1.2725,0.042969,-0.356,22
307,46,0.24707,1.2881,0.12598,-0.356,29
307,46,0.21094,1.3154,0.19922,-0.356,30
307,46,0.21484,1.3301,0.28027,-0.356,22
307,46,0,1.4053,0.025391,-0.356,8
307,46,-0.5957,1.4717,2.2129,0,4
307,46,-0.60254,1.8428,1.9551,0,5
307,46,-0.20117,0.99121,-0.79883,0.356,12
307,46,-0.54883,0.36133,1.3086,0.356,18
307,46,-0.51074,1.6719,2.0889,0.356,8
307,46,-0.43066,1.5537,2.2314,0.356,10
307,46,0.43457,2.7109,-0.4502,0.356,8
307,46,-0.54883,0,1.4063,0.71201,7
307,46,0.65918,1.2148,-0.25781,-0.356,7
330,13,0.15332,1.2207,0,0.356,6
330,13,0.19727,1.2432,-0.045898,0.356,11
330,13,0.24121,1.2656,0.035156,0.356,14
330,13,0.24707,1.2939,0.041016,0.356,14
330,13,0.29492,1.3018,0.18652,0.356,11
330,13,0.30078,1.3418,0.069336,0.356,9
330,13,0.39551,1.3486,0.029297,0.356,11
330,13,0.3584,1.3877,0.064453,0.356,10
330,13,0.19727,1.2412,-0.081055,-0.356,10
330,13,0.24121,1.2646,-0.044922,-0.356,13
330,13,0.24707,1.2939,-0.029297,-0.356,13
330,13,0.25293,1.3223,0.063477,-0.356,10
330,13,0.34375,1.333,0,-0.356,9
332,5,0.20117,1.2656,0.13184,0.356,6
332,5,0.20605,1.291,0.16504,0.356,7
332,5,0.16797,1.3018,0.30371,0.356,6
332,5,0.24707,1.2842,0.16504,-0.356,7
332,5,0.16797,1.3223,0.19922,-0.356,6
333,8,0.16113,1.2168,0.39355,0.356,10
333,8,0.12402,1.2139,0.49805,0.356,14
333,8,0.12598,1.251,0.48438,0.356,14
333,8,0.085938,1.2598,0.54785,0.356,9
333,8,0.080078,1.2197,0.40723,-0.356,11
333,8,0.12402,1.2432,0.41895,-0.356,18
333,8,0.12598,1.2725,0.4248,-0.356,18
333,8,0.12891,1.3018,0.42773,-0.356,12
334,25,0.079102,1.1299,0.55176,0,9
334,25,0.080078,1.1592,0.55762,0,14
334,25,0.041016,1.1436,0.6543,0,14
334,25,0.083984,1.1396,0.71387,0,12
334,25,0.085938,1.1035,0.81836,0,10
334,25,0.043945,1.1484,0.81055,0,8
334,25,0,1.1924,0.68848,-1.068,6
334,25,0.039063,1.1768,0.44727,-0.71201,7
334,25,0.080078,1.1973,0.46973,-0.71201,13
334,25,0.041016,1.1836,0.57813,-0.71201,18
334,25,0.041992,1.2158,0.57813,-0.71201,23
334,25,0.085938,1.2148,0.6416,-0.71201,26
334,25,0.043945,1.2432,0.65527,-0.71201,23
334,25,0.089844,1.2607,0.68066,-0.71201,15
334,25,0.077148,1.1064,0.53125,-0.356,5
334,25,0.039063,1.1582,0.49316,-0.356,13
334,25,0.080078,1.1729,0.52832,-0.356,21
334,25,0.041016,1.1787,0.58887,-0.356,24
334,25,0.083984,1.1611,0.67773,-0.356,28
334,25,0.042969,1.1982,0.67676,-0.356,31
334,25,0.043945,1.2109,0.71289,-0.356,27
334,25,0.044922,1.1777,0.81934,-0.356,17
334,25,-0.43262,0.9248,-0.7373,-0.71201,4
334,25,-0.42285,1.0225,-0.53809,-0.356,3
334,25,-0.39355,0.97852,-0.68848,-0.356,7
335,64,0.037109,1.0605,0.56152,0,9
335,64,0.038086,1.082,0.58398,0,17
335,64,0,1.0771,0.65234,0,20
335,64,0,1.0391,0.76172,0,18
335,64,0,1.1914,-0.56348,0,14
335,64,0,1.3291,-0.21777,0,14
335,64,0.042969,1.375,-0.043945,0,18
335,64,0,1.3994,-0.13477,0,17
335,64,0.044922,1.4189,-0.21191,0,14
335,64,0,1.2998,0.67383,0,11
335,64,0.046875,1.4043,0.50781,0,9
335,64,0.066406,2.1328,0.13379,0,9
335,64,0.13574,2.1553,0.17969,0,16
335,64,0.068359,2.0977,0.64746,0,18
335,64,0.13867,2.0723,0.80078,0,15
335,64,-0.039063,0.52734,-1.1426,0.356,9
335,64,0.32227,1.2207,0.25781,0.356,18
335,64,0.3291,1.2256,0.35645,0.356,32
335,64,0.29492,1.2432,0.42773,0.356,38
335,64,0.042969,1.376,-0.032227,0.356,47
335,64,0,1.3984,-0.14648,0.356,46
335,64,0,1.3906,-0.35254,0.356,35
335,64,0,1.1699,0.87988,0.356,28
335,64,0.09375,1.3369,0.65918,0.356,25
335,64,0.32227,1.2051,0.32227,0.71201,6
335,64,0.3291,1.2021,0.42969,0.71201,10
335,64,0.29492,1.2373,0.44434,0.71201,12
335,64,0,1.374,-0.080078,0.71201,16
335,64,-0.043945,1.3857,-0.23145,0.71201,14
335,64,-0.13477,1.1035,-0.9082,0.71201,10
335,64,0.045898,1.21,0.82422,0.71201,12
335,64,0.09375,1.3779,0.57031,0.71201,14
335,64,0.047852,1.4111,0.57129,0.71201,9
335,64,0,1.0957,0.55957,-2.492,7
335,64,0.039063,1.1172,0.5791,-2.492,9
335,64,0.080078,1.1621,0.55078,-2.492,9
335,64,0.037109,1.0674,0.5498,-2.136,15
335,64,0.038086,1.1182,0.51172,-2.136,28
335,64,0.039063,1.1504,0.50977,-2.136,36
335,64,0.040039,1.1572,0.56445,-2.136,32
335,64,0.041016,1.207,0.52734,-2.136,19
335,64,0,1.2695,0.45117,-2.136,7
335,64,0.037109,1.083,0.51758,-1.78,18
335,64,0,1.1035,0.54297,-1.78,36
335,64,0.039063,1.1318,0.55078,-1.78,49
335,64,0.040039,1.1563,0.56836,-1.78,45
335,64,0.041016,1.1836,0.57813,-1.78,27
335,64,0,1.2119,0.58887,-1.78,10
335,64,0.036133,1.0654,0.48633,-1.424,13
335,64,0.075195,1.0986,0.47949,-1.424,38
335,64,0.038086,1.1445,0.44922,-1.424,67
335,64,0.039063,1.1787,0.44238,-1.424,77
335,64,0.040039,1.2119,0.43555,-1.424,61
335,64,0,1.2383,0.4502,-1.424,31
335,64,0,1.2842,0.40723,-1.424,8
335,64,0.073242,1.0439,0.52734,-1.068,35
335,64,0.075195,1.0811,0.5166,-1.068,104
335,64,0.038086,1.124,0.49707,-1.068,185
335,64,0.039063,1.1543,0.50293,-1.068,217
335,64,0.040039,1.1836,0.50781,-1.068,174
335,64,0.041016,1.2139,0.5127,-1.068,91
335,64,0,1.2549,0.49023,-1.068,27
335,64,0.073242,1.0264,0.55957,-0.71201,23
335,64,0.037109,1.0713,0.54199,-0.71201,68
336,64,0.19727,1.2217,-0.23633,0,6
336,64,0.080078,1.2861,0.021484,0,5
336,64,-0.41211,0.31055,1.2129,0,5
336,64,-0.4209,0,-1.2842,0,9
336,64,0.17188,1.3613,0.1123,0,14
336,64,0.17578,1.3916,0.09375,0,21
336,64,0.17969,1.416,0.15039,0,24
336,64,0.22852,1.4336,0.19531,0,23
336,64,0.18652,1.4697,0.18945,0,16
336,64,0.23828,1.4805,0.26953,0,9
336,64,0.38477,2.4209,-0.20898,0,7
336,64,0.38867,2.4277,-0.38965,0,10
336,64,0.31445,2.4717,-0.37207,0,10
336,64,0.31836,2.4805,-0.48633,0,8
336,64,0.1875,1.1729,-0.17773,0.356,7
336,64,0.23047,1.1982,-0.15332,0.356,19
336,64,0.19727,1.2148,-0.26855,0.356,29
336,64,0.20117,1.2002,-0.42285,0.356,24
336,64,-0.37109,0.78809,0.98926,0.356,9
336,64,0.33691,1.209,0.48926,0.356,26
336,64,0.25781,1.2793,0.43848,0.356,35
336,64,0.17578,1.3506,0.34668,0.356,41
336,64,0.13477,1.3975,0.2959,0.356,49
336,64,0.18262,1.418,0.31738,0.356,49
336,64,0.18652,1.4395,0.35254,0.356,36
336,64,0.19043,1.4746,0.32813,0.356,21
336,64,0.30762,2.4326,-0.20703,0.356,18
336,64,0.38867,2.4365,-0.3291,0.356,27
336,64,0.39355,2.4688,-0.30762,0.356,28
336,64,0.39844,2.4912,-0.36035,0.356,21
336,64,0.32227,2.5234,-0.41602,0.356,10
336,64,0.15723,1.2363,-0.17871,0.71201,8
336,64,0.20117,1.2129,-0.38672,0.71201,7
336,64,0.041992,0.99707,0.90527,0.71201,8
336,64,0.085938,1.3291,0.34863,0.71201,16
336,64,0.087891,1.3877,0.20996,0.71201,22
336,64,0.13477,1.3916,0.32227,0.71201,24
336,64,0.1377,1.4199,0.33105,0.71201,21
336,64,0.13965,1.4375,0.38086,0.71201,15
336,64,0.31152,2.4629,-0.18164,0.71201,9
336,64,0.31445,2.4932,-0.16895,0.71201,9
336,64,0,0.93652,0.33691,-3.56,7
336,64,0,0.84277,0.41016,-3.204,10
336,64,0,0.88477,0.38965,-3.204,14
336,64,0,0.91895,0.38379,-3.204,12
336,64,0,0.98828,0.36621,-3.204,10
336,64,0,1.0176,0.37207,-3.204,17
336,64,0,1.0234,0.43652,-3.204,15
336,64,0,1.0605,0.42383,-3.204,8
336,64,-0.029297,0.85742,0.37695,-2.848,10
336,64,0,0.87695,0.40527,-2.848,13
336,64,-0.0625,0.87305,0.47559,-2.848,9
336,64,0.032227,0.92969,0.43066,-2.848,9
336,64,0,0.9707,0.41211,-2.848,29
336,64,0.03418,0.99414,0.43066,-2.848,41
336,64,0.035156,1.0156,0.45508,-2.848,36
336,64,0,1.0518,0.44531,-2.848,20
336,64,0.036133,1.083,0.44531,-2.848,7
336,64,0,0.88379,0.3916,-2.492,6
336,64,0.032227,0.92383,0.44336,-2.492,11
336,64,0.033203,0.93848,0.47949,-2.492,25
336,64,0.03418,0.97949,0.46191,-2.492,33
336,64,0.035156,1.0029,0.48242,-2.492,30
336,64,0,1.0449,0.46191,-2.492,17
337,64,0,0.87598,-0.068359,0,6
337,64,-0.02832,0.90723,-0.029297,0,10
337,64,0,0.93652,-0.029297,0,10
337,64,0,0.96582,-0.043945,0,7
337,64,0.12109,1.2822,0.041992,0,19
337,64,0.082031,1.3125,0.092773,0,33
337,64,0.083984,1.3438,0.060547,0,44
337,64,0.085938,1.374,-0.0058594,0,42
337,64,0.087891,1.3926,-0.16895,0,29
337,64,0.40332,1.3672,-0.16504,0,21
337,64,0.41211,1.3965,-0.15918,0,18
337,64,0,0.84961,0,0.356,6
337,64,0,0.87891,0.0087891,0.356,15
337,64,0,0.9082,0.010742,0.356,22
337,64,0,0.93652,0.029297,0.356,23
337,64,0,0.9668,0.0097656,0.356,16
337,64,0.24121,1.2598,-0.12695,0.356,33
337,64,0.24707,1.2832,-0.1709,0.356,32
337,64,0.33691,1.3018,-0.088867,0.356,26
337,64,0.43066,1.3066,-0.052734,0.356,50
337,64,0.43945,1.332,-0.09375,0.356,75
337,64,0.44824,1.3555,-0.1416,0.356,79
337,64,0.45801,1.377,-0.19922,0.356,59
337,64,-0.054688,0.875,0.057617,0.71201,14
337,64,-0.02832,0.90625,0.045898,0.71201,21
337,64,0,0.93555,0.050781,0.71201,21
337,64,-0.030273,0.96582,0.025391,0.71201,15
337,64,0.041992,1.3232,-0.24805,0.71201,13
337,64,0.38672,1.3164,0.11426,0.71201,15
337,64,0.39551,1.3486,-0.018555,0.71201,22
337,64,0.44824,1.3594,-0.10156,0.71201,24
337,64,0.45801,1.3789,-0.18652,0.71201,17
337,64,-0.10254,0.8125,-0.039063,1.424,11
337,64,-0.10645,0.83984,-0.064453,1.424,19
337,64,-0.082031,0.87402,-0.040039,1.424,23
337,64,-0.056641,0.9043,-0.057617,1.424,19
337,64,-0.087891,0.93066,-0.067383,1.424,10
337,64,-0.10254,0.8125,-0.046875,1.78,11
337,64,-0.10645,0.8418,-0.032227,1.78,19
337,64,-0.082031,0.875,-0.0097656,1.78,22
337,64,-0.11328,0.90039,-0.024414,1.78,17
337,64,-0.11719,0.92969,-0.0058594,1.78,9
337,64,-0.13281,0.83887,-0.014648,2.136,5
337,64,-0.1377,0.86719,0.035156,2.136,6
337,64,0.27539,1.1885,-0.31445,-0.71201,6
337,64,-0.24121,0.95313,0.83203,-0.71201,14
337,64,-0.20605,1.0781,0.72949,-0.71201,20
337,64,0,1.3115,0.30957,-0.71201,26
337,64,0.042969,1.3477,0.2793,-0.71201,28
337,64,0,1.3457,0.40625,-0.71201,22
337,64,0,1.3428,0.50586,-0.71201,15
337,64,0,1.3477,0.57227,-0.71201,8
337,64,0.26953,1.1807,-0.21484,-0.356,7
337,64,-0.19727,0.90723,0.85156,-0.356,16
337,64,-0.16113,1.0537,0.72363,-0.356,32
337,64,-0.082031,1.2158,0.50293,-0.356,50
337,64,0,1.2979,0.3623,-0.356,72
337,64,0.042969,1.3252,0.36914,-0.356,78
337,64,0.043945,1.3174,0.48828,-0.356,65
337,64,0,1.252,0.70117,-0.356,46
337,64,0.45801,1.3662,-0.26465,-0.356,30
337,64,-0.12109,1.1465,0.57617,0,19
337,64,-0.042969,0.76465,-1.1436,0.356,31
337,64,-0.087891,0.30957,-1.3682,0.356,46
338,64,0,1.2275,-0.075195,0,17
338,64,-0.039063,1.2578,-0.054688,0,55
338,64,0,1.2871,-0.064453,0,105
338,64,0,1.3164,-0.055664,0,134
338,64,0,1.3467,-0.03125,0,124
338,64,0,1.376,0.047852,0,82
338,64,0,1.3643,0.33984,0,37
338,64,0.40332,1.3584,-0.22656,0,24
338,64,0.27441,1.4336,-0.11523,0,23
338,64,0.28027,1.46,-0.14355,0,17
338,64,0.037109,1.1982,0.075195,0.356,8
338,64,0.038086,1.2285,0.037109,0.356,48
338,64,0.039063,1.2588,0.022461,0.356,144
338,64,0.040039,1.2881,0.0078125,0.356,260
338,64,0.041016,1.3174,-0.0058594,0.356,323
338,64,0,1.3467,-0.018555,0.356,278
338,64,0,1.377,0,0.356,172
338,64,0,1.3916,0.19727,0.356,77
338,64,0.49316,1.2988,-0.3584,0.356,51
338,64,0.45801,1.3662,-0.26172,0.356,44
338,64,0.41992,1.4082,-0.26855,0.356,26
338,64,0,1.2285,0.060547,0.71201,23
338,64,0,1.2588,0.039063,0.71201,71
338,64,0,1.2881,0.02832,0.71201,128
338,64,0,1.3184,0.016602,0.71201,161
338,64,0,1.3477,0.0058594,0.71201,144
338,64,0,1.377,0,0.71201,92
338,64,0,1.4043,0.055664,0.71201,45
338,64,0,1.3896,0.3584,0.71201,22
338,64,0.45801,1.3652,-0.26855,0.71201,15
338,64,0.069336,2.209,0.2666,0.71201,10
338,64,0,2.2451,0.20898,0.71201,10
338,64,0,2.2148,0.22363,1.068,8
338,64,0,2.2402,0.25586,1.068,8
338,64,0,2.2549,-0.040039,1.78,7
338,64,0,2.2813,-0.12012,1.78,6
338,64,0,1.0771,-0.38086,2.492,7
338,64,-0.036133,1.0781,-0.45703,2.492,6
338,64,0,1.0723,-0.29883,2.848,7
338,64,0,1.1104,-0.26855,2.848,9
338,64,0,1.1289,-0.31348,2.848,7
338,64,0.13477,1.4014,-0.28027,-1.068,9
338,64,0.1377,1.4404,-0.22656,-1.068,11
338,64,0.18652,1.4697,-0.19238,-1.068,10
338,64,0.094727,1.502,-0.23047,-1.068,6
338,64,0.19238,1.2148,0.021484,-0.71201,9
338,64,0.15723,1.248,-0.058594,-0.71201,19
338,64,0.16113,1.2764,-0.073242,-0.71201,28
338,64,0.16504,1.2979,-0.16113,-0.71201,27
338,64,0.12598,1.291,-0.36328,-0.71201,16
338,64,0.17578,1.3857,-0.15527,-0.71201,27
338,64,0.13477,1.417,-0.18555,-0.71201,44
338,64,0.1377,1.4443,-0.19727,-0.71201,47
338,64,0.13965,1.4736,-0.2002,-0.71201,35
338,64,0.19043,1.4971,-0.20703,-0.71201,18
338,64,0.1123,1.1885,0.13184,-0.356,6
338,64,0.19238,1.2148,0.022461,-0.356,27
338,64,0.15723,1.249,0.012695,-0.356,61
338,64,0.20117,1.2725,-0.024414,-0.356,89
338,64,0.16504,1.3057,-0.079102,-0.356,88
338,64,0.12598,1.3193,-0.24121,-0.356,55
338,64,0,0.85742,-1.0771,-0.356,15
338,64,0.17578,1.3936,-0.050781,-0.356,32
338,64,0.13477,1.4238,-0.12012,-0.356,56
339,64,0.19238,1.2119,-0.092773,0,9
339,64,0.19727,1.2422,-0.063477,0,16
339,64,0.20117,1.2725,0.0029297,0,21
339,64,0,1.29,-0.27148,0,31
339,64,0,1.333,-0.19434,0,37
339,64,0.042969,1.3652,-0.16797,0,31
339,64,0.043945,1.3838,-0.24219,0,15
339,64,0.40332,1.3506,-0.26953,0,5
339,64,0,1.4424,0.25195,0,8
339,64,0.15039,1.1885,-0.086914,0.356,10
339,64,0.19238,1.2109,-0.10059,0.356,34
339,64,0.19727,1.2383,-0.11719,0.356,66
339,64,0.16113,1.2715,-0.13574,0.356,90
339,64,0.082031,1.3105,-0.11816,0.356,105
339,64,0.041992,1.3389,-0.14746,0.356,107
339,64,0,1.3604,-0.20898,0.356,79
339,64,0,1.3525,-0.38379,0.356,40
339,64,0.089844,1.1953,-0.78906,0.356,11
339,64,0.41211,1.3291,-0.45703,0.356,13
339,64,0.16797,2.668,-0.33691,0.356,7
339,64,0.25488,2.6621,-0.51563,0.356,6
339,64,0.15332,1.2168,-0.088867,0.71201,10
339,64,0,1.2568,-0.084961,0.71201,20
339,64,0,1.2793,-0.15625,0.71201,48
339,64,0,1.3086,-0.15723,0.71201,75
339,64,0,1.3379,-0.16309,0.71201,77
339,64,0,1.3633,-0.19043,0.71201,55
339,64,0,1.3857,-0.23438,0.71201,24
339,64,0.24707,2.5518,-0.61523,0.71201,8
339,64,0.33301,2.6045,-0.45801,0.71201,15
339,64,0.33691,2.625,-0.50879,0.71201,19
339,64,0.34082,2.6621,-0.46582,0.71201,16
339,64,0.34375,2.7002,-0.41309,0.71201,10
339,64,0.039063,1.25,-0.15039,1.068,14
339,64,0,1.2646,-0.24609,1.068,36
339,64,0,1.2861,-0.29004,1.068,59
339,64,0,1.3018,-0.34668,1.068,64
339,64,0,1.3242,-0.375,1.068,50
339,64,0,1.3467,-0.40234,1.068,28
339,64,0,1.374,-0.41602,1.068,12
339,64,0.25,2.5879,-0.58594,1.068,10
339,64,0.33691,2.6191,-0.53613,1.068,13
339,64,0.42578,2.6543,-0.43848,1.068,12
339,64,0.34375,2.6934,-0.45508,1.068,7
339,64,0,1.249,-0.1582,1.424,13
339,64,0,1.2705,-0.21875,1.424,31
339,64,0,1.292,-0.2627,1.424,48
339,64,0,1.3174,-0.28418,1.424,52
339,64,0,1.3486,-0.27637,1.424,40
339,64,0,1.375,-0.29102,1.424,22
339,64,0,1.4014,-0.30859,1.424,9
339,64,0.23047,1.1924,-0.19434,-0.71201,14
339,64,0.19727,1.2266,-0.20508,-0.71201,26
339,64,0.24121,1.2529,-0.18359,-0.71201,32
339,64,0.24707,1.2832,-0.1709,-0.71201,29
339,64,0.21094,1.3232,-0.13867,-0.71201,18
339,64,0.25781,1.3486,0.099609,-0.71201,9
339,64,0.22559,1.1709,-0.14355,-0.356,16
339,64,0.23047,1.2002,-0.1416,-0.356,49
339,64,0.19727,1.2344,-0.15039,-0.356,89
339,64,0.24121,1.2578,-0.14453,-0.356,113
339,64,0.24707,1.2871,-0.13574,-0.356,100
339,64,0.25293,1.3213,-0.080078,-0.356,63
339,64,0.30078,1.3174,0.26367,-0.356,32
340,45,0.15723,1.209,-0.31445,0,5
340,45,0,1.1992,-0.4707,0,9
340,45,0,1.2666,-0.36426,0,29
340,45,0,1.3193,-0.27344,0,66
340,45,0,1.3545,-0.24316,0,102
340,45,0.043945,1.3867,-0.22656,0,109
340,45,0.044922,1.4189,-0.21289,0,83
340,45,0.091797,1.4453,-0.21484,0,45
340,45,0.09375,1.4766,-0.2041,0,16
340,45,0.1875,1.1768,-0.14941,0.356,6
340,45,0.23047,1.2021,-0.12109,0.356,16
340,45,0.19727,1.2227,-0.23047,0.356,23
340,45,0.24121,1.0313,-0.7334,0.356,18
340,45,0,1.3184,-0.0048828,0.356,55
340,45,0,1.3438,-0.09375,0.356,132
340,45,0.042969,1.3701,-0.12207,0.356,204
340,45,0.043945,1.3975,-0.14355,0.356,216
340,45,0,1.4268,-0.15625,0.356,161
340,45,0.045898,1.4531,-0.17285,0.356,86
340,45,0.046875,1.4814,-0.18652,0.356,31
340,45,0,1.3164,-0.056641,0.71201,28
340,45,0,1.3438,-0.095703,0.71201,65
340,45,0.042969,1.3711,-0.10938,0.71201,98
340,45,0,1.4014,-0.1123,0.71201,104
340,45,0,1.4297,-0.12109,0.71201,76
340,45,0.045898,1.459,-0.11523,0.71201,40
340,45,0.046875,1.4873,-0.12695,0.71201,13
340,45,0.15332,1.1807,-0.30762,-0.71201,6
340,45,0.19727,1.1699,-0.42188,-0.71201,9
340,45,0.16113,0.99707,-0.80078,-0.71201,8
340,45,0.082031,0.8418,1.0107,-0.71201,7
340,45,0.16797,1.2441,0.48828,-0.71201,9
340,45,0.12891,1.3408,0.28418,-0.71201,8
340,45,0.1875,1.1729,-0.17773,-0.356,8
340,45,0.19238,1.1963,-0.21191,-0.356,21
340,45,0.19727,1.1924,-0.35547,-0.356,31
340,45,0.20117,1.04,-0.7334,-0.356,28
340,45,0.12402,0.70117,1.1084,-0.356,26
340,45,0.12598,1.1797,0.63867,-0.356,30
340,45,0.21484,1.3125,0.35352,-0.356,26
340,45,0.17578,1.3877,0.14355,-0.356,15
340,45,-0.16113,1.2549,0.24316,0.356,16
340,45,-0.23633,0.76367,0.97266,-0.71201,5
340,45,-0.23047,0.54883,1.0762,-0.356,11
340,45,-0.39551,0,1.3984,-0.356,8
341,44,0.19727,1.2314,-0.17969,0,5
341,44,0.24121,1.2363,-0.27051,0,5
341,44,0,1.4033,0.087891,0,7
341,44,0.1875,1.1855,-0.03125,0.356,7
341,44,0.19238,1.2109,-0.10449,0.356,18
341,44,0.23633,1.2266,-0.15723,0.356,26
341,44,0.20117,1.2402,-0.28613,0.356,23
341,44,0.16504,1.2227,-0.46484,0.356,10
341,44,-0.083984,0.58301,-1.2119,0.356,5
341,44,-0.085938,0.99121,-0.95117,0.356,13
341,44,0,1.208,-0.71973,0.356,21
341,44,0,1.3047,-0.59766,0.356,23
341,44,0.19727,1.2344,-0.15723,0.71201,7
341,44,0.16113,1.2422,-0.30273,0.71201,6
341,44,0.23633,1.2031,-0.28613,-0.71201,10
341,44,0.24121,1.1699,-0.4834,-0.71201,9
341,44,0.1875,1.1719,-0.18555,-0.356,9
341,44,0.23047,1.1914,-0.20215,-0.356,23
341,44,0.23633,1.2119,-0.24707,-0.356,33
341,44,0.20117,1.2256,-0.34473,-0.356,30
341,44,0.20605,1.2012,-0.50195,-0.356,15
341,44,0.33691,1.2949,-0.16113,-0.356,6
341,44,0.38672,1.3154,-0.11719,-0.356,13
341,44,0.43945,1.3311,-0.10645,-0.356,23
341,44,0.44824,1.3613,-0.070313,-0.356,26
341,44,1.5078,0,1.7705,-0.356,13
341,44,-0.24121,0.85059,0.9375,0,3
341,44,0.35156,1.3301,-0.28809,0,6
341,44,-0.22559,0.25098,1.1523,0.356,4
341,44,-0.28223,0.69629,1.0469,0.356,12
341,44,-0.3291,0.91895,0.88574,0.356,7
341,44,0.29492,1.3145,-0.023438,0.356,4
341,44,0.43066,1.3057,0.076172,0.356,9
341,44,0.43945,1.3271,0.15137,0.356,14
341,44,0.44824,1.3467,0.20996,0.356,15
341,44,-0.28223,0.69629,1.0469,-0.71201,5
341,44,-0.22559,0.41309,1.1045,-0.356,5
341,44,-0.27539,0.66797,1.0313,-0.356,17
341,44,-0.24121,0.79395,0.98535,-0.356,17
341,44,-0.28809,0.95215,0.86523,-0.356,10
341,44,-0.12598,0.83008,1.0537,-0.356,5
341,44,-0.085938,0.46973,1.291,-0.356,10
341,44,-0.087891,0.58301,-1.2764,-0.356,16
341,44,-0.044922,0.85254,-1.1533,-0.356,19
342,55,0.15723,1.2451,-0.10645,0,4
342,55,0.20117,1.2686,-0.10938,0,5
342,55,0.29492,1.3115,-0.083984,0,5
342,55,0.38672,1.3018,-0.22266,0,10
342,55,0.43945,1.3242,-0.17578,0,17
342,55,0.40332,1.3662,-0.17285,0,20
342,55,0.41211,1.3916,-0.19727,0,17
342,55,0.41992,1.4219,-0.18164,0,11
342,55,0.22559,1.1768,-0.081055,0.356,10
342,55,0.23047,1.2051,-0.084961,0.356,24
342,55,0.19727,1.2422,-0.056641,0.356,38
342,55,0.24121,1.2646,-0.058594,0.356,43
342,55,0.24707,1.2939,-0.042969,0.356,35
342,55,0.25293,1.3232,-0.036133,0.356,23
342,55,0.34375,1.3311,-0.074219,0.356,23
342,55,0.43945,1.3311,-0.1084,0.356,34
342,55,0.40332,1.373,-0.10156,0.356,40
342,55,0.41211,1.3975,-0.14648,0.356,35
342,55,0.4668,1.4121,-0.14063,0.356,22
342,55,0.19238,1.2129,-0.06543,0.71201,6
342,55,0.19727,1.2441,0.0087891,0.71201,10
342,55,0.20117,1.2725,-0.024414,0.71201,11
342,55,0.16504,1.3076,-0.013672,0.71201,9
342,55,0.35156,1.3564,-0.10938,0.71201,8
342,55,0.40332,1.377,-0.013672,0.71201,10
342,55,0.45801,1.3906,-0.024414,0.71201,9
342,55,0.23047,1.1855,-0.23145,-0.71201,8
342,55,0.23633,1.2168,-0.22168,-0.71201,12
342,55,0.20117,1.2607,-0.1748,-0.71201,14
342,55,0.20605,1.292,-0.15723,-0.71201,11
342,55,0.25293,1.3174,-0.12305,-0.71201,9
342,55,0.34375,1.3115,-0.23926,-0.71201,12
342,55,0.39551,1.3291,-0.23438,-0.71201,19
342,55,0.44824,1.3398,-0.25098,-0.71201,23
342,55,0.45801,1.3662,-0.25977,-0.71201,20
342,55,0.41992,1.4023,-0.29688,-0.71201,12
342,55,0.1875,1.1748,-0.16406,-0.356,11
342,55,0.23047,1.1982,-0.1543,-0.356,28
342,55,0.23633,1.2285,-0.14355,-0.356,46
342,55,0.24121,1.2578,-0.14063,-0.356,50
342,55,0.24707,1.2891,-0.12402,-0.356,41
342,55,0.29492,1.3057,-0.15332,-0.356,31
342,55,0.38672,1.3086,-0.18359,-0.356,40
342,55,0.43945,1.3193,-0.2041,-0.356,61
342,55,0.44824,1.3467,-0.21387,-0.356,74
342,55,0.45801,1.3721,-0.22754,-0.356,64
342,55,0.41992,1.4121,-0.24512,-0.356,40
342,55,-0.13965,0.89063,1.1914,0,6
342,55,-0.1377,0.53711,1.3555,0.356,18
342,55,-0.13965,0.60645,1.3584,0.356,12
342,55,-0.19727,0.62793,1.0742,-0.71201,7
342,55,-0.24707,0.48633,1.1992,-0.71201,6
342,55,-0.25293,0.70801,1.1182,-0.71201,5
342,55,-0.13965,0.89063,1.1914,-0.71201,7
342,55,-0.13965,0.83398,1.2314,-0.356,22
343,33,0.38672,1.3018,-0.22461,0,6
343,33,0.39551,1.334,-0.2002,0,9
343,33,0.40332,1.3281,-0.36426,0,10
343,33,0.41211,1.3711,-0.30859,0,8
343,33,0.19238,1.2148,0,0.356,10
343,33,0.19727,1.2432,-0.049805,0.356,16
343,33,0.16113,1.2783,0.041992,0.356,20
343,33,0.20605,1.2979,0.10352,0.356,20
343,33,0.21094,1.3193,0.17285,0.356,14
343,33,0.43066,1.2861,-0.23438,0.356,16
343,33,0.43945,1.3232,-0.18164,0.356,26
343,33,0.40332,1.3643,-0.19043,0.356,27
343,33,1.373,0,1.6748,0.356,8
343,33,1.3955,0,-1.7559,0.356,8
343,33,0.39551,1.293,-0.38477,-0.71201,12
343,33,0.40332,1.3242,-0.37695,-0.71201,13
343,33,0.23047,1.1943,-0.18359,-0.356,11
343,33,0.19727,1.2383,-0.12207,-0.356,18
343,33,0.20117,1.2695,-0.09082,-0.356,22
343,33,0.20605,1.3018,-0.019531,-0.356,20
343,33,0.21094,1.2324,-0.50098,-0.356,14
343,33,0.43066,1.2656,-0.33008,-0.356,26
343,33,0.43945,1.3066,-0.27637,-0.356,41
343,33,0.44824,1.332,-0.29004,-0.356,45
343,33,0.41211,1.3633,-0.33984,-0.356,33
343,33,1.4277,0,1.5547,-0.356,11
343,33,1.5078,0,1.6563,-0.356,11
343,33,0.49414,0,1.7568,0.356,5
343,33,0.55859,0,-1.7461,0.356,5
343,33,-0.13477,1.002,1.0195,-0.71201,7
343,33,-0.1377,0.93164,1.1221,-0.356,17
343,33,0.49414,1.0127,1.3486,-0.356,7
343,33,0.55859,0.9873,1.3799,-0.356,7
344,15,0.15332,1.21,-0.1582,0.356,5
344,15,0.19727,1.2363,-0.13379,0.356,9
344,15,0.20117,1.2725,-0.045898,0.356,10
344,15,0.20605,1.3018,0.03418,0.356,9
344,15,0.21094,1.3301,-0.030273,0.356,8
344,15,0.085938,1.373,-0.047852,0.356,7
344,15,0.087891,1.4023,-0.037109,0.356,7
344,15,0.19238,1.2109,-0.10449,-0.356,6
344,15,0.23633,1.2266,-0.15723,-0.356,10
344,15,0.20117,1.2637,-0.15527,-0.356,11
344,15,0.20605,1.2939,-0.1416,-0.356,10
344,15,0.25293,1.3193,-0.099609,-0.356,9
344,15,0.12891,1.3682,-0.085938,-0.356,8
344,15,0.043945,1.4023,-0.082031,-0.356,8
344,15,-0.4834,0.66211,1.1426,-0.356,5
368,7,0.39551,1.3486,-0.045898,0.356,9
368,7,0.40332,1.3721,-0.12207,0.356,10
368,7,0.45801,1.3721,-0.23145,0.356,9
368,7,0.35156,1.3457,-0.20703,-0.356,7
368,7,0.40332,1.3555,-0.24414,-0.356,9
368,7,-0.1377,0.84277,1.1895,0.356,5
368,7,-0.13184,0.80859,1.1426,-0.356,4
369,9,0,1.1104,0.70996,0.356,10
369,9,0.041992,1.1367,0.72266,0.356,13
369,9,0.042969,1.1973,0.67871,0.356,11
369,9,0,1.2363,0.66895,0.356,6
369,9,0.041016,1.1748,0.59668,-0.356,13
369,9,0.041992,1.2217,0.56641,-0.356,16
369,9,0.042969,1.2646,0.54297,-0.356,14
369,9,0.043945,1.2939,0.54883,-0.356,9
369,9,-0.41211,0.83203,-0.93555,-0.356,7
370,37,0.079102,1.1367,0.53711,0,12
370,37,0.040039,1.1787,0.52051,0,25
370,37,0,1.2002,0.54492,0,34
370,37,0.041992,1.2354,0.53516,0,34
370,37,0.042969,1.2832,0.49609,0,27
370,37,0.043945,1.3506,0.38867,0,17
370,37,0.13477,1.4033,0.26953,0,11
370,37,0.091797,1.3857,0.46484,0,7
370,37,0.23633,1.1875,0.3457,0.356,14
370,37,0.20117,1.2012,0.42188,0.356,28
370,37,0.24707,1.2148,0.44824,0.356,38
370,37,0.25293,1.2061,0.54492,0.356,32
370,37,0,1.3682,0.15039,0.356,13
370,37,0.043945,1.3789,0.27246,0.356,17
370,37,0.17969,1.4111,0.18652,0.356,23
370,37,0.22852,1.4385,0.14941,0.356,19
370,37,0.2334,1.4717,0.10156,0.356,10
370,37,0.16113,1.1953,0.4541,0.71201,8
370,37,0.20605,1.2139,0.47168,0.71201,11
370,37,0.21094,1.2227,0.52637,0.71201,9
370,37,0.042969,1.3066,0.43066,-1.068,7
370,37,0.079102,1.1738,0.44824,-0.71201,13
370,37,0.080078,1.2119,0.43066,-0.71201,28
370,37,0.082031,1.2432,0.42969,-0.71201,37
370,37,0.083984,1.2656,0.45313,-0.71201,34
370,37,0.042969,1.2852,0.49219,-0.71201,19
370,37,0.043945,1.2783,0.58301,-0.71201,8
370,37,0.15332,1.1768,0.3252,-0.356,10
370,37,0.15723,1.165,0.45215,-0.356,31
370,37,0.12109,1.1992,0.45508,-0.356,64
370,37,0.12402,1.2305,0.45605,-0.356,89
370,37,0.12598,1.2559,0.4707,-0.356,81
370,37,0.085938,1.2803,0.49805,-0.356,48
370,37,0,1.3018,0.53027,-0.356,16
370,37,0.3584,1.3691,-0.2373,-0.356,9
370,37,0.77441,0.58398,-0.97656,0.356,7
370,37,-0.17969,1.3047,0.57031,-0.356,6
371,64,0,0.77539,0.95508,0,5
371,64,0,0.79004,0.98047,0,8
371,64,0.080078,1.2676,0.21973,0,14
371,64,0.16504,1.2793,0.27148,0,23
371,64,0.12598,1.3223,0.22363,0,26
371,64,0.085938,1.3604,0.19141,0,20
371,64,0.087891,1.3232,0.4668,0,12
371,64,0.22461,1.377,0.33691,0,16
371,64,0.22852,1.4209,0.26855,0,12
371,64,0.22559,1.124,-0.35645,0.356,6
371,64,0.19238,1.1865,-0.26172,0.356,12
371,64,0.19727,1.2314,-0.17578,0.356,24
371,64,0.16113,1.2588,0.22461,0.356,42
371,64,0.16504,1.2598,0.35059,0.356,63
371,64,0.12598,1.2979,0.33887,0.356,65
371,64,0.042969,1.3301,0.35059,0.356,42
371,64,0.35156,1.3516,0.16602,0.356,37
371,64,0.26953,1.3818,0.27734,0.356,55
371,64,0.27441,1.4131,0.27148,0.356,47
371,64,0.28027,1.4443,0.25879,0.356,26
371,64,0.15723,1.249,0.017578,0.71201,7
371,64,0.16113,1.2393,0.31641,0.71201,14
371,64,0.16504,1.2412,0.41211,0.71201,21
371,64,0.083984,1.2959,0.3584,0.71201,22
371,64,0.042969,1.3184,0.39453,0.71201,15
371,64,0.30762,1.3486,0.25293,0.71201,12
371,64,0.22461,1.3662,0.37891,0.71201,20
371,64,0.18262,1.4033,0.37695,0.71201,18
371,64,0.18652,1.4365,0.3623,0.71201,12
371,64,0,1.1191,0.51074,-2.492,8
371,64,0.039063,1.0947,0.62109,-2.492,12
371,64,0.040039,1.0205,0.78613,-2.492,13
371,64,0.082031,1.0332,0.81445,-2.492,12
371,64,0.037109,1.0811,0.52051,-2.136,16
371,64,0.038086,1.1035,0.54297,-2.136,28
371,64,0.039063,1.1123,0.58984,-2.136,33
371,64,0.040039,1.1328,0.61426,-2.136,28
371,64,0,1.1416,0.65918,-2.136,16
371,64,0,1.0508,0.58105,-1.78,18
371,64,0.038086,1.0918,0.56445,-1.78,33
371,64,0.039063,1.1074,0.59766,-1.78,40
371,64,0.040039,1.1387,0.60254,-1.78,33
371,64,0.041016,1.1895,0.56641,-1.78,19
371,64,0,1.2559,0.48828,-1.78,6
371,64,0,1.0752,0.46582,-1.424,12
371,64,0.075195,1.0957,0.48535,-1.424,43
371,64,0.038086,1.1309,0.4834,-1.424,83
371,64,0.039063,1.1611,0.48633,-1.424,108
371,64,0.040039,1.1914,0.48926,-1.424,94
371,64,0.041016,1.2227,0.49023,-1.424,54
371,64,0,1.2461,0.5127,-1.424,19
371,64,0.036133,1.0654,0.4873,-1.068,19
371,64,0,1.1016,0.47754,-1.068,64
371,64,0.038086,1.1191,0.50977,-1.068,125
371,64,0.039063,1.1465,0.51953,-1.068,159
371,64,0.040039,1.1758,0.52539,-1.068,138
371,64,0,1.21,0.52148,-1.068,79
371,64,0,1.2529,0.49609,-1.068,28
371,64,0,1.0752,0.46582,-0.71201,8
371,64,0,1.084,0.51758,-0.71201,27
371,64,0.038086,1.1016,0.54688,-0.71201,54
371,64,0.039063,1.1377,0.53906,-0.71201,68
371,64,0,1.1699,0.54102,-0.71201,58
371,64,0,1.1973,0.55078,-0.71201,34
372,64,0.15723,1.2432,-0.12891,0,5
372,64,0.20117,1.2715,-0.064453,0,7
372,64,0.28809,1.2842,0.074219,0,8
372,64,0.21094,1.292,0.31738,0,14
372,64,0.17188,1.3438,0.24219,0,29
372,64,0.087891,1.3926,0.1709,0,38
372,64,0.13477,1.418,0.1748,0,34
372,64,0.045898,1.4619,-0.078125,0,19
372,64,0.046875,1.4902,-0.092773,0,8
372,64,0.23047,1.208,-0.038086,0.356,12
372,64,0.23633,1.2363,-0.049805,0.356,27
372,64,0.24121,1.2656,-0.02832,0.356,41
372,64,0.28809,1.2852,-0.051758,0.356,40
372,64,0.33691,1.3037,-0.037109,0.356,19
372,64,0.12891,1.3008,0.43164,0.356,28
372,64,0.17578,1.3779,0.21582,0.356,47
372,64,0.17969,1.4219,0.079102,0.356,45
372,64,0.18262,1.4473,0.125,0.356,34
372,64,0.18652,1.4512,0.29883,0.356,27
372,64,0.23633,1.2373,0.00097656,0.71201,8
372,64,0.20117,1.2715,0.048828,0.71201,12
372,64,0.24707,1.2949,0.0029297,0.71201,12
372,64,0.12891,1.3125,0.39551,0.71201,11
372,64,0.13184,1.3701,0.28516,0.71201,19
372,64,0.089844,1.4219,0.17188,0.71201,21
372,64,0.045898,1.4619,0.068359,0.71201,18
372,64,0,1.4922,0.05957,0.71201,12
372,64,0,0.95117,0.29395,-2.848,9
372,64,0,0.95215,0.37891,-2.848,17
372,64,0,0.98828,0.36719,-2.848,23
372,64,0,1.0098,0.39355,-2.848,24
372,64,0,1.0391,0.39941,-2.848,18
372,64,0,1.0176,0.51953,-2.848,9
372,64,0,0.87598,0.47363,-2.492,9
372,64,0,0.92969,0.43262,-2.492,16
372,64,-0.033203,0.9502,0.45508,-2.492,26
372,64,0,0.98242,0.45703,-2.492,29
372,64,0,1.0029,0.48242,-2.492,24
372,64,0,1.04,0.47168,-2.492,13
372,64,0,1.0332,0.20801,-2.136,6
372,64,0,1.0557,0.24316,-2.136,8
372,64,0,1.083,0.25781,-2.136,8
372,64,0,1.5869,1.2979,-2.136,10
372,64,0,1.3105,1.6143,-2.136,12
372,64,-0.032227,0.9209,0.44824,-1.78,7
372,64,0,0.9502,0.45801,-1.78,11
372,64,0,0.97656,0.46973,-1.78,14
372,64,0,1.0322,0.41504,-1.78,12
372,64,0,1.3564,1.5381,-1.78,14
372,64,0,1.2383,1.6709,-1.78,17
372,64,0,1.5137,1.4678,-1.78,13
372,64,0.12891,1.3457,0.25781,-0.71201,20
372,64,0.13184,1.376,0.25391,-0.71201,29
372,64,0.13477,1.4111,0.22266,-0.71201,27
372,64,0.091797,1.4414,0.24121,-0.71201,18
372,64,0.09375,1.4639,0.28027,-0.71201,11
372,64,0.23633,1.2266,-0.15723,-0.356,18
372,64,0.28223,1.2471,-0.16016,-0.356,30
372,64,0.28809,1.2646,-0.23438,-0.356,32
372,64,0.25293,1.166,-0.62598,-0.356,23
372,64,0.12891,1.3174,0.37695,-0.356,44
372,64,0.13184,1.377,0.25195,-0.356,64
372,64,0.13477,1.4102,0.22852,-0.356,61
372,64,0.1377,1.4355,0.25586,-0.356,44
373,64,-0.082031,0.86523,0.12793,0,8
373,64,-0.084961,0.89258,0.14355,0,15
373,64,-0.087891,0.91797,0.16699,0,18
373,64,-0.09082,0.95605,0.11328,0,16
373,64,-0.12402,0.98633,0.0625,0,9
373,64,-0.40234,0.29785,1.1875,0,21
373,64,-0.37109,0.4707,1.1738,0,43
373,64,-0.37891,0.57227,1.1592,0,56
373,64,-0.38672,0.65039,1.1494,0,50
373,64,-0.43945,0.58496,1.2002,0,30
373,64,0.3584,1.3643,0.26465,0,20
373,64,0.22852,1.4463,-0.014648,0,18
373,64,0.13965,1.4873,0.0019531,0,12
373,64,-0.12402,0.77539,0.089844,0.356,8
373,64,-0.12793,0.7998,0.12598,0.356,18
373,64,-0.10645,0.83496,0.1123,0.356,26
373,64,-0.1377,0.85938,0.12109,0.356,25
373,64,-0.1416,0.89063,0.10645,0.356,17
373,64,-0.11719,0.92578,0.091797,0.356,13
373,64,-0.12109,0.95703,0.055664,0.356,13
373,64,0.3291,1.1523,0.54785,0.356,16
373,64,0.33691,1.1934,0.52734,0.356,25
373,64,0.38672,1.2432,0.44824,0.356,38
373,64,0.43945,1.333,-0.080078,0.356,57
373,64,0.40332,1.3662,-0.17383,0.356,68
373,64,0.41211,1.3877,-0.21875,0.356,59
373,64,0.41992,1.4033,-0.29297,0.356,34
373,64,-0.14844,0.7666,0.125,0.71201,9
373,64,-0.12793,0.80273,0.1084,0.71201,22
373,64,-0.13281,0.83398,0.092773,0.71201,34
373,64,-0.1377,0.86426,0.080078,0.71201,37
373,64,-0.1416,0.89258,0.083984,0.71201,29
373,64,-0.14648,0.92383,0.052734,0.71201,19
373,64,-0.15137,0.95313,0.048828,0.71201,13
373,64,0.38672,1.1455,0.65723,0.71201,14
373,64,0.39551,1.3438,-0.12402,0.71201,21
373,64,0.40332,1.3545,-0.24902,0.71201,24
373,64,0.41211,1.3682,-0.32031,0.71201,20
373,64,0.41992,1.3613,-0.4502,0.71201,12
373,64,-0.12793,0.80664,0.071289,1.068,12
373,64,-0.15918,0.82715,0.10742,1.068,20
373,64,-0.1377,0.86523,0.068359,1.068,25
373,64,-0.1416,0.89453,0.064453,1.068,23
373,64,-0.14648,0.9248,0.03418,1.068,16
373,64,-0.18164,0.94531,0.088867,1.068,8
373,64,-0.16504,0.8584,0.086914,1.424,6
373,64,-0.16992,0.8877,0.089844,1.424,6
373,64,-0.41211,0.68848,1.0459,-1.068,8
373,64,0,1.3467,0.036133,-1.068,12
373,64,0,1.375,0.066406,-1.068,13
373,64,0,1.3965,0.16016,-1.068,10
373,64,-0.027344,0.87012,0.11816,-0.71201,10
373,64,-0.084961,0.89551,0.12598,-0.71201,12
373,64,0,0.92773,0.13281,-0.71201,11
373,64,0,0.95898,0.12109,-0.71201,7
373,64,-0.3623,0.5459,1.1104,-0.71201,29
373,64,-0.37109,0.65625,1.0811,-0.71201,58
373,64,-0.37891,0.73633,1.0625,-0.71201,78
373,64,-0.38672,0.80664,1.0469,-0.71201,69
373,64,-0.087891,1.3584,0.35059,-0.71201,50
373,64,-0.089844,1.375,0.40137,-0.71201,27
373,64,0,1.3477,0.57422,-0.71201,12
373,64,-0.10645,0.83496,0.1123,-0.356,12
373,64,-0.054688,0.8623,0.16016,-0.356,23
374,64,0,1.2295,0.041016,0,9
374,64,0.039063,1.2588,0.024414,0,26
374,64,0.080078,1.2852,0.053711,0,51
374,64,0.082031,1.3125,0.089844,0,68
374,64,0.083984,1.3389,0.12695,0,66
374,64,0.042969,1.3555,0.2373,0,46
374,64,0.43945,1.291,-0.34082,0,24
374,64,0.44824,1.3301,-0.29883,0,30
374,64,0.41211,1.3711,-0.30957,0,29
374,64,0.4668,1.3828,-0.31836,0,23
374,64,0.069336,2.1855,0.41602,0,6
374,64,0,1.2275,-0.083008,0.356,15
374,64,0,1.248,-0.16699,0.356,35
374,64,-0.080078,1.2588,-0.26563,0.356,55
374,64,-0.12402,1.248,-0.40625,0.356,64
374,64,-0.16797,1.2178,-0.55176,0.356,61
374,64,0.30078,1.1162,0.74707,0.356,50
374,64,0.43945,0.91602,-0.97168,0.356,36
374,64,0.44824,1.2842,-0.45898,0.356,65
374,64,0.45801,1.3525,-0.32617,0.356,80
374,64,0.4668,1.3896,-0.28516,0.356,66
374,64,0.47559,1.4209,-0.27051,0.356,37
374,64,0.069336,2.1982,0.3418,0.356,12
374,64,0.070313,2.2383,0.26855,0.356,11
374,64,0,1.2305,-0.017578,0.71201,15
374,64,0,1.2598,-0.011719,0.71201,34
374,64,0,1.2881,-0.037109,0.71201,53
374,64,-0.041016,1.3145,-0.081055,0.71201,59
374,64,-0.083984,1.3389,-0.12207,0.71201,47
374,64,-0.12891,1.3662,-0.10645,0.71201,29
374,64,0.44824,1.291,-0.4375,0.71201,23
374,64,0.45801,1.3506,-0.33301,0.71201,28
374,64,0.41992,1.4063,-0.28027,0.71201,22
374,64,0,1.2305,0,1.068,6
374,64,-0.039063,1.2568,0.0625,1.068,10
374,64,0,1.2871,0.067383,1.068,14
374,64,0,1.3135,0.10938,1.068,16
374,64,0,1.3369,0.16602,1.068,13
374,64,0.16797,1.333,0.09375,-1.068,6
374,64,0.21484,1.3555,0.11133,-1.068,6
374,64,0.11816,1.251,0.09082,-0.71201,10
374,64,0.20117,1.2715,0.06543,-0.71201,25
374,64,0.16504,1.3047,0.09375,-0.71201,39
374,64,0.16797,1.3281,0.15137,-0.71201,43
374,64,0.17188,1.3506,0.20605,-0.71201,33
374,64,0.17578,1.2783,0.55859,-0.71201,16
374,64,0.36621,1.3594,-0.40527,-0.71201,8
374,64,0.37305,1.4082,-0.33008,-0.71201,8
374,64,0.077148,1.2266,0.053711,-0.356,8
374,64,0.15723,1.2451,0.099609,-0.356,33
374,64,0.16113,1.2734,0.11426,-0.356,75
374,64,0.16504,1.2998,0.14355,-0.356,120
374,64,0.16797,1.3242,0.18457,-0.356,133
374,64,0.21484,1.3398,0.2334,-0.356,104
374,64,0.21973,1.29,0.51367,-0.356,56
374,64,0.089844,1.165,0.83301,-0.356,16
374,64,0.45801,1.3105,-0.4668,-0.356,27
374,64,0.41992,1.3789,-0.38965,-0.356,26
374,64,0.38086,1.4316,-0.35352,-0.356,16
374,64,-0.043945,1.2959,0.54297,0,23
374,64,-0.13965,0.77832,1.2676,0,13
374,64,0.3291,1.1455,0.56152,0.356,41
374,64,0.33691,1.1768,0.5625,0.356,55
374,64,-0.21484,1.2207,-0.59961,0.356,49
375,64,0.039063,1.252,-0.13477,0,15
375,64,0,1.2822,-0.12988,0,44
375,64,0,1.3145,-0.095703,0,78
375,64,0.041992,1.3457,-0.038086,0,88
375,64,0,1.3711,0.12695,0,63
375,64,-0.21973,1.1055,0.83984,0,26
375,64,0.22461,1.4014,-0.21191,0,29
375,64,0.1377,1.3838,-0.46094,0,25
375,64,0.41992,1.4307,-0.085938,0,15
375,64,0.38086,1.457,-0.22461,0,9
375,64,0.15332,1.2197,0.032227,0.356,8
375,64,0,1.2441,0.19629,0.356,24
375,64,0,1.2832,0.12012,0.356,79
375,64,0,1.3135,0.1084,0.356,151
375,64,0.041992,1.3408,0.12988,0.356,181
375,64,0,1.3584,0.22266,0.356,134
375,64,0,1.3496,0.39258,0.356,43
375,64,0.3584,1.3877,-0.076172,0.356,49
375,64,0.41211,1.4014,-0.10645,0.356,51
375,64,0.41992,1.415,-0.22656,0.356,43
375,64,0.42871,1.4346,-0.28125,0.356,26
375,64,0,1.2402,0.22168,0.71201,11
375,64,0,1.2813,0.14258,0.71201,42
375,64,0,1.3125,0.11621,0.71201,84
375,64,0,1.3408,0.13574,0.71201,104
375,64,0,1.3623,0.19434,0.71201,83
375,64,0,1.3535,0.37988,0.71201,34
375,64,0.31348,1.3994,-0.0625,0.71201,17
375,64,0.36621,1.417,-0.047852,0.71201,17
375,64,0.41992,1.4287,-0.12109,0.71201,14
375,64,0.19727,1.2373,-0.12988,-0.71201,8
375,64,0.12109,1.2656,-0.21289,-0.71201,9
375,64,0.20605,1.2969,-0.1123,-0.71201,9
375,64,0.25293,1.3154,0.14844,-0.71201,9
375,64,0.25781,1.3359,0.20801,-0.71201,10
375,64,0.21973,1.377,0.17578,-0.71201,8
375,64,0.19238,1.2148,-0.03125,-0.356,12
375,64,0.19727,1.2412,-0.079102,-0.356,26
375,64,0.20117,1.2666,-0.12988,-0.356,35
375,64,0.20605,1.2979,-0.097656,-0.356,32
375,64,0.29492,1.3057,0.14941,-0.356,31
375,64,0.30078,1.3193,0.25391,-0.356,33
375,64,0.26367,1.3721,0.15918,-0.356,27
375,64,0.26953,1.4102,-0.0029297,-0.356,20
375,64,0.41211,1.3496,-0.39258,-0.356,19
375,64,0.41992,1.3633,-0.44238,-0.356,16
375,64,-0.041992,1.3467,-0.03418,0,88
375,64,0.30762,1.3691,-0.089844,0,23
375,64,-0.31348,0.44629,1.3271,0,22
375,64,-0.046875,1.0479,-1.0635,0,13
375,64,-0.19043,0.41016,-1.4541,0,6
375,64,0.13184,1.3926,0.13965,0.356,43
375,64,-0.26953,0.38672,1.3555,0.356,41
375,64,-0.1377,0.8125,-1.2109,0.356,39
375,64,-0.13965,0.52344,-1.3916,0.356,29
375,64,-0.19043,0.71875,1.3291,0.356,17
375,64,-0.57129,0,-1.3818,0.71201,19
375,64,-0.26953,0.68066,1.2344,0.71201,17
375,64,-0.18262,0.8457,-1.1816,0.71201,15
375,64,-0.18652,0.74023,-1.2842,0.71201,11
375,64,-0.26367,0.62793,-1.2305,-0.71201,5
375,64,-0.21484,0.8623,-1.0518,-0.356,17
375,64,-0.26367,0.69531,-1.1934,-0.356,16
375,64,-0.26953,0,-1.415,-0.356,13
376,44,0,1.2539,-0.29785,0,11
376,44,0,1.291,-0.26563,0,38
376,44,0,1.3262,-0.23633,0,77
376,44,0,1.3584,-0.22363,0,104
376,44,0.043945,1.3906,-0.20117,0,96
376,44,0.044922,1.4199,-0.20313,0,62
376,44,0,1.4531,-0.18555,0,29
376,44,0,1.4746,-0.23633,0,12
376,44,0.23633,1.2354,0.05957,0.356,9
376,44,0,1.2881,0.044922,0.356,23
376,44,0,1.3164,-0.058594,0.356,85
376,44,0,1.3447,-0.080078,0.356,172
376,44,0,1.373,-0.094727,0.356,229
376,44,0.043945,1.4014,-0.099609,0.356,211
376,44,0.044922,1.4316,-0.095703,0.356,134
376,44,0,1.4619,-0.078125,0.356,60
376,44,0,1.4932,-0.029297,0.356,22
376,44,0.34766,2.6982,-0.58594,0.356,5
376,44,0.35156,2.7168,-0.63379,0.356,5
376,44,0,1.2803,-0.15039,0.71201,10
376,44,0,1.3145,-0.099609,0.71201,40
376,44,0,1.3438,-0.09668,0.71201,84
376,44,0,1.373,-0.09668,0.71201,114
376,44,0.043945,1.4014,-0.10449,0.71201,110
376,44,0,1.4316,-0.10254,0.71201,74
376,44,0,1.46,-0.11426,0.71201,35
376,44,0,1.4922,-0.076172,0.71201,12
376,44,0,1.3252,-0.4707,1.068,5
376,44,0,1.3896,-0.3584,1.068,5
376,44,0,1.3398,0.1377,-0.71201,6
376,44,0.042969,1.3701,0.12207,-0.71201,8
376,44,0.23633,1.2295,-0.13965,-0.356,11
376,44,0.28223,1.1855,-0.41992,-0.356,13
376,44,0,1.2656,0.36816,-0.356,12
376,44,0.083984,1.3252,0.23047,-0.356,23
376,44,0.085938,1.3633,0.16992,-0.356,28
376,44,0.087891,1.3975,0.12695,-0.356,22
376,44,0.044922,1.4346,0.029297,-0.356,10
376,44,0.3623,1.125,-0.5127,0.356,12
376,44,-0.6084,1.9873,1.8496,0.356,5
376,44,0.52734,2.6865,-0.63965,0.356,5
376,44,-0.53809,0.78223,1.0762,1.068,3
376,44,-0.20117,1.1143,0.61523,-0.356,7
376,44,0.37109,1.0371,-0.72363,-0.356,9
377,37,0,1.3398,-0.1377,0,8
377,37,0,1.3711,-0.12012,0,18
377,37,0,1.3955,-0.1709,0,22
377,37,0,1.4277,-0.14453,0,20
377,37,0.045898,1.4619,-0.080078,0,12
377,37,0.19727,1.2432,0.044922,0.356,8
377,37,0.24121,1.2637,0.071289,0.356,13
377,37,0.16504,1.3057,-0.076172,0.356,15
377,37,0,1.3223,-0.25586,0.356,27
377,37,0,1.3623,-0.19531,0.356,48
377,37,0,1.3955,-0.17383,0.356,59
377,37,0,1.4141,-0.24316,0.356,53
377,37,-0.045898,1.3994,-0.42871,0.356,36
377,37,0,1.3379,-0.16113,0.71201,9
377,37,0,1.3691,-0.14355,0.71201,16
377,37,0,1.4004,-0.11914,0.71201,20
377,37,0,1.4297,-0.12207,0.71201,18
377,37,0.41211,1.3867,-0.22656,-0.71201,10
377,37,0.19727,1.2422,0.063477,-0.356,8
377,37,0.24121,1.2656,0.0048828,-0.356,14
377,37,0.20605,1.2988,-0.092773,-0.356,14
377,37,0.041992,1.2646,-0.46094,-0.356,13
377,37,0,1.2754,-0.51758,-0.356,18
377,37,-0.043945,1.2744,-0.59277,-0.356,22
377,37,0.44824,1.3516,-0.17676,-0.356,25
377,37,0.41211,1.3916,-0.19336,-0.356,34
377,37,0.41992,1.4199,-0.19922,-0.356,32
377,37,1.5078,0,1.6309,-0.356,13
377,37,1.4756,0,1.7354,-0.356,13
377,37,0.45801,1.3906,0.033203,0.356,27
377,37,-0.1377,0.5752,1.3398,-0.71201,6
377,37,0.4834,1.3086,-0.1748,-0.356,13
377,37,-0.089844,0.98047,-1.0439,-0.356,22
377,37,-0.1377,0.060547,-1.457,-0.356,20
377,37,-0.13965,0.73242,1.2939,-0.356,17
377,37,0.61426,0.78613,1.4824,-0.356,8
377,37,0.51074,0.70117,1.5957,-0.356,8
378,20,0.39551,1.3447,-0.11133,0,10
378,20,0.44824,1.3545,-0.15332,0,16
378,20,0.41211,1.3984,-0.13867,0,17
378,20,0.4668,1.4131,-0.12891,0,13
378,20,0.39551,1.3486,-0.023438,0.356,14
378,20,0.44824,1.3613,-0.066406,0.356,22
378,20,0.41211,1.4014,-0.099609,0.356,23
378,20,0.4668,1.4189,-0.036133,0.356,18
378,20,0.39551,1.3379,-0.1748,-0.71201,10
378,20,0.44824,1.3447,-0.22656,-0.71201,15
378,20,0.41211,1.3857,-0.23535,-0.71201,16
378,20,0.41992,1.4111,-0.25391,-0.71201,12
378,20,0.43066,1.3047,-0.091797,-0.356,15
378,20,0.43945,1.3252,-0.16113,-0.356,33
378,20,0.44824,1.3535,-0.16504,-0.356,49
378,20,0.45801,1.3799,-0.17578,-0.356,53
378,20,0.4668,1.4092,-0.16504,-0.356,40
378,20,0.47559,1.4375,-0.15918,-0.356,19
378,20,-0.09375,0.7168,1.3066,0,7
378,20,-0.14258,0.45313,1.4473,-0.356,11
402,7,0.19727,1.2393,-0.10742,0.356,6
402,7,0.24121,1.2646,-0.060547,0.356,6
402,7,0.19727,1.2246,-0.2168,-0.356,5
402,7,0.32227,1.2051,-0.32227,-0.356,5
402,7,0.30762,1.3711,0.055664,-0.356,7
402,7,-0.23633,0.76367,0.97266,-0.356,3
402,7,-0.20117,0.76465,1.0176,-0.356,3
403,1,0.041992,1.2393,0.52637,-0.356,6
405,13,0.080078,1.2139,0.4248,0.356,10
405,13,0.041016,1.2363,0.45508,0.356,15
405,13,0.083984,1.252,0.49121,0.356,18
405,13,0.085938,1.2705,0.52344,0.356,15
405,13,0.087891,1.3086,0.50684,0.356,10
405,13,0.082031,1.2324,0.45898,-0.71201,6
405,13,0.083984,1.2988,0.34961,-0.71201,7
405,13,0.085938,1.3027,0.4375,-0.71201,6
405,13,0.040039,1.2119,0.43555,-0.356,13
405,13,0.082031,1.2471,0.41797,-0.356,21
405,13,0.083984,1.2676,0.44922,-0.356,23
405,13,0.085938,1.3047,0.42969,-0.356,20
405,13,0.087891,1.3242,0.46289,-0.356,12
406,47,0.038086,1.0635,0.61719,0,12
406,47,0.039063,1.1211,0.57324,0,39
406,47,0.040039,1.1621,0.55664,0,72
406,47,0.041016,1.1836,0.5791,0,86
406,47,0.041992,1.2109,0.58887,0,70
406,47,0,1.2295,0.62012,0,37
406,47,-0.087891,1.1953,0.73438,0,11
406,47,0.22461,1.375,0.34277,0,8
406,47,0.18262,1.3584,0.51563,0,10
406,47,0.18652,1.3955,0.5,0,9
406,47,0.14258,1.4375,0.48145,0,6
406,47,0.23633,1.2031,-0.28613,0.356,7
406,47,0,1.0391,0.7627,0.356,8
406,47,0.082031,1.1855,0.56934,0.356,20
406,47,0.12598,1.2725,0.4248,0.356,35
406,47,0.12891,1.3135,0.39258,0.356,42
406,47,0.17578,1.3447,0.37109,0.356,37
406,47,0.17969,1.3691,0.3916,0.356,26
406,47,0.22852,1.3516,0.51367,0.356,18
406,47,0.2334,1.3877,0.50195,0.356,14
406,47,0.041016,1.1953,0.55469,0.71201,7
406,47,0.083984,1.2627,0.46289,0.71201,11
406,47,0.12891,1.3057,0.41602,0.71201,13
406,47,0.087891,1.3379,0.42383,0.71201,11
406,47,0.13477,1.3555,0.45117,0.71201,8
406,47,0.1377,1.376,0.48242,0.71201,7
406,47,0.038086,1.1025,0.54395,-0.71201,11
406,47,0.079102,1.1416,0.52539,-0.71201,38
406,47,0.080078,1.1875,0.49512,-0.71201,72
406,47,0.041016,1.2217,0.49219,-0.71201,93
406,47,0.041992,1.252,0.49707,-0.71201,84
406,47,0.042969,1.2773,0.5127,-0.71201,54
406,47,0.087891,1.3184,0.47949,-0.71201,24
406,47,0.077148,1.0684,0.60449,-0.356,23
406,47,0.039063,1.1367,0.54004,-0.356,75
406,47,0.040039,1.1738,0.53027,-0.356,143
406,47,0.041016,1.208,0.52637,-0.356,184
406,47,0.041992,1.2422,0.52051,-0.356,163
406,47,0.042969,1.2803,0.50488,-0.356,102
406,47,0.087891,1.3301,0.44629,-0.356,47
406,47,0.17969,1.3975,0.27051,-0.356,20
406,47,-0.42285,0.99121,-0.59375,0,7
406,47,-0.26953,0.87012,-1.1084,0,5
406,47,0.44336,1.165,-0.3291,0.356,7
406,47,-0.36621,1.1533,-0.82422,0.71201,4
406,47,-0.42285,0.89648,-0.72852,-0.71201,6
406,47,-0.42285,0.94531,-0.66406,-0.356,12
407,64,0,1.0654,0.55469,0,11
407,64,0,1.0693,0.6084,0,19
407,64,0.039063,1.0996,0.6123,0,24
407,64,0.040039,1.1348,0.60938,0,20
407,64,0,1.0039,0.85352,0,11
407,64,0.16797,1.2559,0.45801,0,14
407,64,0.17188,1.3008,0.41602,0,18
407,64,0.17578,1.3555,0.33008,0,19
407,64,0.13477,1.3916,0.32324,0,19
407,64,0.091797,1.4141,0.37012,0,18
407,64,0.046875,1.4404,0.39453,0,14
407,64,0,1.4912,0.31152,0,7
407,64,0.075195,1.167,0.27344,0.356,7
407,64,0.15332,1.2158,0.10645,0.356,18
407,64,0.19727,1.2441,-0.0019531,0.356,29
407,64,0.16113,1.252,-0.25977,0.356,27
407,64,0.041016,0.30566,1.2813,0.356,25
407,64,0.083984,1.1211,0.74219,0.356,39
407,64,0.17188,1.2803,0.47656,0.356,53
407,64,0.17578,1.3408,0.38477,0.356,57
407,64,0.13477,1.3682,0.41211,0.356,54
407,64,0.091797,1.3848,0.46875,0.356,48
407,64,0.046875,1.4063,0.50098,0.356,35
407,64,0.23633,1.2344,0.083008,0.71201,8
407,64,0.083984,1.125,0.7373,0.71201,13
407,64,0.12891,1.2725,0.50879,0.71201,17
407,64,0.13184,1.3174,0.47363,0.71201,19
407,64,0.089844,1.3447,0.49219,0.71201,18
407,64,0.091797,1.3936,0.43945,0.71201,16
407,64,0.046875,1.4043,0.50586,0.71201,12
407,64,0,1.1348,0.39355,-2.136,6
407,64,0.038086,1.1396,0.46191,-2.136,11
407,64,0,1.1846,0.42871,-2.136,11
407,64,0,1.1826,0.5127,-2.136,7
407,64,0,1.0576,0.56836,-1.78,16
407,64,0,1.0703,0.60645,-1.78,29
407,64,0,1.1006,0.61328,-1.78,33
407,64,0.040039,1.1406,0.59766,-1.78,26
407,64,0,1.1611,0.62402,-1.78,12
407,64,0,1.0811,0.45215,-1.424,12
407,64,0,1.1152,0.44434,-1.424,41
407,64,0,1.1387,0.46484,-1.424,75
407,64,0,1.1602,0.48926,-1.424,90
407,64,0.040039,1.1836,0.50781,-1.424,75
407,64,0,1.209,0.52441,-1.424,41
407,64,0,1.2539,0.49219,-1.424,14
407,64,0,1.082,0.44824,-1.068,23
407,64,0.037109,1.0986,0.48242,-1.068,77
407,64,0.038086,1.1299,0.48535,-1.068,145
407,64,0,1.1611,0.48828,-1.068,180
407,64,0,1.1885,0.49805,-1.068,152
407,64,0,1.2139,0.51367,-1.068,84
407,64,0,1.2422,0.52051,-1.068,28
407,64,0.036133,1.0479,0.52344,-0.71201,18
407,64,0,1.0947,0.49414,-0.71201,60
407,64,0,1.124,0.50098,-0.71201,115
407,64,0,1.1523,0.50781,-0.71201,144
407,64,0,1.1826,0.51172,-0.71201,123
407,64,0.041016,1.207,0.52734,-0.71201,71
407,64,0,1.2402,0.52539,-0.71201,27
407,64,0,1.1455,0.36035,-0.356,7
407,64,0.11523,1.1963,0.26172,-0.356,18
407,64,0.11816,1.2412,0.17676,-0.356,27
407,64,0.12109,1.2832,0.012695,-0.356,27
408,64,0.16504,1.3066,0.043945,0,9
408,64,0.12598,1.3223,0.22363,0,16
408,64,0.12891,1.3467,0.25293,0,25
408,64,0.087891,1.3916,0.17773,0,31
408,64,0.089844,1.4248,0.14355,0,29
408,64,0.091797,1.4531,0.15527,0,23
408,64,0.09375,1.4756,0.21484,0,16
408,64,0.047852,1.5059,0.22266,0,10
408,64,0.22559,1.1768,-0.086914,0.356,6
408,64,0.15332,1.2178,-0.085938,0.356,13
408,64,0.15723,1.2471,-0.085938,0.356,22
408,64,0.20117,1.2725,-0.012695,0.356,30
408,64,0.24707,1.292,0.085938,0.356,30
408,64,0.21094,1.3135,0.21582,0.356,26
408,64,0.25781,1.3447,0.1416,0.356,27
408,64,0.35156,1.3564,0.11914,0.356,28
408,64,0.31348,1.3896,0.17188,0.356,30
408,64,0.27441,1.418,0.24219,0.356,34
408,64,0.2334,1.4521,0.26172,0.356,31
408,64,0.14258,1.4951,0.25391,0.356,20
408,64,0.27051,2.0811,0.54199,0.356,10
408,64,0.1377,2.0693,0.72461,0.356,10
408,64,0.11816,1.251,-0.079102,0.71201,6
408,64,0.16113,1.2783,-0.02832,0.71201,9
408,64,0.16504,1.3047,0.083008,0.71201,9
408,64,0.17188,1.3613,0.10742,0.71201,8
408,64,0.21973,1.3877,0.051758,0.71201,8
408,64,0.22461,1.3965,0.24414,0.71201,9
408,64,0.1377,1.4346,0.25977,0.71201,11
408,64,0.09375,1.4658,0.27246,0.71201,10
408,64,0,0.85547,0.50977,-3.204,9
408,64,0,0.9043,0.4834,-3.204,11
408,64,0,0.8877,0.56934,-3.204,9
408,64,0,0.88672,0.38379,-2.848,7
408,64,0,0.84375,0.52832,-2.848,10
408,64,0,0.84766,0.57715,-2.848,10
408,64,0,0.95605,0.44531,-2.848,10
408,64,0,1.002,0.41211,-2.848,11
408,64,0,1.0313,0.41797,-2.848,11
408,64,0,1.084,0.36133,-2.848,7
408,64,0,0.95898,0.36133,-2.492,6
408,64,0,0.97363,0.40527,-2.492,14
408,64,0,0.99707,0.4248,-2.492,24
408,64,0,1.0244,0.43359,-2.492,27
408,64,0.036133,1.0293,0.49316,-2.492,21
408,64,0,1.043,0.5332,-2.492,10
408,64,0,0.94531,0.46777,-2.136,11
408,64,0,0.97266,0.47754,-2.136,19
408,64,0,1.001,0.4873,-2.136,21
408,64,0,1.0254,0.50391,-2.136,16
408,64,0,1.0332,0.55176,-2.136,8
408,64,0,1.5107,1.4287,-2.136,11
408,64,0,0.99414,0.43066,-1.78,9
408,64,0,1.0322,0.41504,-1.78,10
408,64,0,1.0391,0.47461,-1.78,8
408,64,0,0.96777,0.48828,-1.424,6
408,64,0,1.0146,0.45801,-1.424,7
408,64,0.27051,2.1465,0.13574,-1.068,7
408,64,0.085938,1.3506,0.25098,-0.71201,16
408,64,0.13184,1.373,0.27246,-0.71201,22
408,64,0.089844,1.4082,0.26367,-0.71201,20
408,64,0.15332,1.2119,-0.14453,-0.356,8
408,64,0.15723,1.2432,-0.12695,-0.356,16
408,64,0.16113,1.2744,-0.10352,-0.356,20
409,64,-0.098633,0.78418,0.03125,0,4
409,64,-0.10254,0.8125,0.042969,0,7
409,64,-0.10645,0.83984,0.072266,0,9
409,64,-0.082031,0.86426,0.1377,0,9
409,64,-0.02832,0.88086,0.21777,0,9
409,64,0,0.90918,0.22754,0,8
409,64,0,1.2568,0.28516,0,18
409,64,0,1.2803,0.31445,0,35
409,64,0,1.3096,0.31641,0,46
409,64,0,1.3369,0.32715,0,39
409,64,0.043945,1.375,0.28711,0,22
409,64,0.49316,1.2607,-0.47559,0,11
409,64,0,1.3906,0.45801,0,7
409,64,-0.098633,0.77637,0.1123,0.356,16
409,64,-0.10254,0.80762,0.10254,0.356,32
409,64,-0.080078,0.83984,0.094727,0.356,44
409,64,-0.082031,0.87109,0.082031,0.356,42
409,64,-0.084961,0.89941,0.087891,0.356,27
409,64,-0.11719,0.92871,0.053711,0.356,12
409,64,0.37891,1.2617,-0.28125,0.356,19
409,64,0.43066,1.2861,-0.23535,0.356,27
409,64,0.43945,1.3232,-0.18262,0.356,35
409,64,0.40332,1.3682,-0.15918,0.356,35
409,64,0.45801,1.3809,-0.1709,0.356,26
409,64,-0.098633,0.77051,0.14844,0.71201,11
409,64,-0.10254,0.80469,0.11914,0.71201,22
409,64,-0.080078,0.83984,0.10254,0.71201,32
409,64,-0.082031,0.87012,0.09375,0.71201,33
409,64,-0.084961,0.89844,0.097656,0.71201,23
409,64,-0.11719,0.92676,0.072266,0.71201,11
409,64,0.39551,1.3486,-0.035156,0.71201,9
409,64,0.44824,1.3613,0.078125,0.71201,10
409,64,0.41211,1.4023,0.091797,0.71201,8
409,64,-0.13281,0.82715,0.13867,1.068,6
409,64,-0.1377,0.85742,0.13379,1.068,7
409,64,-0.16992,0.8916,-0.020508,1.068,5
409,64,0,1.3496,0.27148,-1.424,6
409,64,0,0.86133,0.1748,-1.068,12
409,64,0,0.88477,0.20313,-1.068,17
409,64,0,0.91992,0.17773,-1.068,17
409,64,0,0.95605,0.14258,-1.068,11
409,64,-0.41211,0,1.2646,-1.068,12
409,64,-0.37891,0,-1.3291,-1.068,15
409,64,-0.34375,0.5,-1.2354,-1.068,13
409,64,-0.098633,0.77539,0.11719,-0.71201,5
409,64,-0.10254,0.80469,0.12109,-0.71201,9
409,64,-0.080078,0.83594,0.125,-0.71201,12
409,64,0,0.85352,0.20703,-0.71201,19
409,64,0,0.87891,0.22852,-0.71201,27
409,64,0,0.91602,0.19824,-0.71201,27
409,64,0,0.94922,0.18066,-0.71201,18
409,64,-0.3623,0.3291,1.1924,-0.71201,37
409,64,-0.3291,0.50879,1.1699,-0.71201,62
409,64,-0.37891,0.4834,1.1992,-0.71201,69
409,64,-0.34375,0.61914,1.1807,-0.71201,53
409,64,0.17578,1.3799,-0.2041,-0.71201,28
409,64,0.17969,1.3936,-0.29395,-0.71201,13
409,64,-0.074219,0.76367,0.19043,-0.356,10
409,64,-0.077148,0.79492,0.18555,-0.356,20
409,64,-0.080078,0.82617,0.17871,-0.356,27
409,64,-0.082031,0.85547,0.18359,-0.356,28
409,64,-0.056641,0.88477,0.19531,-0.356,24
409,64,-0.029297,0.91797,0.18652,-0.356,18
409,64,-0.3623,0.30859,1.1973,-0.356,46
410,57,0.079102,1.251,0.12402,0,13
410,57,0.16113,1.2695,0.14746,0,29
410,57,0.16504,1.2949,0.17969,0,46
410,57,0.16797,1.3164,0.2334,0,53
410,57,0.17188,1.3252,0.33008,0,44
410,57,0.30762,1.3682,0.09375,0,28
410,57,0.40332,1.3682,-0.15625,0,35
410,57,0.45801,1.3711,-0.23242,0,31
410,57,0.4668,1.3721,-0.36035,0,18
410,57,0.069336,2.1631,0.52246,0,6
410,57,0.19727,1.2334,0.16309,0.356,17
410,57,0.16113,1.2627,0.20313,0.356,36
410,57,0.20605,1.2783,0.24609,0.356,62
410,57,0.21094,1.3105,0.22949,0.356,83
410,57,0.30078,1.334,0.15332,0.356,95
410,57,0.35156,1.3613,0.025391,0.356,105
410,57,0.40332,1.375,-0.075195,0.356,106
410,57,0.41211,1.4004,-0.11523,0.356,85
410,57,0.4668,1.4092,-0.16406,0.356,50
410,57,0.16113,1.2422,0.30078,0.71201,8
410,57,0.16504,1.2686,0.31641,0.71201,15
410,57,0.16797,1.3164,0.2334,0.71201,23
410,57,0.17188,1.3633,0.074219,0.71201,29
410,57,0.30762,1.3691,0.091797,0.71201,34
410,57,0.40332,1.375,0.071289,0.71201,36
410,57,0.41211,1.4053,0.0019531,0.71201,30
410,57,0.41992,1.4307,-0.083008,0.71201,19
410,57,-0.066406,2.1348,-0.10156,2.492,6
410,57,0.16797,1.335,0.077148,-1.068,7
410,57,0.17188,1.3584,0.14063,-1.068,7
410,57,0.19727,1.2441,0.0048828,-0.71201,13
410,57,0.16113,1.2773,0.054688,-0.71201,28
410,57,0.16504,1.3037,0.095703,-0.71201,46
410,57,0.21094,1.3252,0.12207,-0.71201,57
410,57,0.21484,1.3525,0.13477,-0.71201,54
410,57,0.21973,1.3848,0.10352,-0.71201,38
410,57,0.26953,1.4092,0.012695,-0.71201,21
410,57,0.15332,1.2197,0.042969,-0.356,13
410,57,0.19727,1.2412,0.081055,-0.356,40
410,57,0.20117,1.2686,0.1084,-0.356,87
410,57,0.20605,1.2939,0.14453,-0.356,140
410,57,0.21094,1.3203,0.16504,-0.356,171
410,57,0.21484,1.3486,0.17676,-0.356,157
410,57,0.26367,1.373,0.14648,-0.356,115
410,57,0.31348,1.3994,0.055664,-0.356,69
410,57,0.41211,1.4014,-0.10645,-0.356,37
410,57,0.32715,1.4531,-0.1084,-0.356,18
410,57,-0.34375,0.53418,-1.2207,0,25
410,57,-0.35156,0.72461,-1.1523,0,19
410,57,-0.13477,0.067383,1.4268,0,23
410,57,-0.091797,0.31543,-1.4268,0,22
410,57,-0.046875,0.36719,1.4473,0,16
410,57,-0.091797,0.86035,-1.1816,0.356,46
410,57,-0.13965,0.69434,-1.3154,0.356,28
410,57,-0.044922,1.2979,-0.61035,0.71201,29
410,57,-0.091797,1.2393,-0.77539,0.71201,22
410,57,-0.18652,1.1094,-0.98242,0.71201,13
411,60,0.080078,1.2617,-0.25098,0,14
411,60,0.041016,1.2568,-0.39551,0,27
411,60,0.083984,1.2744,-0.42969,0,40
411,60,0.042969,1.2979,-0.45801,0,46
411,60,0.043945,1.334,-0.44043,0,43
411,60,0.044922,1.3701,-0.4248,0,33
411,60,0,1.3525,-0.56152,0,20
411,60,0,1.4297,-0.43262,0,11
411,60,0.19238,1.2061,-0.14551,0.356,6
411,60,0.19727,1.2305,-0.18555,0.356,11
411,60,0.040039,1.2275,-0.39063,0.356,11
411,60,0.082031,1.3076,-0.14453,0.356,25
411,60,0.12598,1.3408,-0.042969,0.356,55
411,60,0.17188,1.3652,-0.015625,0.356,76
411,60,0.17578,1.3896,-0.12109,0.356,71
411,60,0.22461,1.3965,-0.24414,0.356,48
411,60,0.45801,1.377,-0.20117,0.356,37
411,60,0.4668,1.3916,-0.27539,0.356,25
411,60,0,1.2197,-0.31445,0.71201,8
411,60,0,1.2373,-0.3584,0.71201,10
411,60,0,1.2861,-0.28809,0.71201,14
411,60,0,1.3203,-0.26563,0.71201,23
411,60,0.042969,1.3594,-0.21484,0.71201,29
411,60,0.087891,1.3838,-0.23145,0.71201,27
411,60,0.044922,1.3545,-0.47266,0.71201,18
411,60,0.45801,1.3828,-0.15039,0.71201,12
411,60,0,1.2373,-0.23535,1.068,6
411,60,0,1.2725,-0.20117,1.068,9
411,60,0,1.3115,-0.13477,1.068,10
411,60,0,1.3457,-0.05957,1.068,8
411,60,0,1.168,-0.38477,1.78,6
411,60,0,1.2002,-0.38086,1.78,7
411,60,0.16504,1.2578,0.35938,-0.71201,12
411,60,0.16797,1.3086,0.27441,-0.71201,22
411,60,0.12891,1.3672,0.091797,-0.71201,26
411,60,0.13184,1.3887,-0.17773,-0.71201,25
411,60,0.13477,1.3926,-0.31934,-0.71201,20
411,60,0.18262,1.3848,-0.43945,-0.71201,14
411,60,0.13965,1.4199,-0.44238,-0.71201,8
411,60,0.19238,1.2109,-0.10449,-0.356,7
411,60,0.15723,1.1221,-0.55078,-0.356,11
411,60,0.040039,0.91406,0.9082,-0.356,16
411,60,0.12402,1.2139,0.49707,-0.356,35
411,60,0.16797,1.2998,0.3125,-0.356,65
411,60,0.17188,1.3564,0.15527,-0.356,79
411,60,0.17578,1.3916,-0.095703,-0.356,71
411,60,0.22461,1.374,-0.34766,-0.356,50
411,60,0.18262,1.3652,-0.49609,-0.356,28
411,60,0.18652,1.3193,-0.67383,-0.356,14
411,60,0.50293,1.3193,0.38867,0,12
411,60,0.51367,1.3418,-0.40723,0,9
411,60,-0.33691,0.53418,-1.1904,0.356,36
411,60,-0.34375,0.47656,-1.2451,0.356,46
411,60,-0.30762,0.63184,-1.2178,0.356,42
411,60,0.31348,1.3955,-0.11914,0.356,48
411,60,-0.091797,0.71973,-1.2715,0.356,27
411,60,-0.09375,0.76074,1.2822,0.356,19
411,60,-0.091797,0.86426,-1.1787,0.71201,10
411,60,-0.51172,0.57813,0.99512,1.78,4
411,60,-0.26953,0.21484,1.1807,-0.356,4
412,61,0.23633,1.2031,0.28613,0,5
412,61,-0.080078,1.2061,-0.44629,0,16
412,61,0,1.2695,-0.35547,0,36
412,61,0,1.3037,-0.34082,0,57
412,61,0.042969,1.3408,-0.30762,0,64
412,61,0.043945,1.3721,-0.30176,0,52
412,61,0.044922,1.4004,-0.30957,0,32
412,61,0.091797,1.4365,-0.2666,0,14
412,61,-1.874,0,-0.38379,0,5
412,61,-1.9033,0,-0.19531,0,5
412,61,0.19238,1.2148,-0.036133,0.356,17
412,61,0.15723,1.25,-0.0068359,0.356,40
412,61,0.12109,1.2832,-0.0019531,0.356,82
412,61,0.082031,1.3154,-0.029297,0.356,139
412,61,0.083984,1.3428,-0.077148,0.356,184
412,61,0.042969,1.3691,-0.13867,0.356,190
412,61,0.087891,1.3926,-0.1709,0.356,146
412,61,0.089844,1.4209,-0.17773,0.356,85
412,61,0.091797,1.4521,-0.16699,0.356,38
412,61,-1.874,0,-0.30957,0.356,9
412,61,1.8447,0.4043,-0.24512,0.356,8
412,61,0,2.6348,0.092773,0.356,9
412,61,0.079102,1.2568,-0.02832,0.71201,12
412,61,0.040039,1.2861,-0.061523,0.71201,33
412,61,0.041016,1.3135,-0.10449,0.71201,67
412,61,0.041992,1.3389,-0.14355,0.71201,98
412,61,0.042969,1.3652,-0.17285,0.71201,104
412,61,0,1.3896,-0.21289,0.71201,81
412,61,0.044922,1.418,-0.21484,0.71201,48
412,61,0.045898,1.4502,-0.2002,0.71201,21
412,61,0,1.2578,-0.48242,1.068,12
412,61,0,1.3076,-0.43066,1.068,14
412,61,0,1.3545,-0.375,1.068,13
412,61,0,1.3799,-0.39355,1.068,9
412,61,0.19727,1.2441,-0.022461,-0.71201,13
412,61,0.20117,1.2715,0.050781,-0.71201,21
412,61,0.16504,1.3018,0.12012,-0.71201,25
412,61,0.16797,1.3223,0.19629,-0.71201,24
412,61,0.12891,1.3428,0.27246,-0.71201,17
412,61,0.087891,1.4023,0.050781,-0.71201,11
412,61,0.1875,1.1855,-0.047852,-0.356,6
412,61,0.19238,1.2119,-0.087891,-0.356,21
412,61,0.19727,1.2441,-0.020508,-0.356,45
412,61,0.20117,1.2715,0.066406,-0.356,72
412,61,0.20605,1.2939,0.1416,-0.356,86
412,61,0.16797,1.3174,0.22461,-0.356,81
412,61,0.12891,1.3467,0.25391,-0.356,60
412,61,0.087891,1.4014,0.078125,-0.356,38
412,61,0.044922,1.4326,-0.071289,-0.356,22
412,61,0.045898,1.4639,0,-0.356,14
412,61,-0.15723,1.0605,-0.66016,0,5
412,61,-0.45801,0.78027,1.1514,0,8
412,61,1.0547,0.73633,1.3633,0,3
412,61,1.1895,0,1.5762,0,4
412,61,-0.45801,0.44727,1.3174,0.356,21
412,61,1.0547,0,1.6406,0.356,5
412,61,1.1895,0,1.6768,0.356,7
412,61,-0.54883,0.70996,1.1572,0.71201,11
412,61,-0.57129,0.84668,0.9668,1.068,7
412,61,-0.53809,0.92676,0.95508,1.068,5
412,61,0.50293,0.62891,1.2227,-0.356,10
413,41,0,1.2988,-0.22656,0,16
413,41,0,1.3291,-0.22363,0,36
413,41,0,1.3584,-0.22168,0,51
413,41,0,1.3857,-0.2373,0,50
413,41,0,1.4043,-0.29492,0,33
413,41,0,1.4121,-0.38672,0,15
413,41,0.23047,1.208,-0.032227,0.356,11
413,41,0.19727,1.2432,-0.046875,0.356,20
413,41,0.20117,1.2725,-0.030273,0.356,31
413,41,0.082031,1.3125,-0.087891,0.356,49
413,41,0.041992,1.3389,-0.14453,0.356,85
413,41,0,1.3672,-0.15723,0.356,115
413,41,0,1.3994,-0.1377,0.356,110
413,41,0,1.4326,-0.080078,0.356,71
413,41,0,1.4541,0.1709,0.356,30
413,41,0.15723,1.2471,0.079102,0.71201,5
413,41,0.12109,1.2822,-0.035156,0.71201,9
413,41,0.082031,1.3135,-0.061523,0.71201,17
413,41,0,1.3398,-0.1377,0.71201,32
413,41,0,1.3701,-0.12988,0.71201,44
413,41,0,1.4014,-0.10938,0.71201,42
413,41,-0.044922,1.4316,-0.083984,0.71201,28
413,41,0,1.4609,0.10156,0.71201,12
413,41,0.19727,1.2363,-0.1377,-0.71201,6
413,41,0.20117,1.2686,-0.10352,-0.71201,8
413,41,0.20605,1.3008,-0.055664,-0.71201,9
413,41,0.21094,1.3301,0.051758,-0.71201,9
413,41,0.042969,1.3682,-0.1416,-0.71201,7
413,41,0.19238,1.209,-0.11816,-0.356,12
413,41,0.23633,1.2334,-0.09082,-0.356,23
413,41,0.24121,1.2646,-0.06543,-0.356,30
413,41,0.24707,1.2949,0.013672,-0.356,34
413,41,0.16797,1.3369,0.0058594,-0.356,32
413,41,0.085938,1.3721,-0.060547,-0.356,27
413,41,0,1.4053,0.026367,-0.356,22
413,41,0.44824,1.332,-0.29102,-0.356,25
413,41,0.41211,1.3848,-0.2373,-0.356,25
413,41,0.41211,1.3262,-0.46484,0.356,19
413,41,0.12891,1.3701,-0.037109,-0.71201,7
413,41,0.4834,1.207,-0.53418,-0.356,14
413,41,-0.089844,1.3271,0.53809,-0.356,16
414,28,0.39551,1.3486,-0.035156,0,8
414,28,0.44824,1.3633,0.0029297,0,12
414,28,0.41211,1.4053,-0.0058594,0,11
414,28,0.41992,1.4307,-0.094727,0,8
414,28,0.19238,1.2148,0.021484,0.356,7
414,28,0.19727,1.2432,0.053711,0.356,13
414,28,0.24121,1.2646,0.063477,0.356,19
414,28,0.20605,1.2988,0.09082,0.356,21
414,28,0.16797,1.3311,0.11816,0.356,19
414,28,0.12891,1.3682,0.076172,0.356,18
414,28,0.21973,1.3887,0.0087891,0.356,18
414,28,0.3584,1.3848,-0.1123,0.356,22
414,28,0.36621,1.415,-0.083984,0.356,22
414,28,0.37305,1.4414,-0.12207,0.356,16
414,28,0.24707,1.293,-0.073242,-0.71201,6
414,28,0.35156,1.3457,-0.20703,-0.71201,9
414,28,0.44824,1.3457,-0.21973,-0.71201,13
414,28,0.41211,1.3994,-0.125,-0.71201,12
414,28,0.23047,1.2061,-0.076172,-0.356,7
414,28,0.27539,1.2246,-0.10059,-0.356,14
414,28,0.28223,1.2578,-0.0097656,-0.356,20
414,28,0.20605,1.3008,0.040039,-0.356,22
414,28,0.25293,1.3232,0.021484,-0.356,20
414,28,0.30078,1.3418,-0.055664,-0.356,20
414,28,0.39551,1.3369,-0.18066,-0.356,30
414,28,0.44824,1.3545,-0.1582,-0.356,42
414,28,0.45801,1.3809,-0.16895,-0.356,41
414,28,0.41992,1.4268,-0.13965,-0.356,29
415,23,0.11816,1.2539,0.026367,0.356,7
415,23,0.12109,1.2813,0.058594,0.356,10
415,23,0.12402,1.3086,0.091797,0.356,11
415,23,0.12598,1.3389,0.079102,0.356,11
415,23,0.17188,1.3652,0.02832,0.356,11
415,23,0.30762,1.3721,-0.024414,0.356,14
415,23,1.4277,0,-1.7412,0.356,10
415,23,1.3955,0,-1.6846,0.356,11
415,23,1.4189,0,-1.5605,0.356,8
415,23,0.079102,1.2559,-0.050781,-0.356,6
415,23,0.16113,1.2783,0.024414,-0.356,10
415,23,0.16504,1.3076,-0.017578,-0.356,11
415,23,0.21094,1.3301,0.026367,-0.356,11
415,23,0.30078,1.3418,-0.055664,-0.356,13
415,23,0.35156,1.3516,-0.16211,-0.356,19
415,23,0.3584,1.375,-0.20117,-0.356,21
415,23,1.458,0,1.668,-0.356,9
415,23,1.4277,0,1.7178,-0.356,14
415,23,1.4512,0,1.7705,-0.356,15
415,23,1.4756,0,-1.8145,-0.356,11
415,23,0.60449,0.97656,1.3301,0.356,6
415,23,0.55859,0.66016,1.5635,0.356,6
415,23,0.66992,1.1602,1.1816,-0.356,8
437,8,0.19727,1.2412,0.079102,0.356,7
437,8,0.20117,1.2705,0.080078,0.356,10
437,8,0.16504,1.3047,0.083008,0.356,11
437,8,0.21094,1.3105,0.23145,0.356,11
437,8,0.19727,1.2422,-0.058594,-0.356,6
437,8,0.20117,1.2725,0.012695,-0.356,9
437,8,0.20605,1.2979,0.10742,-0.356,11
437,8,0.16797,1.3281,0.15527,-0.356,10
438,4,0.16113,1.2559,-0.24121,0.356,6
438,4,0.16504,1.293,-0.19434,0.356,7
438,4,0.26367,1.3789,0.081055,0.356,7
438,4,0.31348,1.3955,0.12207,0.356,7
441,6,0.20117,1.2637,0.1543,0.356,7
441,6,0.12402,1.2773,0.29883,0.356,7
441,6,0.12598,1.3018,0.32324,0.356,6
441,6,0.16113,1.2568,0.2373,-0.356,6
441,6,0.12402,1.2891,0.24707,-0.356,7
441,6,0.16797,1.3096,0.26563,-0.356,6
442,2,0,1.1514,0.64063,-0.356,8
442,2,0.041992,1.2129,0.58398,-0.356,8
443,34,0.039063,1.1455,0.52246,0,9
443,34,0.080078,1.1582,0.55859,0,17
443,34,0.041016,1.2051,0.53223,0,18
443,34,0.041992,1.2441,0.51465,0,13
443,34,0.087891,1.2646,0.60742,0,5
443,34,0.044922,1.3164,0.57031,0,5
443,34,0.35449,1.208,-0.049805,0.356,5
443,34,0,1.0625,0.72949,0.356,10
443,34,0.082031,1.1885,0.56348,0.356,18
443,34,0.12598,1.249,0.48926,0.356,22
443,34,0.17188,1.3027,0.40918,0.356,18
443,34,0.26367,1.3643,0.21289,0.356,8
443,34,0.091797,1.3643,0.52539,0.356,12
443,34,0.082031,1.1211,0.68848,0.71201,5
443,34,0.083984,1.2168,0.57227,0.71201,6
443,34,0.039063,1.167,0.47266,-0.71201,7
443,34,0.040039,1.1953,0.47949,-0.71201,13
443,34,0.041016,1.2373,0.45215,-0.71201,16
443,34,0.041992,1.2832,0.40918,-0.71201,12
443,34,0.077148,1.0205,0.68359,-0.356,6
443,34,0.079102,1.1279,0.55566,-0.356,20
443,34,0.080078,1.1709,0.53223,-0.356,38
443,34,0.082031,1.2256,0.47754,-0.356,49
443,34,0.083984,1.2686,0.44531,-0.356,41
443,34,0.085938,1.3164,0.39355,-0.356,22
443,34,0,1.2559,0.63184,-0.356,8
443,34,0.044922,1.248,0.70703,-0.356,9
443,34,-0.39355,0.96387,-0.70801,0,5
443,34,-0.46289,0.94434,-0.8418,0,7
443,34,-0.11816,0.72461,1.0234,0.356,4
443,34,-0.43262,1.001,-0.62988,-0.71201,4
443,34,-0.44336,0.82422,-0.88574,-0.71201,7
443,34,-0.42285,0.8623,-0.76855,-0.356,4
443,34,-0.4834,0.99414,-0.86914,-0.356,5
444,64,0.075195,1.0654,0.54785,0,28
444,64,0.077148,1.0996,0.5459,0,77
444,64,0.039063,1.1318,0.55078,0,127
444,64,0.080078,1.1572,0.56055,0,141
444,64,0.082031,1.1904,0.55957,0,107
444,64,0.041992,1.2197,0.57031,0,50
444,64,-0.085938,1.3027,0.4375,0,9
444,64,0.043945,1.374,0.29492,0,9
444,64,0.13477,1.3916,0.32324,0,13
444,64,0.1377,1.4238,0.31348,0,12
444,64,0.09375,1.4512,0.33984,0,8
444,64,0.075195,1.1104,0.4502,0.356,7
444,64,0.11523,1.1699,0.36328,0.356,22
444,64,0.15723,1.2041,0.33301,0.356,40
444,64,0.16113,1.2373,0.32324,0.356,55
444,64,0.24707,1.2432,0.36328,0.356,63
444,64,0.25293,1.2529,0.42578,0.356,56
444,64,0.25781,1.291,0.40137,0.356,38
444,64,0.13184,1.3818,0.22559,0.356,32
444,64,0.13477,1.3994,0.29004,0.356,36
444,64,0.1377,1.416,0.34961,0.356,33
444,64,0.13965,1.4414,0.36523,0.356,21
444,64,0.14258,1.4473,0.45215,0.356,11
444,64,0.11816,1.25,0.10059,0.71201,8
444,64,0.20117,1.249,0.24512,0.71201,14
444,64,0.24707,1.2432,0.36133,0.71201,17
444,64,0.21094,1.2432,0.47461,0.71201,15
444,64,0.25781,1.2783,0.44043,0.71201,11
444,64,0.087891,1.3584,0.35254,0.71201,11
444,64,0.13477,1.3955,0.30664,0.71201,13
444,64,0.1377,1.4004,0.40527,0.71201,12
444,64,0.13965,1.4541,0.3125,0.71201,9
444,64,0,1.1592,0.56348,-1.78,8
444,64,0.041016,1.0762,0.76074,-1.78,10
444,64,0.080078,1.1113,0.64648,-1.424,11
444,64,0.082031,1.0928,0.73242,-1.424,15
444,64,0.083984,1.0488,0.8418,-1.424,14
444,64,0.042969,1.1377,0.77441,-1.424,8
444,64,0.075195,1.125,0.41406,-1.068,17
444,64,0.077148,1.1455,0.44238,-1.068,50
444,64,0.079102,1.1797,0.43457,-1.068,85
444,64,0.080078,1.208,0.44043,-1.068,99
444,64,0.041016,1.2441,0.43164,-1.068,78
444,64,0.041992,1.2822,0.41016,-1.068,41
444,64,0,1.3379,0.32324,-1.068,13
444,64,0.14648,1.0215,0.55469,-0.71201,11
444,64,0.075195,1.1025,0.46973,-0.71201,66
444,64,0.077148,1.1299,0.47949,-0.71201,183
444,64,0.079102,1.1611,0.48047,-0.71201,309
444,64,0.040039,1.1943,0.4834,-0.71201,345
444,64,0.041016,1.2207,0.49609,-0.71201,265
444,64,0.041992,1.2461,0.50977,-0.71201,134
444,64,0.042969,1.2695,0.53125,-0.71201,40
444,64,0.10938,1.0596,0.4873,-0.356,11
444,64,0.075195,1.0791,0.52148,-0.356,69
444,64,0.077148,1.1113,0.52148,-0.356,190
444,64,0.039063,1.1445,0.52441,-0.356,315
444,64,0.040039,1.1729,0.5332,-0.356,355
444,64,0.041016,1.1973,0.55078,-0.356,270
444,64,0.041992,1.2158,0.57813,-0.356,140
444,64,0.042969,1.2344,0.60742,-0.356,47
444,64,0.087891,1.374,0.2832,-0.356,17
444,64,0.089844,1.4189,0.19336,-0.356,15
444,64,0.091797,1.4365,0.2666,-0.356,12
445,60,0.16504,1.2441,0.40137,0,15
445,60,0.16797,1.2813,0.38086,0,30
445,60,0.17188,1.3203,0.35156,0,37
445,60,0.17578,1.3525,0.34082,0,30
445,60,0.17969,1.3818,0.34473,0,17
445,60,0.19238,1.2139,-0.048828,0.356,10
445,60,0.19727,1.2363,-0.13965,0.356,18
445,60,0.32227,1.2002,-0.3418,0.356,13
445,60,0.12402,1.1982,0.53418,0.356,35
445,60,0.16797,1.2588,0.44922,0.356,85
445,60,0.21484,1.2998,0.39844,0.356,109
445,60,0.17578,1.335,0.40527,0.356,86
445,60,0.13477,1.3525,0.46094,0.356,39
445,60,-0.091797,1.1602,-0.88965,0.356,16
445,60,0.32715,1.4326,0.26953,0.356,18
445,60,0.31152,2.4258,-0.46582,0.356,7
445,60,0.39355,2.4355,-0.50684,0.356,8
445,60,0.12402,1.1748,0.58398,0.71201,12
445,60,0.16797,1.2451,0.48535,0.71201,28
445,60,0.17188,1.29,0.44922,0.71201,36
445,60,0.17578,1.332,0.41504,0.71201,31
445,60,0.13477,1.3672,0.41602,0.71201,19
445,60,0,2.1211,0.26563,-1.068,19
445,60,0,2.167,0,-1.068,11
445,60,-0.41211,0,2.1621,-1.068,6
445,60,0.12598,1.249,0.48828,-0.71201,10
445,60,0.12891,1.3096,0.40332,-0.71201,13
445,60,0.13184,1.3086,0.49609,-0.71201,10
445,60,0,2.0527,0.48242,-0.71201,11
445,60,0.066406,2.1367,0.027344,-0.71201,12
445,60,0.20313,2.1514,0.16992,-0.71201,11
445,60,0.27441,2.1768,0.10742,-0.71201,10
445,60,0.41699,2.1826,0.125,-0.71201,9
445,60,0.23047,1.208,-0.037109,-0.356,6
445,60,0.23633,1.2168,-0.22168,-0.356,12
445,60,0.28223,1.209,-0.34473,-0.356,12
445,60,0,1.1006,0.72461,-0.356,13
445,60,0.16797,1.2637,0.4375,-0.356,35
445,60,0.21484,1.3086,0.36816,-0.356,46
445,60,0.17578,1.332,0.41211,-0.356,33
445,60,0.18652,1.4717,0.1748,-0.356,14
445,60,0.27441,2.1475,-0.36914,-0.356,14
445,60,0.27832,2.1836,-0.32813,-0.356,12
445,60,-0.12109,0.88672,0.92676,0.356,9
445,60,0.36621,1.374,0.35156,0.356,15
445,60,-0.18652,0.96973,-1.1201,0.356,11
445,60,-0.73535,0.97656,-1.7549,-1.068,10
445,60,-0.74512,0.11719,-2.0322,-1.068,7
445,60,0.27441,2.1787,0.039063,-1.068,5
445,60,-0.65918,1.2402,-1.5732,-0.71201,6
445,60,-0.73535,0.91797,-1.7852,-0.71201,7
445,60,-0.60938,0.48145,-2.0234,-0.71201,8
445,60,-0.48047,0.47656,-2.0898,-0.71201,10
445,60,-0.4873,0.073242,2.1709,-0.71201,9
445,60,-0.19238,0.56445,1.0762,-0.356,4
445,60,-0.23633,0.83105,0.91602,-0.356,7
445,60,-0.20117,0.96094,0.83496,-0.356,8
445,60,0.45313,1.2002,-0.30176,-0.356,7
445,60,-0.61816,0,2.1689,-0.356,8
445,60,-0.62598,0.78613,1.9863,-0.356,7
446,64,0,0.94629,0.31152,0,4
446,64,0,0.97559,0.31543,0,5
446,64,-0.4209,0.38867,-1.2188,0,21
446,64,-0.38672,0.74316,-1.0928,0,31
446,64,-0.39551,0.86816,-1.0322,0,32
446,64,0.17969,1.3691,0.38965,0,24
446,64,-0.41211,0.92285,-1.0605,0,15
446,64,-0.32715,0.91309,-1.1357,0,9
446,64,-0.38086,0.88477,-1.1797,0,5
446,64,0.32227,1.1904,0.37305,0.356,13
446,64,0.28809,1.2529,0.29199,0.356,25
446,64,0.29492,1.2842,0.28125,0.356,28
446,64,0.25781,1.3145,0.31738,0.356,20
446,64,0.43945,1.0059,0.87891,0.356,17
446,64,0.44824,1.3623,-0.057617,0.356,26
446,64,-0.22852,1.1504,-0.87695,0.356,27
446,64,-0.28027,1.0664,-1.0078,0.356,20
446,64,0.24707,1.252,0.3291,0.71201,7
446,64,0.25293,1.2744,0.3584,0.71201,8
446,64,0.43945,0.28809,-1.3037,0.71201,7
446,64,0.44824,1.0264,0.89648,0.71201,10
446,64,-0.32031,1.1396,-0.8623,0.71201,10
446,64,-0.28027,1.0801,-0.99316,0.71201,8
446,64,0,0.79492,0.2998,-2.136,9
446,64,0,0.82227,0.30957,-2.136,14
446,64,0.02832,0.86328,0.28027,-2.136,23
446,64,0.029297,0.89063,0.29102,-2.136,34
446,64,0.060547,0.91602,0.30176,-2.136,41
446,64,0.03125,0.95117,0.29297,-2.136,34
446,64,0,0.97754,0.30957,-2.136,19
446,64,0.033203,1.001,0.3291,-2.136,7
446,64,0,0.7793,0.25684,-1.78,9
446,64,0,0.80566,0.27051,-1.78,17
446,64,0,0.82227,0.30957,-1.78,22
446,64,0.056641,0.85645,0.29492,-1.78,37
446,64,0.029297,0.87695,0.33008,-1.78,62
446,64,0.030273,0.90625,0.33398,-1.78,76
446,64,0.03125,0.93555,0.33984,-1.78,65
446,64,0.032227,0.96582,0.34375,-1.78,38
446,64,-0.050781,0.78906,0.21777,-1.424,11
446,64,0,0.8125,0.24609,-1.424,18
446,64,0,0.83594,0.26953,-1.424,21
446,64,0,0.8584,0.29492,-1.424,25
446,64,0.029297,0.87402,0.33789,-1.424,36
446,64,0.030273,0.9082,0.33008,-1.424,44
446,64,0.0625,0.94336,0.31348,-1.424,41
446,64,0.032227,0.9834,0.28613,-1.424,27
446,64,0.12891,1.333,0.32031,-1.424,10
446,64,0.13184,1.375,0.26367,-1.424,11
446,64,0.13477,1.4033,0.26953,-1.424,9
446,64,0,0.77539,0.2666,-1.068,10
446,64,0,0.81641,0.2334,-1.068,18
446,64,-0.054688,0.84277,0.24316,-1.068,22
446,64,0,0.87891,0.22656,-1.068,17
446,64,0,0.91211,0.21484,-1.068,14
446,64,0,0.93164,0.25781,-1.068,21
446,64,0.03125,0.96094,0.26074,-1.068,26
446,64,-0.43066,0.27051,-1.2793,-1.068,21
446,64,-0.39551,0.50293,-1.252,-1.068,21
446,64,-0.44824,0.33887,-1.3203,-1.068,14
446,64,0.091797,1.459,0.09082,-1.068,7
446,64,-0.052734,0.81543,0.23145,-0.71201,9
446,64,-0.082031,0.82715,0.28516,-0.71201,11
446,64,-0.02832,0.86426,0.27637,-0.71201,10
447,64,0.079102,1.2559,-0.045898,0,7
447,64,0.12109,1.2822,-0.037109,0,16
447,64,0.082031,1.3096,-0.12207,0,20
447,64,0.041992,1.2959,-0.36719,0,13
447,64,0,1.376,-0.019531,0,26
447,64,0,1.4014,-0.10938,0,44
447,64,0,1.4219,-0.19824,0,45
447,64,0,1.4209,-0.35547,0,30
447,64,0.4668,1.417,0.082031,0,14
447,64,0.038086,1.2275,-0.074219,0.356,7
447,64,0.079102,1.2559,-0.044922,0.356,11
447,64,0.080078,1.2852,-0.039063,0.356,13
447,64,0.082031,1.3105,0.11816,0.356,15
447,64,0.12598,1.2754,0.41602,0.356,14
447,64,0,1.374,0.082031,0.356,31
447,64,0,1.376,-0.29004,0.356,56
447,64,-0.044922,1.374,-0.41309,0.356,65
447,64,0.45801,1.3906,-0.0087891,0.356,55
447,64,0.41992,1.4326,0.045898,0.356,41
447,64,0,1.2305,0,0.71201,6
447,64,0,1.2598,0,0.71201,9
447,64,0,1.2852,-0.098633,0.71201,10
447,64,0,1.3076,-0.16309,0.71201,9
447,64,0,1.4229,-0.18652,0.71201,20
447,64,0.41211,1.4033,0.081055,0.71201,18
447,64,0.4668,1.3672,0.37891,0.71201,16
447,64,0,0.96191,-0.098633,1.424,8
447,64,0,0.9834,-0.15527,1.424,9
447,64,0,1.0166,-0.13184,1.424,8
447,64,0,0.8916,-0.16992,1.78,4
447,64,-0.029297,0.92969,-0.11719,1.78,9
447,64,-0.030273,0.96191,-0.091797,1.78,12
447,64,-0.0625,0.98242,-0.14844,1.78,12
447,64,0,1.0225,-0.071289,1.78,9
447,64,0,1.0518,-0.073242,1.78,6
447,64,-0.09082,0.95313,-0.13086,2.136,6
447,64,0.040039,1.2871,-0.051758,-0.71201,7
447,64,0.12402,1.3115,0.029297,-0.71201,12
447,64,0.083984,1.3447,-0.00097656,-0.71201,16
447,64,0.042969,1.373,0.085938,-0.71201,19
447,64,0.087891,1.3975,0.12109,-0.71201,20
447,64,0,1.4268,0.15137,-0.71201,15
447,64,0.23633,1.2344,-0.078125,-0.356,10
447,64,0.040039,1.2744,-0.1875,-0.356,16
447,64,0.041016,1.3135,-0.09668,-0.356,26
447,64,0.041992,1.3447,0.066406,-0.356,40
447,64,0.042969,1.3682,0.14355,-0.356,54
447,64,0.043945,1.3926,0.18945,-0.356,57
447,64,0,1.416,0.23438,-0.356,45
447,64,0,1.4287,0.32129,-0.356,28
447,64,-0.54688,0,-1.2803,0,7
447,64,-0.55957,0,-1.292,0,15
447,64,0.36621,1.4082,0.16309,0,19
447,64,-0.13965,1.3311,-0.66406,0,12
447,64,0.63184,0.33496,-1.1426,0.356,10
447,64,-0.55957,0.11621,-1.2529,0.356,20
447,64,0.43945,1.3271,-0.14648,0.356,34
447,64,0.40332,1.377,-0.0039063,0.356,52
447,64,-0.045898,1.3447,-0.5791,0.356,52
447,64,-0.09375,1.2627,-0.79297,0.356,29
447,64,0.40332,1.377,-0.035156,0.71201,16
447,64,-0.091797,1.3984,-0.4248,0.71201,16
447,64,-0.13965,1.2861,-0.74707,0.71201,11
447,64,-0.44824,0,0.92188,1.78,5
448,64,0,1.249,0.16211,0,5
448,64,0,1.2861,0.080078,0,17
448,64,0.082031,1.3105,0.11328,0,32
448,64,0.083984,1.3398,0.11328,0,42
448,64,0.12891,1.3682,0.081055,0,43
448,64,0.13184,1.3994,0.0078125,0,40
448,64,0.13477,1.4268,-0.075195,0,35
448,64,0.1377,1.4502,-0.15137,0,26
448,64,0.13965,1.4785,-0.16113,0,16
448,64,0.11523,1.2158,0.14844,0.356,7
448,64,0.079102,1.2539,0.088867,0.356,24
448,64,0.080078,1.2832,0.081055,0.356,49
448,64,0.082031,1.3135,0.064453,0.356,68
448,64,0.083984,1.3418,0.081055,0.356,65
448,64,0.17188,1.3633,0.074219,0.356,47
448,64,-0.39551,0.22949,1.3291,0.356,38
448,64,-0.31348,0.37207,-1.3506,0.356,30
448,64,0.22852,1.4336,0.19043,0.356,20
448,64,0.18652,1.46,0.25488,0.356,12
448,64,0.079102,1.2354,0.23047,0.71201,8
448,64,0,1.2686,0.22949,0.71201,14
448,64,0.041016,1.2891,0.27051,0.71201,17
448,64,0.16797,1.333,0.10352,0.71201,16
448,64,0.12891,1.3691,-0.06543,0.71201,20
448,64,0.087891,1.3906,-0.18457,0.71201,23
448,64,0.044922,1.4131,-0.24805,0.71201,20
448,64,0.1377,1.458,0.030273,0.71201,13
448,64,0.041992,1.3398,-0.13379,1.068,10
448,64,0,1.3711,-0.12402,1.068,10
448,64,0,1.1211,-0.33887,1.78,9
448,64,0,1.1504,-0.34277,1.78,13
448,64,0,1.1758,-0.3623,1.78,14
448,64,0,1.1855,-0.42383,1.78,12
448,64,0,1.2412,-0.34668,1.78,7
448,64,0,1.1436,-0.25391,2.136,12
448,64,0,1.1611,-0.30762,2.136,17
448,64,0,1.1699,-0.37891,2.136,17
448,64,0,1.2109,-0.34766,2.136,13
448,64,0,1.2148,-0.42969,2.136,8
448,64,0.11816,1.2529,-0.047852,-0.71201,6
448,64,0.12109,1.2598,-0.24414,-0.71201,7
448,64,0.082031,1.2188,-0.49414,-0.71201,4
448,64,0.12891,1.3701,0.030273,-0.71201,11
448,64,0.087891,1.3887,-0.20215,-0.71201,17
448,64,0.089844,1.4014,-0.29492,-0.71201,20
448,64,0.045898,1.3936,-0.44922,-0.71201,17
448,64,0.046875,1.4102,-0.49023,-0.71201,12
448,64,0.19238,1.2139,0.05957,-0.356,8
448,64,0.15723,1.249,-0.024414,-0.356,20
448,64,0.16113,1.2686,-0.15918,-0.356,29
448,64,0.12402,1.2637,-0.35547,-0.356,22
448,64,0.041992,1.3408,-0.12402,-0.356,14
448,64,0.085938,1.374,0.017578,-0.356,27
448,64,0.087891,1.3984,-0.11328,-0.356,41
448,64,0.089844,1.3984,-0.31055,-0.356,45
448,64,0.091797,1.3779,-0.48828,-0.356,37
448,64,0.046875,1.3887,-0.5498,-0.356,22
448,64,-0.47266,0,-1.2598,0,3
448,64,-0.4209,0,-1.3438,0,24
448,64,-0.43066,0,1.3428,0,30
448,64,-0.39551,0,1.3682,0,32
448,64,-0.44824,0.10059,1.3594,0,26
448,64,-0.41211,0.34668,1.3623,0,18
448,64,-0.4668,0.42969,1.3525,0,10
449,61,0.16113,1.2178,0.39063,0,11
449,61,0.16504,1.2549,0.36621,0,19
449,61,0,1.3467,-0.052734,0,29
449,61,0,1.3672,-0.16016,0,44
449,61,0.043945,1.3848,-0.23633,0,54
449,61,0.089844,1.4043,-0.2832,0,54
449,61,0.091797,1.4297,-0.30176,0,38
449,61,0.046875,1.457,-0.3252,0,19
449,61,0.047852,1.4824,-0.3457,0,7
449,61,0.15723,1.2383,0.16992,0.356,10
449,61,0.12109,1.2588,0.24609,0.356,30
449,61,0.082031,1.3018,0.19141,0.356,74
449,61,0.083984,1.3398,0.11621,0.356,123
449,61,0.042969,1.375,0.03418,0.356,146
449,61,0.043945,1.4033,-0.074219,0.356,134
449,61,0.089844,1.4189,-0.19336,0.356,103
449,61,0.091797,1.4375,-0.26367,0.356,64
449,61,0.13965,1.46,-0.2832,0.356,29
449,61,0.083008,2.6641,-0.029297,0.356,8
449,61,0,2.6943,0,0.356,7
449,61,0.040039,1.2842,-0.10059,0.71201,10
449,61,0.041016,1.3154,-0.078125,0.71201,32
449,61,0.041992,1.3438,-0.088867,0.71201,65
449,61,0.042969,1.3701,-0.12207,0.71201,92
449,61,0.087891,1.3945,-0.15332,0.71201,90
449,61,0.044922,1.4209,-0.19824,0.71201,67
449,61,0.045898,1.4443,-0.24023,0.71201,36
449,61,0.046875,1.4551,-0.33496,0.71201,14
449,61,0,1.248,-0.4248,1.068,13
449,61,0,1.2939,-0.375,1.068,24
449,61,0,1.3252,-0.37305,1.068,29
449,61,0,1.3477,-0.40137,1.068,26
449,61,0,1.3691,-0.42969,1.068,17
449,61,0,1.4014,-0.42383,1.068,8
449,61,0,1.377,0,1.424,7
449,61,0,1.3955,-0.17285,1.424,6
449,61,0,1.4238,-0.17871,1.424,5
449,61,0.20117,1.2568,0.20215,-0.71201,12
449,61,0.20605,1.2666,0.2998,-0.71201,20
449,61,0.16797,1.2939,0.33691,-0.71201,22
449,61,0,1.3076,0.43066,-0.71201,18
449,61,0,1.3984,-0.14355,-0.71201,13
449,61,0.23633,1.2188,0.21387,-0.356,16
449,61,0.20117,1.2471,0.25293,-0.356,40
449,61,0.20605,1.2676,0.2959,-0.356,68
449,61,0.12598,1.2813,0.39746,-0.356,78
449,61,0,1.373,0.098633,-0.356,79
449,61,0,1.3955,-0.16797,-0.356,59
449,61,0,1.4219,-0.19336,-0.356,30
449,61,0,1.4639,-0.036133,-0.356,12
449,61,-0.47363,0.38867,1.2324,0,23
449,61,-0.4834,0.5498,1.2002,0,31
449,61,-0.49316,0.6377,1.1875,0,29
449,61,-0.45801,0.7002,1.2021,0,21
449,61,-0.51367,0.70313,1.2139,0,10
449,61,-0.4834,0.27246,1.292,0.356,69
449,61,-0.49316,0.51855,1.2441,0.356,57
449,61,-0.50293,0.7002,1.1836,0.356,35
449,61,-0.4668,0.86328,1.126,0.356,15
449,61,-0.49316,0.47363,1.2617,0.71201,34
449,61,0.54883,1.3076,0.36621,-0.356,8
450,40,0,1.3018,-0.2041,0,13
450,40,0,1.3262,-0.23926,0,38
450,40,0.042969,1.3564,-0.22949,0,73
450,40,0.043945,1.3867,-0.22949,0,97
450,40,0.044922,1.415,-0.2373,0,93
450,40,0.045898,1.4404,-0.25781,0,65
450,40,0.046875,1.4707,-0.25781,0,33
450,40,0.047852,1.4951,-0.28516,0,12
450,40,0.19727,1.2432,0.03418,0.356,9
450,40,0.20117,1.2676,0.11328,0.356,19
450,40,0.12402,1.3125,0.0087891,0.356,37
450,40,0.041992,1.3408,-0.12695,0.356,88
450,40,0.042969,1.3672,-0.15137,0.356,161
450,40,0.043945,1.3936,-0.17676,0.356,205
450,40,0.044922,1.4209,-0.19922,0.356,197
450,40,0.045898,1.4463,-0.22461,0.356,136
450,40,0.09375,1.4717,-0.24121,0.356,68
450,40,0.094727,1.5,-0.24512,0.356,24
450,40,0,1.3145,-0.10254,0.71201,12
450,40,0.041992,1.3428,-0.10254,0.71201,35
450,40,0.042969,1.3711,-0.11133,0.71201,65
450,40,0.043945,1.3984,-0.13281,0.71201,85
450,40,0.044922,1.4258,-0.15625,0.71201,82
450,40,0.045898,1.4502,-0.19531,0.71201,56
450,40,0.046875,1.4756,-0.22559,0.71201,29
450,40,0.047852,1.499,-0.2627,0.71201,10
450,40,0.20605,1.3008,0.043945,-0.71201,8
450,40,0.21094,1.3252,0.11719,-0.71201,9
450,40,0.042969,1.3516,-0.25781,-0.71201,8
450,40,0,1.373,-0.30078,-0.71201,8
450,40,0,1.3828,-0.38379,-0.71201,7
450,40,0.19727,1.2441,0,-0.356,10
450,40,0.20117,1.2686,0.10156,-0.356,21
450,40,0.24707,1.2891,0.12207,-0.356,31
450,40,0.21094,1.3271,0.10156,-0.356,34
450,40,0.17188,1.3652,-0.018555,-0.356,34
450,40,0.087891,1.3906,-0.18359,-0.356,33
450,40,0.044922,1.3926,-0.34473,-0.356,26
450,40,0.091797,1.4063,-0.39746,-0.356,17
450,40,0.32715,1.4502,-0.14258,-0.356,12
451,18,0,1.3848,-0.24219,0,5
451,18,0,1.4287,-0.14063,0,6
451,18,0.16113,1.2773,0.050781,0.356,8
451,18,0.16504,1.3037,0.10449,0.356,11
451,18,0.083984,1.332,0.18066,0.356,13
451,18,0.042969,1.3652,0.16992,0.356,17
451,18,0,1.4063,0.010742,0.356,21
451,18,0.044922,1.4326,-0.074219,0.356,22
451,18,0.045898,1.4629,-0.045898,0.356,17
451,18,0,1.4063,0,0.71201,6
451,18,0,1.4355,0,0.71201,6
451,18,0.23633,1.2227,-0.18848,-0.356,6
451,18,0.24121,1.2656,-0.029297,-0.356,10
451,18,0.20605,1.3018,0.0087891,-0.356,12
451,18,0.21094,1.3311,0.015625,-0.356,13
451,18,0.17188,1.3652,0.033203,-0.356,13
451,18,0.043945,1.4014,0.10742,-0.356,14
451,18,-0.52734,0.32617,1.2617,0,3
452,24,0.39551,1.3477,-0.055664,0,5
452,24,0.3584,1.3818,-0.14746,0,6
452,24,0.32031,1.4287,-0.025391,0,5
452,24,0.19727,1.2217,-0.23633,0.356,5
452,24,0.20117,1.2627,-0.16113,0.356,7
452,24,0.28809,1.2676,-0.21777,0.356,7
452,24,0.34375,1.3271,-0.12207,0.356,8
452,24,0.35156,1.3594,-0.063477,0.356,18
452,24,0.40332,1.374,-0.087891,0.356,25
452,24,0.41211,1.4033,-0.083008,0.356,24
452,24,0.37305,1.4424,-0.11035,0.356,16
452,24,0.35156,1.3359,-0.2627,-0.71201,7
452,24,0.40332,1.3516,-0.2627,-0.71201,10
452,24,0.36621,1.3828,-0.31348,-0.71201,9
452,24,0.19727,1.2422,-0.074219,-0.356,6
452,24,0.20117,1.2666,-0.12305,-0.356,8
452,24,0.24707,1.2383,-0.37793,-0.356,7
452,24,0.34375,1.3242,-0.15234,-0.356,12
452,24,0.39551,1.3418,-0.14258,-0.356,26
452,24,0.40332,1.3643,-0.1875,-0.356,35
452,24,0.41211,1.3936,-0.18262,-0.356,33
452,24,0.37305,1.4336,-0.19434,-0.356,22
452,24,-0.20605,0.84668,0.98926,0.356,4
452,24,-0.24707,0.91504,0.91504,-0.356,4
477,1,0.21973,1.3799,0.1582,-0.356,7
478,10,0.12598,1.2646,0.44824,0.356,9
478,10,0.17188,1.332,0.30078,0.356,10
478,10,0.31348,1.3896,-0.17188,0.356,7
478,10,0.41211,1.3984,-0.13574,0.356,6
478,10,0.12598,1.29,0.36719,-0.356,8
478,10,0.17188,1.3428,0.24805,-0.356,9
478,10,0.3584,1.3721,-0.22266,-0.356,6
478,10,0.50293,1.3721,-0.091797,-0.356,6
478,10,-0.091797,0.5,-1.373,0.356,4
478,10,-0.045898,0.49219,-1.3789,-0.356,5
480,7,0.12402,1.2617,0.3584,0.356,9
480,7,0.083984,1.2813,0.4082,0.356,10
480,7,0.085938,1.25,0.57031,0.356,8
480,7,0.080078,1.2441,0.32715,-0.356,6
480,7,0.082031,1.2725,0.33203,-0.356,10
480,7,0.041992,1.2852,0.40332,-0.356,12
480,7,0.042969,1.292,0.47266,-0.356,10
481,40,0.077148,1.1133,0.5166,0,7
481,40,0.079102,1.1201,0.57031,0,27
481,40,0.080078,1.1689,0.53711,0,59
481,40,0.082031,1.1934,0.55371,0,81
481,40,0.041992,1.2207,0.56738,0,74
481,40,0.042969,1.2568,0.56055,0,47
481,40,0,1.2725,0.59766,0,17
481,40,0.19727,1.2441,-0.019531,0.356,6
481,40,0.3623,1.2314,-0.10938,0.356,6
481,40,0,1.2578,0.39551,0.356,9
481,40,0.12598,1.2773,0.4082,0.356,22
481,40,0.17188,1.3115,0.38281,0.356,33
481,40,0.13184,1.3604,0.3291,0.356,34
481,40,0.13477,1.3916,0.32227,0.356,26
481,40,0.1377,1.4121,0.36328,0.356,17
481,40,0.083984,1.2461,0.50488,0.71201,6
481,40,0.17188,1.293,0.44043,0.71201,10
481,40,0.13184,1.3525,0.36133,0.71201,10
481,40,0.039063,1.1729,0.45801,-0.71201,22
481,40,0.040039,1.2041,0.45605,-0.71201,48
481,40,0.082031,1.2305,0.46387,-0.71201,67
481,40,0.083984,1.2588,0.47266,-0.71201,62
481,40,0.042969,1.2939,0.4668,-0.71201,39
481,40,0,1.332,0.44922,-0.71201,16
481,40,0.077148,1.1152,0.51367,-0.356,13
481,40,0.079102,1.1563,0.49219,-0.356,51
481,40,0.080078,1.1826,0.50684,-0.356,109
481,40,0.082031,1.2139,0.50586,-0.356,151
481,40,0.041992,1.251,0.49805,-0.356,143
481,40,0.042969,1.2939,0.46777,-0.356,93
481,40,0.087891,1.3652,0.32422,-0.356,42
481,40,0.13477,1.4209,0.14746,-0.356,18
481,40,0.091797,1.4473,0.2041,-0.356,10
481,40,-0.42285,0.87891,-0.75,0,4
481,40,-0.12109,1.0791,0.69336,0.356,4
481,40,-0.43262,0.87695,-0.79395,-0.71201,12
481,40,-0.42285,0.83594,-0.79688,-0.356,8
481,40,-0.39355,0.93652,-0.74512,-0.356,27
481,40,-0.40332,0.84961,-1.084,-0.356,10
481,40,-0.41211,0.74805,-1.1895,-0.356,6
482,58,0,1.0566,0.57129,0,5
482,58,0,1.0791,0.58984,0,12
482,58,0,1.1279,0.56055,0,20
482,58,0,1.166,0.54883,0,22
482,58,0.041016,1.2188,0.5,0,20
482,58,0.12598,1.2842,0.3877,0,19
482,58,0.12891,1.3311,0.32813,0,15
482,58,0.17578,1.3721,0.25391,0,7
482,58,0.1377,1.3779,0.47656,0,7
482,58,0.09375,1.4385,0.39063,0,7
482,58,0.11523,1.2168,0.1377,0.356,10
482,58,0.079102,1.251,0.12695,0.356,18
482,58,0.12109,1.2393,0.33105,0.356,28
482,58,0.12402,1.2285,0.45996,0.356,36
482,58,0.16797,1.2607,0.44336,0.356,42
482,58,0.21484,1.2949,0.41602,0.356,36
482,58,0.30762,1.3213,0.36914,0.356,22
482,58,0.089844,1.4121,0.2373,0.356,20
482,58,0.091797,1.4111,0.38086,0.356,26
482,58,0.09375,1.4199,0.45508,0.356,19
482,58,0.082031,1.2354,0.45313,0.71201,10
482,58,0.16797,1.2529,0.46484,0.71201,13
482,58,0.17188,1.291,0.44531,0.71201,11
482,58,0,1.124,0.42285,-1.424,9
482,58,0.038086,1.1572,0.41504,-1.424,23
482,58,0,1.1846,0.42773,-1.424,34
482,58,0,1.21,0.44336,-1.424,34
482,58,0,1.2139,0.51367,-1.424,24
482,58,0,1.2402,0.52637,-1.424,11
482,58,0.036133,1.0654,0.48633,-1.068,7
482,58,0.037109,1.1006,0.47949,-1.068,33
482,58,0.038086,1.1318,0.48145,-1.068,79
482,58,0.039063,1.1641,0.48047,-1.068,120
482,58,0.040039,1.1904,0.49316,-1.068,122
482,58,0.041016,1.2197,0.49805,-1.068,83
482,58,0,1.2588,0.48145,-1.068,36
482,58,0,1.3076,0.43066,-1.068,8
482,58,0.072266,2.1641,0.81445,-1.068,7
482,58,0,1.0752,0.46582,-0.71201,7
482,58,0.037109,1.0908,0.50195,-0.71201,35
482,58,0.038086,1.124,0.49902,-0.71201,87
482,58,0.039063,1.1523,0.50684,-0.71201,132
482,58,0.040039,1.1816,0.51172,-0.71201,136
482,58,0.041016,1.209,0.52344,-0.71201,97
482,58,0,1.2393,0.52832,-0.71201,43
482,58,0,1.2188,0.63965,-0.71201,9
482,58,0.037109,1.1016,0.47656,-0.356,9
482,58,0.077148,1.1504,0.42871,-0.356,24
482,58,0.039063,1.1875,0.41699,-0.356,38
482,58,0.080078,1.2002,0.46094,-0.356,44
482,58,0.082031,1.2051,0.52734,-0.356,37
482,58,0.12598,1.208,0.58398,-0.356,22
482,58,0.30078,1.2959,0.35254,-0.356,15
482,58,0.35156,1.335,0.2666,-0.356,13
482,58,0.089844,1.4326,0.018555,-0.356,15
482,58,0.091797,1.458,0.10645,-0.356,15
482,58,-0.35156,0.17285,-1.3506,0,4
482,58,-0.36621,0.9873,-0.5127,-1.068,4
483,64,0.19727,1.2412,0.079102,0,6
483,64,0.16113,1.2715,0.13184,0,10
483,64,0.16504,1.2715,0.30469,0,14
483,64,0.12598,1.3096,0.29102,0,17
483,64,0.12891,1.3223,0.36035,0,18
483,64,-0.35156,0.99316,-0.93066,0,18
483,64,-0.40332,0.91113,-1.0332,0,15
483,64,0.091797,1.4268,0.31641,0,13
483,64,0.09375,1.4639,0.28418,0,18
483,64,0.047852,1.4863,0.32715,0,15
483,64,0,1.5215,0.30664,0,9
483,64,0.23047,1.208,-0.027344,0.356,7
483,64,0.23633,1.2354,0.057617,0.356,21
483,64,0.24121,1.2646,0.051758,0.356,38
483,64,0.24707,1.293,0.058594,0.356,44
483,64,0.33691,1.2793,0.25488,0.356,32
483,64,0,1.3701,0.12988,0.356,26
483,64,0.13184,1.3799,0.23535,0.356,31
483,64,0.31348,1.3887,0.18359,0.356,21
483,64,0,0.92285,1.1367,0.356,24
483,64,0,1.417,0.47168,0.356,38
483,64,0.047852,1.458,0.43848,0.356,34
483,64,0,1.4951,0.41699,0.356,19
483,64,0.23633,1.2363,0.050781,0.71201,6
483,64,0.24121,1.2598,0.12402,0.71201,11
483,64,0.24707,1.2852,0.15332,0.71201,13
483,64,0.33691,1.1172,-0.67383,0.71201,10
483,64,0,1.3721,0.1123,0.71201,10
483,64,0,1.4053,0.017578,0.71201,10
483,64,0,1.1875,0.85645,0.71201,11
483,64,0,1.4102,0.49121,0.71201,18
483,64,0,1.4746,0.38086,0.71201,15
483,64,0,1.5313,0.25684,0.71201,8
483,64,0,1.0176,0.37305,-2.848,12
483,64,0,1.0303,0.42188,-2.848,24
483,64,0,1.0537,0.44141,-2.848,29
483,64,0,1.0908,0.42773,-2.848,23
483,64,0,1.0801,0.52539,-2.848,12
483,64,0,1.0088,0.30566,-2.492,9
483,64,0,0.99609,0.42578,-2.492,23
483,64,0,1.0156,0.45605,-2.492,39
483,64,0,1.0479,0.45605,-2.492,44
483,64,0,1.0596,0.49902,-2.492,35
483,64,0,1.0684,0.54883,-2.492,19
483,64,0,0.9668,0.48828,-2.136,11
483,64,0,1.0176,0.45117,-2.136,15
483,64,0,1.0273,0.49902,-2.136,16
483,64,0,1.0498,0.52051,-2.136,12
483,64,-0.43066,0.59766,-1.1631,-0.71201,10
483,64,-0.39551,0.55273,-1.2305,-0.71201,12
483,64,0.3584,1.373,0.21191,-0.71201,11
483,64,0.23633,1.2373,0.00097656,-0.356,13
483,64,0.28223,1.2578,-0.019531,-0.356,25
483,64,0.28809,1.2842,-0.0625,-0.356,28
483,64,0,1.2803,0.41895,-0.356,15
483,64,0.085938,1.3721,0.078125,-0.356,20
483,64,0.26367,1.3779,0.089844,-0.356,32
483,64,0.3584,1.3887,-0.050781,-0.356,32
483,64,0.41211,1.3848,-0.23926,-0.356,21
483,64,-0.37891,0.90332,-0.92578,0,10
483,64,-0.38672,0.95703,-0.91113,0,15
483,64,0.087891,1.377,0.26953,0,13
483,64,0.80762,0,-1.2168,0,10
483,64,-0.45801,0.80957,-1.1318,0,8
484,64,-0.13281,0.80176,0.24609,0,3
484,64,0,0.80664,0.34961,0,4
484,64,0,0.80859,0.41309,0,5
484,64,0,0.85742,0.37988,0,7
484,64,0,0.93262,0.25488,0,8
484,64,0,1.2656,0.36816,0,31
484,64,-0.083984,1.207,0.59277,0,52
484,64,-0.17188,1.1387,0.75488,0,64
484,64,-0.13184,1.2764,0.5752,0,57
484,64,-0.089844,1.3965,0.31641,0,38
484,64,0.045898,1.4424,0.25098,0,19
484,64,-0.12793,0.80176,0.11816,0.356,11
484,64,-0.13281,0.83398,0.09375,0.356,21
484,64,-0.10938,0.86719,0.09082,0.356,27
484,64,-0.11328,0.89746,0.076172,0.356,24
484,64,-0.14648,0.9248,0.050781,0.356,14
484,64,0.20117,1.2617,0.16699,0.356,18
484,64,0.20605,1.2871,0.19629,0.356,28
484,64,0.21094,1.3154,0.20117,0.356,36
484,64,0.21484,1.3467,0.18945,0.356,36
484,64,0.21973,1.3672,0.24121,0.356,27
484,64,-0.12793,0.80176,0.11328,0.71201,7
484,64,-0.13281,0.83105,0.11719,0.71201,14
484,64,-0.10938,0.86035,0.1416,0.71201,21
484,64,-0.11328,0.89551,0.09375,0.71201,21
484,64,-0.14648,0.9209,0.092773,0.71201,14
484,64,0.21094,1.3057,0.25488,0.71201,10
484,64,0.17188,1.3516,0.19629,0.71201,10
484,64,0,1.3428,0.41504,1.068,8
484,64,0,1.3896,0.3584,1.068,8
484,64,-0.087891,0.93164,0.058594,-1.424,6
484,64,0,0.94531,0.20313,-1.424,5
484,64,-0.082031,0.84082,0.24023,-1.068,8
484,64,-0.056641,0.88086,0.21289,-1.068,18
484,64,-0.058594,0.9082,0.22363,-1.068,25
484,64,-0.060547,0.94238,0.2041,-1.068,24
484,64,-0.0625,0.96973,0.2168,-1.068,15
484,64,-0.41211,0,1.2725,-1.068,11
484,64,-0.37891,0.28809,1.2607,-1.068,17
484,64,-0.38672,0.28223,1.291,-1.068,17
484,64,-0.39551,0,1.3555,-1.068,12
484,64,-0.077148,0.7998,0.16406,-0.71201,7
484,64,-0.080078,0.82422,0.18848,-0.71201,11
484,64,-0.1377,0.86719,0.019531,-0.71201,8
484,64,0,0.8623,0.28516,-0.71201,10
484,64,-0.029297,0.89453,0.27832,-0.71201,20
484,64,-0.060547,0.92969,0.25879,-0.71201,22
484,64,-0.09375,0.9502,0.28125,-0.71201,14
484,64,-0.37109,0.38672,1.2041,-0.71201,52
484,64,-0.37891,0.46094,1.208,-0.71201,80
484,64,-0.34375,0.7041,1.1318,-0.71201,84
484,64,-0.30762,0.95508,0.98438,-0.71201,62
484,64,-0.13477,1.3291,0.52441,-0.71201,37
484,64,-0.045898,1.4443,0.23535,-0.71201,20
484,64,-0.10254,0.7832,0.2207,-0.356,13
484,64,-0.10645,0.81934,0.19727,-0.356,23
484,64,-0.082031,0.85645,0.17871,-0.356,28
484,64,-0.11328,0.87891,0.19922,-0.356,22
484,64,-0.11719,0.91504,0.16309,-0.356,12
484,64,-0.40234,0,1.2734,-0.356,25
484,64,-0.37109,0.34375,1.2168,-0.356,67
484,64,-0.21094,1.0107,0.86621,-0.356,109
484,64,-0.17188,1.1484,0.73926,-0.356,131
484,64,-0.13184,1.292,0.53906,-0.356,115
485,58,0.041016,1.3145,0.091797,0,14
485,58,0.083984,1.3418,0.087891,0,30
485,58,0.085938,1.3721,0.073242,0,40
485,58,0.087891,1.4014,0.069336,0,35
485,58,0.089844,1.4297,0.094727,0,20
485,58,0.091797,1.4492,0.19141,0,6
485,58,0,2.1592,0.40137,0,9
485,58,0.069336,2.1865,0.41309,0,11
485,58,0,2.2275,0.34961,0,9
485,58,0.15723,1.2461,0.098633,0.356,8
485,58,0.24121,1.2539,0.17285,0.356,19
485,58,0.28809,1.251,0.29688,0.356,33
485,58,0.29492,1.2578,0.38184,0.356,47
485,58,0.34375,1.2451,0.47559,0.356,55
485,58,0.35156,1.2236,0.5957,0.356,50
485,58,0.40332,1.2334,-0.6123,0.356,39
485,58,0.41211,1.335,-0.43848,0.356,28
485,58,0,2.1396,0.49512,0.356,18
485,58,0.069336,2.1816,0.43555,0.356,22
485,58,0,2.2158,0.41895,0.356,18
485,58,0.12109,1.2754,0.1416,0.71201,6
485,58,0.20605,1.2617,0.31934,0.71201,10
485,58,0.25293,1.2549,0.4209,0.71201,14
485,58,0.34375,1.1455,0.68164,0.71201,16
485,58,0.39551,0.48926,1.2578,0.71201,14
485,58,0,2.0859,0.68945,0.71201,11
485,58,0,2.124,0.66504,0.71201,14
485,58,0.070313,2.1787,0.5791,0.71201,12
485,58,0.21484,1.3574,0.085938,-1.068,7
485,58,0.17578,1.3945,-0.03418,-1.068,7
485,58,0.089844,1.4209,-0.17969,-1.068,5
485,58,0.16504,1.3037,0.094727,-0.71201,14
485,58,0.21094,1.3232,0.14551,-0.71201,24
485,58,0.25781,1.3408,0.17188,-0.71201,27
485,58,0.26367,1.3672,0.19531,-0.71201,22
485,58,0.26953,1.4082,0.061523,-0.71201,14
485,58,0.27441,1.416,-0.25195,-0.71201,13
485,58,0.18652,1.4717,-0.17871,-0.71201,13
485,58,0.27539,1.2246,-0.10254,-0.356,8
485,58,0.24121,1.2646,0.052734,-0.356,21
485,58,0.20605,1.2939,0.13867,-0.356,47
485,58,0.21094,1.3193,0.17188,-0.356,80
485,58,0.25781,1.3379,0.19824,-0.356,94
485,58,0.21973,1.3779,0.17383,-0.356,82
485,58,0.31348,1.3887,0.17773,-0.356,52
485,58,0.32031,1.4287,0.010742,-0.356,28
485,58,-0.28809,0.73828,-1.0527,0.356,19
485,58,-0.25293,0.90137,-0.96875,0.356,32
485,58,-0.25781,0.9707,-0.94141,0.356,41
485,58,-0.21973,1.1113,-0.83301,0.356,40
485,58,-0.17969,1.3896,-0.30859,0.356,28
485,58,-0.3291,0.67969,-1.0801,0.71201,6
485,58,-0.29492,0.9834,-0.87305,0.71201,10
485,58,-0.25781,1.0703,-0.82715,0.71201,13
485,58,-0.21973,1.2451,-0.61426,0.71201,13
485,58,-0.39551,0.28809,1.3184,-1.068,4
485,58,-0.44824,0.53027,1.2559,-1.068,3
485,58,-0.22852,0.2666,-1.4219,-0.356,16
486,55,0.15723,1.2354,0.18555,0,10
486,55,0.20117,1.2324,0.31738,0,18
486,55,0.24707,1.2432,0.36133,0,24
486,55,0.21094,1.3174,0.19043,0,31
486,55,0.085938,1.3672,-0.13379,0,55
486,55,0.13184,1.3975,-0.079102,0,67
486,55,0.089844,1.4258,-0.13184,0,55
486,55,0.1377,1.4561,-0.083984,0,34
486,55,0.13965,1.4873,-0.011719,0,15
486,55,0.15332,1.2197,0.042969,0.356,11
486,55,0.15723,1.248,0.064453,0.356,37
486,55,0.16113,1.2773,0.048828,0.356,77
486,55,0.12402,1.3125,0.013672,0.356,117
486,55,0.083984,1.3438,-0.043945,0.356,138
486,55,0.042969,1.3682,-0.14648,0.356,134
486,55,0.043945,1.3799,-0.2666,0.356,104
486,55,0,1.3633,-0.4502,0.356,65
486,55,0,1.1992,-0.83984,0.356,34
486,55,0.4668,1.4063,-0.18652,0.356,22
486,55,0.11816,1.249,0.10742,0.71201,10
486,55,0.12109,1.2813,0.063477,0.71201,21
486,55,0.082031,1.3154,0.0019531,0.71201,36
486,55,0.041992,1.3447,-0.06543,0.71201,47
486,55,0.042969,1.3682,-0.14355,0.71201,49
486,55,0,1.3828,-0.25293,0.71201,40
486,55,0,1.3848,-0.37598,0.71201,26
486,55,0,1.4023,-0.42188,0.71201,14
486,55,0.16504,1.3066,-0.056641,-1.068,8
486,55,0.12598,1.3389,-0.083984,-1.068,7
486,55,0.15723,1.249,-0.049805,-0.71201,16
486,55,0.20117,1.2725,-0.0048828,-0.71201,31
486,55,0.20605,1.3018,0.013672,-0.71201,42
486,55,0.16797,1.3359,0.048828,-0.71201,40
486,55,0.21484,1.3486,0.1748,-0.71201,27
486,55,0.26367,1.376,0.12207,-0.71201,22
486,55,0.26953,1.4092,-0.015625,-0.71201,22
486,55,0.22852,1.4443,-0.082031,-0.71201,17
486,55,0.28027,1.46,-0.14551,-0.71201,11
486,55,0.15332,1.2207,-0.018555,-0.356,17
486,55,0.19727,1.2441,0.015625,-0.356,53
486,55,0.20117,1.2725,0.040039,-0.356,105
486,55,0.20605,1.3008,0.054688,-0.356,140
486,55,0.16797,1.334,0.089844,-0.356,130
486,55,0.21484,1.3438,0.20996,-0.356,85
486,55,0.30762,1.3594,0.18066,-0.356,62
486,55,0.26953,1.4092,0.044922,-0.356,62
486,55,0.27441,1.4375,-0.064453,-0.356,50
486,55,0.32715,1.4531,-0.10938,-0.356,30
486,55,0.33301,1.4824,-0.11035,-0.356,14
486,55,-0.20605,1.0684,-0.74316,0,18
486,55,-0.39551,0.18457,-1.3359,0,34
486,55,0.17969,1.4229,-0.058594,0,55
486,55,0.50293,1.3232,-0.375,0.356,28
486,55,-0.09375,0.71289,-1.3096,0.356,17
486,55,0.50293,0.75781,-1.1475,0.71201,8
487,64,0,1.2871,-0.067383,0,19
487,64,0.041016,1.3174,-0.03125,0,58
487,64,0.041992,1.3457,-0.036133,0,103
487,64,0.042969,1.375,-0.039063,0,120
487,64,0.043945,1.4043,-0.056641,0,97
487,64,0.044922,1.4307,-0.10059,0,54
487,64,0.091797,1.4424,-0.23926,0,23
487,64,0.046875,1.459,-0.31641,0,8
487,64,1.8154,0.24707,-0.39355,0,5
487,64,-1.9033,0,-0.47559,0,6
487,64,1.873,0,-0.60449,0,5
487,64,0.15332,1.207,0.18164,0.356,5
487,64,0.079102,1.2529,0.10156,0.356,19
487,64,0.080078,1.2832,0.09082,0.356,67
487,64,0.041016,1.3154,0.0625,0.356,159
487,64,0.041992,1.3457,0.036133,0.356,251
487,64,0.042969,1.376,0.014648,0.356,276
487,64,0.043945,1.4053,-0.011719,0.356,209
487,64,0.044922,1.4326,-0.06543,0.356,108
487,64,0.045898,1.4521,-0.18066,0.356,42
487,64,0.09375,1.4668,-0.26563,0.356,16
487,64,1.8154,0.38281,-0.26367,0.356,9
487,64,1.8447,0.37988,-0.28027,0.356,11
487,64,1.873,0.4209,-0.23047,0.356,10
487,64,0,2.6523,-0.2627,0.356,7
487,64,0.083984,2.6738,-0.32031,0.356,8
487,64,0.25488,2.7012,-0.23633,0.356,8
487,64,0.25781,2.7354,-0.17188,0.356,7
487,64,0.43457,2.7217,-0.38281,0.356,7
487,64,0,1.2588,-0.019531,0.71201,5
487,64,0.040039,1.2881,0.012695,0.71201,25
487,64,0.041016,1.3174,-0.017578,0.71201,67
487,64,0,1.3467,-0.052734,0.71201,113
487,64,0.042969,1.375,-0.050781,0.71201,134
487,64,0,1.4033,-0.083008,0.71201,111
487,64,0,1.4316,-0.10742,0.71201,64
487,64,0.091797,1.4541,-0.14941,0.71201,26
487,64,0.046875,1.4775,-0.21289,0.71201,7
487,64,0.34082,2.6709,-0.41211,0.71201,8
487,64,0.34375,2.71,-0.34277,0.71201,8
487,64,0,1.3115,-0.13477,1.068,15
487,64,0,1.3428,-0.10547,1.068,26
487,64,0,1.375,-0.0625,1.068,29
487,64,0,1.4043,-0.072266,1.068,21
487,64,0,1.4326,-0.082031,1.068,10
487,64,0,1.3447,-0.084961,1.424,8
487,64,0,1.377,-0.013672,1.424,8
487,64,0.041992,1.3438,0.083984,-1.068,6
487,64,0,1.3613,-0.20313,-1.068,6
487,64,0.12109,1.2813,0.075195,-0.71201,11
487,64,0.12402,1.3076,0.10547,-0.71201,16
487,64,0.041992,1.3457,0.037109,-0.71201,18
487,64,0.042969,1.375,-0.061523,-0.71201,18
487,64,0.043945,1.4043,-0.049805,-0.71201,13
487,64,0.11523,1.2236,0.048828,-0.356,7
487,64,0.15723,1.248,0.068359,-0.356,20
487,64,0.12109,1.2783,0.1084,-0.356,39
487,64,0.082031,1.3086,0.13184,-0.356,60
487,64,0.083984,1.3438,0.053711,-0.356,78
487,64,0.042969,1.376,-0.014648,-0.356,77
487,64,0.087891,1.4023,-0.036133,-0.356,56
487,64,0.089844,1.4326,-0.0039063,-0.356,29
487,64,0.1377,1.4512,0.14258,-0.356,10
487,64,-0.54883,0.5332,1.248,0,12
488,41,0,1.292,-0.25977,0,9
488,41,0.041992,1.3271,-0.22754,0,27
488,41,0,1.3594,-0.21582,0,53
488,41,0.043945,1.3916,-0.19824,0,70
488,41,0.044922,1.4199,-0.20605,0,66
488,41,0.045898,1.4521,-0.18555,0,44
488,41,0.09375,1.4795,-0.18652,0,21
488,41,0.047852,1.5225,-0.023438,0,7
488,41,0.24121,1.2451,0.22852,0.356,9
488,41,0.041016,1.3145,-0.085938,0.356,21
488,41,0,1.3408,-0.12793,0.356,62
488,41,0.042969,1.3711,-0.11816,0.356,121
488,41,0.043945,1.3994,-0.12988,0.356,163
488,41,0,1.4268,-0.15527,0.356,156
488,41,0,1.4492,-0.20996,0.356,109
488,41,0,1.4316,-0.4248,0.356,55
488,41,0,1.3018,-0.20508,0.71201,8
488,41,0,1.3418,-0.12402,0.71201,25
488,41,0.042969,1.373,-0.094727,0.71201,49
488,41,0,1.4014,-0.11328,0.71201,66
488,41,0,1.4287,-0.13086,0.71201,62
488,41,0,1.4541,-0.17773,0.71201,43
488,41,0,1.4639,-0.29785,0.71201,21
488,41,0.45801,1.3428,-0.36328,-0.71201,10
488,41,0.24121,1.2383,0.26172,-0.356,12
488,41,0.24707,1.2705,0.24609,-0.356,19
488,41,0.21094,1.3164,0.19434,-0.356,26
488,41,0.12891,1.3701,0.043945,-0.356,32
488,41,0.043945,1.3984,-0.13867,-0.356,36
488,41,0,1.3916,-0.35254,-0.356,39
488,41,0.50293,1.3545,-0.23633,-0.356,38
488,41,0.4668,1.3955,-0.25781,-0.356,31
488,41,0.47559,1.4199,-0.27539,-0.356,18
488,41,-0.57129,0.14648,1.4043,0,4
488,41,0.51367,1.3936,0.15918,0.356,28
488,41,-0.045898,0.50781,1.373,-0.71201,9
488,41,0.39551,1.2832,0.41797,-0.356,22
488,41,0.49316,1.333,-0.19922,-0.356,33
488,41,-0.045898,0.42871,-1.3994,-0.356,33
488,41,-0.046875,0.4248,1.4316,-0.356,23
488,41,-0.14258,0.6748,1.3574,-0.356,12
489,40,0,1.3291,-0.22266,0,5
489,40,0,1.3604,-0.20996,0,10
489,40,0,1.3779,-0.27734,0,14
489,40,0.044922,1.4033,-0.2998,0,13
489,40,0.091797,1.4404,-0.24902,0,9
489,40,0.18652,1.4658,-0.2168,0,6
489,40,0.15723,1.249,-0.03125,0.356,6
489,40,0.20117,1.2695,0.098633,0.356,11
489,40,0.16504,1.3076,0.024414,0.356,17
489,40,0.041992,1.3467,0.023438,0.356,27
489,40,0,1.376,-0.018555,0.356,43
489,40,0.043945,1.4043,-0.03418,0.356,56
489,40,0,1.4336,-0.071289,0.356,55
489,40,0,1.4492,-0.21191,0.356,41
489,40,0,1.3379,-0.66504,0.356,23
489,40,0,1.3457,-0.060547,0.71201,8
489,40,0,1.376,0.025391,0.71201,13
489,40,0,1.4053,0.024414,0.71201,17
489,40,0,1.4336,-0.05957,0.71201,16
489,40,0,1.4551,-0.16699,0.71201,12
489,40,0,1.3516,0.38574,-0.71201,9
489,40,0.44824,1.3467,-0.21484,-0.71201,10
489,40,0.11816,1.2539,0.02832,-0.356,6
489,40,0.16113,1.2783,0.016602,-0.356,11
489,40,0.16504,1.3076,0.0058594,-0.356,15
489,40,0.083984,1.3447,0.012695,-0.356,19
489,40,0,1.3721,0.11523,-0.356,26
489,40,0,1.3887,0.21777,-0.356,33
489,40,0,1.2725,0.66309,-0.356,36
489,40,0.50293,1.3691,-0.13379,-0.356,33
489,40,0.4668,1.4111,-0.15234,-0.356,26
489,40,0.50293,1.3691,-0.13379,0.356,22
489,40,0.51367,1.3994,-0.09375,0.356,17
489,40,0.43945,1.3184,-0.21191,-0.71201,8
489,40,-0.044922,1.2344,0.73145,-0.71201,9
489,40,0.43066,1.2754,-0.28711,-0.356,16
489,40,0.4834,1.3076,-0.17871,-0.356,28
489,40,0.49316,1.3408,-0.14063,-0.356,34
489,40,0,0.54492,1.3594,-0.356,30
489,40,-0.046875,0.52539,-1.3975,-0.356,20
518,9,0,1.208,0.52734,0.356,8
518,9,0.041992,1.2549,0.4873,0.356,11
518,9,0.042969,1.2998,0.45215,0.356,12
518,9,0.043945,1.3486,0.39648,0.356,10
518,9,0,1.1826,0.5127,-0.356,7
518,9,0.041016,1.2178,0.50391,-0.356,12
518,9,0.041992,1.2734,0.43945,-0.356,15
518,9,0.085938,1.3193,0.38184,-0.356,16
518,9,0.043945,1.3447,0.4082,-0.356,12
519,34,0.077148,1.1035,0.53906,0,11
519,34,0.039063,1.1436,0.52637,0,27
519,34,0.040039,1.1748,0.52734,0,42
519,34,0.041016,1.1992,0.54492,0,45
519,34,0.041992,1.2119,0.58789,0,32
519,34,0.042969,1.1865,0.69629,0,16
519,34,0.087891,1.1318,0.8291,0,9
519,34,0.044922,1.1855,0.80762,0,6
519,34,-0.040039,0.86621,0.9541,0.356,9
519,34,0,0.99414,0.86523,0.356,9
519,34,-0.041992,1.1699,0.66699,0.356,9
519,34,0.085938,1.3018,0.43945,0.356,12
519,34,0.087891,1.3438,0.40527,0.356,15
519,34,0.13477,1.3359,0.50586,0.356,15
519,34,0.18262,1.3926,0.41504,0.356,12
519,34,0.038086,1.1494,0.4375,-0.71201,8
519,34,0.079102,1.1611,0.48047,-0.71201,22
519,34,0.040039,1.1992,0.4707,-0.71201,33
519,34,0.041016,1.2217,0.49316,-0.71201,34
519,34,0.041992,1.2227,0.56348,-0.71201,24
519,34,0.085938,1.1084,0.81152,-0.71201,17
519,34,0.043945,1.0703,0.91016,-0.71201,12
519,34,0.077148,1.0771,0.58887,-0.356,20
519,34,0.079102,1.1289,0.55371,-0.356,52
519,34,0.080078,1.166,0.54395,-0.356,83
519,34,0.041016,1.2012,0.54102,-0.356,86
519,34,0.041992,1.2207,0.56934,-0.356,59
519,34,0.042969,1.2021,0.66895,-0.356,24
519,34,0,0.91113,1.0713,-0.356,7
519,34,0.31348,1.3672,0.30371,-0.356,6
519,34,0.32227,1.1885,-0.38086,0.356,6
519,34,0.37109,1.2031,-0.39063,0.356,5
519,34,-0.79102,1.0977,-0.38281,-0.356,4
519,34,-0.17969,1.0273,-0.98633,-0.356,4
520,53,0.037109,1.0439,0.5918,0,17
520,53,0.038086,1.0879,0.57324,0,37
520,53,0.039063,1.1152,0.58398,0,53
520,53,0,1.1445,0.59277,0,50
520,53,0,1.1631,0.61914,0,30
520,53,0,1.1563,0.69238,0,10
520,53,0,1.0654,0.61523,0.356,8
520,53,0,1.126,0.56445,0.356,11
520,53,0,1.1729,0.5332,0.356,6
520,53,0.082031,0.40918,1.25,0.356,8
520,53,0.083984,1.2666,0.45215,0.356,23
520,53,0.042969,1.3291,0.35645,0.356,29
520,53,0.043945,1.375,0.28711,0.356,26
520,53,0.044922,1.4199,0.2002,0.356,19
520,53,0,1.4385,0.27441,0.356,14
520,53,0,1.1416,0.53125,-1.78,9
520,53,0.040039,1.1602,0.55859,-1.78,11
520,53,0.041016,1.1895,0.56543,-1.78,10
520,53,0,1.0781,0.5918,-1.424,8
520,53,0,1.0791,0.64844,-1.424,15
520,53,0.040039,1.0898,0.68652,-1.424,19
520,53,0,1.126,0.68555,-1.424,17
520,53,0.041992,1.1475,0.7041,-1.424,11
520,53,0.073242,1.0869,0.43164,-1.068,8
520,53,0.037109,1.124,0.41992,-1.068,34
520,53,0.038086,1.1475,0.44238,-1.068,79
520,53,0.039063,1.1768,0.44824,-1.068,115
520,53,0.040039,1.2031,0.45996,-1.068,113
520,53,0.041016,1.2324,0.46484,-1.068,75
520,53,0,1.2549,0.49023,-1.068,30
520,53,0.073242,1.0684,0.47559,-0.71201,20
520,53,0.075195,1.0996,0.47754,-0.71201,85
520,53,0.038086,1.1328,0.47852,-0.71201,191
520,53,0.039063,1.1621,0.48438,-0.71201,271
520,53,0.040039,1.1885,0.49512,-0.71201,259
520,53,0.041016,1.2168,0.50488,-0.71201,169
520,53,0.041992,1.248,0.50586,-0.71201,71
520,53,0,1.3057,0.43555,-0.71201,18
520,53,0.073242,1.0264,0.55957,-0.356,15
520,53,0.075195,1.0762,0.52734,-0.356,65
520,53,0.038086,1.1143,0.51855,-0.356,146
520,53,0.039063,1.1426,0.5293,-0.356,208
520,53,0.040039,1.167,0.54492,-0.356,200
520,53,0,1.2002,0.5459,-0.356,134
520,53,0,1.2393,0.5293,-0.356,65
520,53,0,1.3203,0.38965,-0.356,29
520,53,0.087891,1.3916,0.17578,-0.356,21
520,53,0.089844,1.4111,0.24414,-0.356,18
520,53,0.091797,1.4238,0.3291,-0.356,15
520,53,0.12402,1.1875,0.55762,-1.78,10
520,53,-0.36621,0.83789,-0.73242,-1.068,5
520,53,-0.36621,0.89746,-0.6582,-0.71201,12
520,53,-0.36621,0.96191,-0.55957,-0.356,9
521,52,0.20117,1.249,0.24707,0,8
521,52,0.20605,1.2559,0.34277,0,13
521,52,0.25293,1.2402,0.46094,0,18
521,52,0.21484,1.2979,0.40625,0,19
521,52,0.21973,1.3408,0.35938,0,16
521,52,0.17969,1.2891,0.60547,0,9
521,52,0.1377,1.3535,0.54199,0,7
521,52,0.15039,1.1855,-0.12305,0.356,5
521,52,0.19238,1.2148,-0.024414,0.356,16
521,52,0.23633,1.2373,-0.024414,0.356,31
521,52,0.24121,1.2646,0.051758,0.356,44
521,52,0.24707,1.2803,0.19141,0.356,52
521,52,0.21094,1.2939,0.30859,0.356,57
521,52,0.17188,1.3232,0.33691,0.356,55
521,52,0.17578,1.3477,0.36035,0.356,43
521,52,0.17969,1.3584,0.42578,0.356,27
521,52,0.19727,1.2422,0.05957,0.71201,9
521,52,0.24121,1.2578,0.14453,0.71201,13
521,52,0.20605,1.291,0.16504,0.71201,15
521,52,0.21094,1.2666,0.40723,0.71201,18
521,52,0.21484,1.3057,0.37793,0.71201,18
521,52,0,0.83496,0.69141,-3.204,6
521,52,0,0.89941,0.65527,-3.204,7
521,52,0,0.8877,0.71875,-3.204,6
521,52,0.035156,0.8877,0.66992,-2.848,9
521,52,0,0.94141,0.64648,-2.848,11
521,52,0,0.99219,0.62207,-2.848,10
521,52,0.036133,0.97656,0.59082,-2.492,7
521,52,0.073242,0.97363,0.64648,-2.492,9
521,52,0,0.97461,0.47363,-2.136,6
521,52,0,0.99121,0.50586,-2.136,6
521,52,0,1.0479,0.4541,-2.136,5
521,52,0,1.042,0.39258,-1.78,6
521,52,0,1.041,0.46973,-1.78,7
521,52,0,1.0303,0.55762,-1.78,6
521,52,0,1.0576,0.50391,-1.068,6
521,52,0.15332,1.2168,-0.094727,-0.356,12
521,52,0.19727,1.2432,-0.043945,-0.356,22
521,52,0.24121,1.2656,-0.035156,-0.356,30
521,52,0.20605,1.2988,0.086914,-0.356,31
521,52,0.16797,1.3252,0.17188,-0.356,27
521,52,0.085938,1.3389,0.30859,-0.356,23
521,52,0,1.333,0.44824,-0.356,20
521,52,-0.24121,1.1699,-0.4834,0,5
521,52,-0.33691,0.93555,-0.90918,0,10
521,52,-0.34375,0.88281,-0.99902,0,13
521,52,-0.35156,0.80664,-1.0967,0,13
521,52,-0.3584,0.83398,-1.1113,0,9
521,52,-0.50293,0.93652,-1.0068,0,5
521,52,-0.30762,0.54785,-1.2578,0.356,27
521,52,-0.31348,0.71777,-1.2021,0.356,22
521,52,0.43945,1.2793,-0.38379,-0.356,13
522,64,-0.12793,0.77441,0.2373,0,6
522,64,-0.13281,0.80566,0.2334,0,8
522,64,-0.10938,0.85547,0.16895,0,8
522,64,-0.084961,0.88379,0.19043,0,6
522,64,0.082031,1.3135,0.074219,0,23
522,64,0.083984,1.3447,0.033203,0,37
522,64,0.12891,1.3701,0.027344,0,42
522,64,0.17578,1.3945,0.018555,0,33
522,64,0.13477,1.4248,-0.10645,0,17
522,64,0,1.2275,-0.79883,0,6
522,64,0,1.4072,0.5,0,8
522,64,0,1.4746,0.38086,0,7
522,64,0.19238,1.2119,-0.09082,0.356,13
522,64,0.23633,1.2324,-0.11133,0.356,23
522,64,0.24121,1.2607,-0.1123,0.356,28
522,64,0.24707,1.2939,-0.047852,0.356,23
522,64,0.083984,1.3262,0.22461,0.356,18
522,64,0.042969,1.3506,0.26465,0.356,23
522,64,0.043945,1.3613,0.34863,0.356,24
522,64,0,0.92383,1.0977,0.356,21
522,64,0.50293,1.374,-0.052734,0.356,22
522,64,0.15723,1.248,-0.056641,0.71201,6
522,64,0.20117,1.2627,-0.16113,0.71201,8
522,64,0.042969,1.3174,0.39648,0.71201,9
522,64,0,1.3701,0.59375,0.71201,10
522,64,0,0.85059,0.21973,-1.78,7
522,64,0,0.88086,0.22168,-1.78,13
522,64,0,0.90234,0.25293,-1.78,16
522,64,0,0.93066,0.25977,-1.78,12
522,64,0,0.81152,0.25098,-1.424,5
522,64,0,0.83789,0.26563,-1.424,9
522,64,0.02832,0.87012,0.25684,-1.424,20
522,64,0,0.89551,0.27637,-1.424,26
522,64,0,0.92969,0.2627,-1.424,22
522,64,0,0.95801,0.27344,-1.424,13
522,64,-0.12891,1.2861,0.47266,-1.424,10
522,64,-0.13184,1.3389,0.40918,-1.424,15
522,64,-0.13477,1.3691,0.4082,-1.424,15
522,64,-0.091797,1.4229,0.33301,-1.424,11
522,64,-0.074219,0.7666,0.17969,-1.068,9
522,64,-0.077148,0.79883,0.16895,-1.068,14
522,64,-0.10645,0.82422,0.17676,-1.068,15
522,64,-0.054688,0.84473,0.23535,-1.068,15
522,64,0,0.8623,0.28418,-1.068,17
522,64,0,0.88965,0.2959,-1.068,19
522,64,0,0.91699,0.30566,-1.068,17
522,64,-0.24707,0.33203,1.251,-1.068,16
522,64,-0.21094,0.7793,1.0781,-1.068,32
522,64,-0.21484,0.97559,0.94727,-1.068,45
522,64,-0.13184,1.2051,0.71094,-1.068,49
522,64,-0.13477,1.2998,0.59473,-1.068,38
522,64,-0.1377,1.3682,0.50391,-1.068,22
522,64,-0.09375,1.4346,0.40723,-1.068,9
522,64,-0.074219,0.76855,0.17188,-0.71201,16
522,64,-0.077148,0.79297,0.19434,-0.71201,30
522,64,-0.080078,0.81934,0.20898,-0.71201,37
522,64,-0.082031,0.85059,0.2041,-0.71201,31
522,64,-0.11328,0.85645,0.2793,-0.71201,19
522,64,-0.058594,0.88281,0.30957,-0.71201,13
522,64,0.080078,1.2822,0.10156,-0.71201,19
522,64,0.12402,1.3076,0.10352,-0.71201,40
522,64,0.16797,1.3359,0.03418,-0.71201,63
522,64,-0.30078,0.50879,1.2432,-0.71201,74
522,64,-0.30762,0.61035,1.2285,-0.71201,65
523,60,0,1.2295,0.042969,0,7
523,60,0.11816,1.2539,0.023438,0,17
523,60,0.12109,1.2822,0.057617,0,29
523,60,0.082031,1.3076,0.13867,0,38
523,60,0.041992,1.3398,0.13184,0,38
523,60,0,1.3701,0.13379,0,32
523,60,0,1.3965,0.16309,0,23
523,60,0,1.3984,0.32324,0,15
523,60,0,1.3262,0.62207,0,9
523,60,0.11523,1.2246,-0.018555,0.356,14
523,60,0.079102,1.2568,-0.0039063,0.356,23
523,60,0.040039,1.2871,0.036133,0.356,32
523,60,0,1.3184,0.0039063,0.356,45
523,60,-0.041992,1.3398,-0.13086,0.356,58
523,60,-0.085938,1.3428,-0.29102,0.356,63
523,60,0.43945,1.2471,0.47754,0.356,55
523,60,0.40332,1.3691,0.14941,0.356,49
523,60,0.41211,1.4053,0.020508,0.356,33
523,60,0.079102,1.2568,0.022461,0.71201,10
523,60,0,1.2871,0.071289,0.71201,13
523,60,0,1.3174,0.040039,0.71201,18
523,60,0,1.3467,-0.048828,0.71201,23
523,60,-0.085938,1.3643,-0.16504,0.71201,25
523,60,-0.13184,1.3584,-0.33789,0.71201,20
523,60,0,0.92871,-0.2666,1.424,9
523,60,-0.0625,0.96582,-0.23535,1.424,12
523,60,-0.032227,0.99316,-0.25293,1.424,12
523,60,-0.033203,1.0068,-0.31055,1.424,8
523,60,0,0.94629,-0.19824,1.78,7
523,60,0,0.97852,-0.18652,1.78,8
523,60,0,1.0107,-0.16895,1.78,7
523,60,-0.15137,0.91895,-0.25879,2.492,5
523,60,-0.12402,0.94531,-0.28809,2.492,5
523,60,0.15723,1.2432,0.12891,-0.71201,7
523,60,0.12109,1.2793,0.10059,-0.71201,17
523,60,0.12402,1.3086,0.094727,-0.71201,26
523,60,0.083984,1.3438,0.043945,-0.71201,27
523,60,0.042969,1.374,-0.077148,-0.71201,20
523,60,0.13184,1.3994,-0.010742,-0.71201,14
523,60,0.26953,1.4053,0.11328,-0.71201,13
523,60,0.11816,1.2393,0.18945,-0.356,20
523,60,0.12109,1.2725,0.16602,-0.356,49
523,60,0.12402,1.3066,0.12598,-0.356,75
523,60,0.083984,1.3428,0.076172,-0.356,80
523,60,0.042969,1.375,-0.042969,-0.356,61
523,60,0.30762,1.335,0.31543,-0.356,47
523,60,0.31348,1.3896,0.17285,-0.356,42
523,60,0.27441,1.4365,0.071289,-0.356,26
523,60,0.53809,1.0322,-0.83887,0,8
523,60,0.50293,1.1426,-0.76563,0,7
523,60,0.46289,0,1.2783,0.356,30
523,60,0.43066,0.77441,1.0537,0.356,47
523,60,-0.13184,1.3174,-0.47461,0.356,54
523,60,-0.13477,1.2266,-0.73242,0.356,39
523,60,-0.18262,0.9375,-1.1094,0.356,23
523,60,0.46289,0,1.3408,0.71201,12
523,60,0.43066,0.36816,1.2549,0.71201,16
523,60,0.39551,1.0928,0.79102,0.71201,18
523,60,-0.47363,0.2041,-1.2764,-0.71201,11
523,60,-0.47363,0.14844,-1.2842,-0.356,32
524,64,0.075195,1.1963,-0.066406,0,6
524,64,0,1.2266,-0.091797,0,29
524,64,0.039063,1.2568,-0.06543,0,79
524,64,0.040039,1.2861,-0.067383,0,136
524,64,0.041016,1.3164,-0.060547,0,167
524,64,0.041992,1.3457,-0.049805,0,144
524,64,0.085938,1.373,-0.040039,0,86
524,64,0.043945,1.3848,-0.23828,0,34
524,64,0,1.2656,-0.67578,0,12
524,64,0.045898,1.4043,-0.41211,0,7
524,64,0,1.2012,-0.0078125,0.356,11
524,64,0,1.2305,-0.011719,0.356,59
524,64,0.039063,1.2588,-0.032227,0.356,159
524,64,0,1.2871,-0.064453,0.356,264
524,64,0.041016,1.3145,-0.087891,0.356,312
524,64,0.041992,1.3408,-0.12207,0.356,260
524,64,0,1.3633,-0.19043,0.356,157
524,64,0.043945,1.3906,-0.19922,0.356,72
524,64,0.13477,1.4219,-0.1416,0.356,34
524,64,0.27441,1.4336,-0.11816,0.356,20
524,64,0.32715,1.4482,-0.16113,0.356,13
524,64,0,1.2295,0.021484,0.71201,32
524,64,0,1.2598,0.0039063,0.71201,85
524,64,0.040039,1.2881,-0.0048828,0.71201,144
524,64,0,1.3174,-0.035156,0.71201,167
524,64,0.041992,1.3457,-0.049805,0.71201,137
524,64,0.042969,1.374,-0.077148,0.71201,80
524,64,0.043945,1.3984,-0.13379,0.71201,33
524,64,0.044922,1.4209,-0.2002,0.71201,12
524,64,0,1.2881,-0.03125,1.068,8
524,64,0,1.3174,-0.051758,1.068,8
524,64,0,1.1152,-0.24805,1.78,9
524,64,0,1.124,-0.33203,1.78,12
524,64,0,1.1377,-0.38379,1.78,11
524,64,0,1.1514,-0.43359,1.78,8
524,64,0,1.1221,-0.21387,2.136,8
524,64,0,1.1387,-0.27344,2.136,11
524,64,0,1.1406,-0.37598,2.136,11
524,64,0,1.1621,-0.40332,2.136,8
524,64,0.3291,1.1846,0.47559,-0.71201,12
524,64,0.33691,1.252,0.36719,-0.71201,20
524,64,0.30078,1.29,0.37305,-0.71201,19
524,64,0.35156,1.3203,0.33301,-0.71201,13
524,64,0.31348,1.374,0.26953,-0.71201,7
524,64,0.045898,1.416,-0.37109,-0.71201,5
524,64,0.077148,1.2256,0.072266,-0.356,11
524,64,0.039063,1.2588,-0.0019531,-0.356,23
524,64,0.040039,1.2871,-0.043945,-0.356,32
524,64,0.28809,1.1777,0.5166,-0.356,39
524,64,0.29492,1.2412,0.43359,-0.356,63
524,64,0.30078,1.2852,0.39063,-0.356,66
524,64,0.30762,1.3232,0.3623,-0.356,48
524,64,0.3584,1.3594,0.28711,-0.356,26
524,64,0.41211,1.3936,0.18359,-0.356,15
524,64,-0.50293,0.79297,1.124,0,4
524,64,-0.5625,0.56934,0.89453,1.78,6
524,64,-0.57617,0.64648,0.87305,1.78,5
524,64,-0.5127,0.53906,0.90527,2.136,6
524,64,-0.5625,0.47949,0.94629,2.136,6
524,64,-0.57617,0.56348,0.92871,2.136,5
524,64,-0.12402,0.73828,-1.085,-0.71201,9
524,64,-0.21094,0.91895,-0.96289,-0.71201,11
524,64,-0.21484,0.95508,-0.96777,-0.71201,11
524,64,-0.21973,0.93848,-1.0234,-0.71201,8
525,60,0.038086,1.2285,0.043945,0,5
525,60,0.039063,1.2578,0.044922,0,23
525,60,0.040039,1.2881,-0.03418,0,59
525,60,0.041016,1.3154,-0.064453,0,101
525,60,0.041992,1.3447,-0.061523,0,111
525,60,0,1.377,-0.0058594,0,79
525,60,0,1.3975,0.15527,0,34
525,60,0.13477,1.4229,-0.13086,0,12
525,60,0.045898,1.4121,-0.38477,0,10
525,60,0.09375,1.4414,-0.37891,0,6
525,60,0.15332,1.2197,0.038086,0.356,14
525,60,0.039063,1.25,-0.14746,0.356,45
525,60,0.040039,1.2832,-0.11621,0.356,126
525,60,0.041016,1.3145,-0.09375,0.356,217
525,60,0.041992,1.3447,-0.071289,0.356,248
525,60,0.042969,1.375,-0.047852,0.356,191
525,60,0.043945,1.4053,-0.013672,0.356,94
525,60,0.13477,1.4258,-0.092773,0.356,38
525,60,0.091797,1.4551,-0.13672,0.356,22
525,60,0,1.2441,-0.19727,0.71201,36
525,60,0,1.2783,-0.16211,0.71201,103
525,60,0,1.3096,-0.15234,0.71201,181
525,60,0,1.3389,-0.14941,0.71201,213
525,60,0,1.3682,-0.14844,0.71201,175
525,60,0,1.3975,-0.15234,0.71201,95
525,60,0.044922,1.4258,-0.15723,0.71201,34
525,60,0.045898,1.4561,-0.15039,0.71201,9
525,60,0,1.2441,-0.19629,1.068,21
525,60,0,1.2725,-0.2041,1.068,56
525,60,0,1.3008,-0.21387,1.068,96
525,60,0,1.3271,-0.23145,1.068,112
525,60,0,1.3545,-0.24512,1.068,93
525,60,0,1.3799,-0.27051,1.068,53
525,60,0,1.4014,-0.31055,1.068,20
525,60,0,1.2754,-0.18262,1.424,12
525,60,0,1.3008,-0.21289,1.424,21
525,60,0,1.3311,-0.20801,1.424,25
525,60,0,1.3623,-0.19531,1.424,21
525,60,0,1.3945,-0.18164,1.424,13
525,60,0.23633,1.2373,-0.0029297,-0.71201,14
525,60,0.20117,1.2686,0.1084,-0.71201,22
525,60,0.24707,1.2832,0.16895,-0.71201,26
525,60,0.25293,1.3037,0.22754,-0.71201,22
525,60,0.30078,1.3018,0.33008,-0.71201,13
525,60,0.15332,1.2207,0.023438,-0.356,20
525,60,0.19727,1.2422,0.069336,-0.356,47
525,60,0.20117,1.2666,0.12207,-0.356,73
525,60,0.24707,1.2793,0.20117,-0.356,83
525,60,0.25293,1.2803,0.33398,-0.356,66
525,60,0.34375,1.2705,0.40234,-0.356,37
525,60,0.39551,1.2588,0.48535,-0.356,16
525,60,0,1.3936,-0.34375,-0.356,12
525,60,0.091797,1.4502,0.18262,-0.356,7
525,60,-0.40332,0.61914,1.2305,0,7
525,60,-0.45801,0.85254,1.0996,0,6
525,60,-1.4648,0,-0.25195,0.71201,7
525,60,-0.17188,1.0508,-0.87207,-0.356,24
525,60,-0.13184,1.2002,-0.7207,-0.356,16
525,60,-0.40332,0,1.4277,-0.356,7
525,60,-0.50293,0,1.4063,-0.356,4
526,43,0,1.3037,-0.19434,0,10
526,43,0.041992,1.3203,-0.2666,0,25
526,43,0.042969,1.3535,-0.24707,0,47
526,43,0.043945,1.3838,-0.24219,0,61
526,43,0.089844,1.4102,-0.24902,0,58
526,43,0.091797,1.4414,-0.23926,0,40
526,43,0.09375,1.4707,-0.24609,0,19
526,43,0.094727,1.4941,-0.27734,0,6
526,43,0.15332,1.2197,-0.027344,0.356,12
526,43,0.15723,1.249,-0.014648,0.356,24
526,43,0.12109,1.2832,-0.0019531,0.356,38
526,43,0.082031,1.3145,-0.041992,0.356,52
526,43,0.083984,1.3398,-0.1084,0.356,73
526,43,0.085938,1.3623,-0.1748,0.356,103
526,43,0.043945,1.3877,-0.21875,0.356,125
526,43,0.089844,1.4131,-0.23535,0.356,119
526,43,0.045898,1.4375,-0.27832,0.356,81
526,43,0.046875,1.4531,-0.34277,0.356,39
526,43,0.12109,1.2822,0.03125,0.71201,12
526,43,0.082031,1.3154,-0.029297,0.71201,20
526,43,0.083984,1.3398,-0.11523,0.71201,33
526,43,0.042969,1.3691,-0.13672,0.71201,46
526,43,0.087891,1.3955,-0.14844,0.71201,55
526,43,0.089844,1.4229,-0.16504,0.71201,50
526,43,0.045898,1.4473,-0.22168,0.71201,34
526,43,0.046875,1.4688,-0.26953,0.71201,18
526,43,0.15723,1.2451,-0.10645,-0.71201,7
526,43,0.16113,1.2773,-0.058594,-0.71201,10
526,43,0.16504,1.3076,-0.0097656,-0.71201,11
526,43,0.16797,1.3359,0.033203,-0.71201,9
526,43,0.12891,1.3594,-0.17285,-0.71201,7
526,43,0.15332,1.2178,-0.083008,-0.356,13
526,43,0.15723,1.248,-0.05957,-0.356,26
526,43,0.20117,1.2725,-0.0058594,-0.356,38
526,43,0.16504,1.3076,0.0078125,-0.356,40
526,43,0.16797,1.3359,0.038086,-0.356,34
526,43,0.25781,1.3496,0.09082,-0.356,26
526,43,0.30762,1.3672,0.10645,-0.356,23
526,43,0.40332,1.377,0.026367,-0.356,25
526,43,0.41211,1.4043,-0.043945,-0.356,23
526,43,-0.4668,0.66309,1.2549,0,10
526,43,-0.089844,1.1953,-0.78906,-0.356,16
526,43,-0.091797,1.0078,-1.0586,-0.356,14
527,30,0,1.3389,-0.14746,0,12
527,30,0,1.3643,-0.18359,0,23
527,30,0,1.3906,-0.20703,0,31
527,30,0.044922,1.4209,-0.19824,0,31
527,30,0,1.4473,-0.22363,0,21
527,30,0.31445,1.2188,-0.048828,0.356,9
527,30,0.32227,1.2471,-0.03418,0.356,12
527,30,0.24707,1.293,-0.061523,0.356,13
527,30,0.041992,1.3252,-0.24023,0.356,30
527,30,0.042969,1.3604,-0.20801,0.356,59
527,30,0.043945,1.3906,-0.19824,0.356,80
527,30,0.044922,1.4238,-0.17578,0.356,78
527,30,0.045898,1.4561,-0.15039,0.356,52
527,30,0,1.335,-0.18262,0.71201,10
527,30,0,1.3682,-0.1543,0.71201,20
527,30,0,1.3984,-0.14355,0.71201,28
527,30,0,1.4297,-0.12988,0.71201,27
527,30,0.045898,1.4609,-0.09082,0.71201,19
527,30,0.31445,1.2178,-0.061523,-0.356,11
527,30,0.28223,1.251,-0.13184,-0.356,14
527,30,0.37109,1.2588,-0.12207,-0.356,14
527,30,0.25293,1.3193,-0.10645,-0.356,13
527,30,0.042969,1.3018,-0.44434,-0.356,20
527,30,0.087891,1.3486,-0.38574,-0.356,28
527,30,0.089844,1.3828,-0.37402,-0.356,26
527,30,1.4043,0,1.6895,-0.356,10
527,30,1.4277,0,1.7422,-0.356,15
527,30,1.4512,0,1.7363,-0.356,16
527,30,-0.15723,0.43359,1.1719,-0.356,6
527,30,-0.16113,0.45801,1.1943,-0.356,8
528,36,0.38672,1.3184,-0.081055,0,6
528,36,0.43945,1.3301,-0.125,0,9
528,36,0.40332,1.3662,-0.16992,0,9
528,36,0.41211,1.3994,-0.125,0,7
528,36,0.15332,1.2188,0.064453,0.356,6
528,36,0.15723,1.2393,0.16211,0.356,12
528,36,0.16113,1.2705,0.14551,0.356,17
528,36,0.24707,1.291,0.097656,0.356,17
528,36,0.25293,1.3232,0.011719,0.356,14
528,36,0.38672,1.3203,0.03125,0.356,15
528,36,0.43945,1.335,-0.0097656,0.356,20
528,36,0.44824,1.3613,-0.074219,0.356,22
528,36,0.45801,1.3877,-0.094727,0.356,19
528,36,0.38672,1.3174,-0.10254,-0.71201,7
528,36,0.43945,1.3223,-0.1875,-0.71201,10
528,36,0.40332,1.3398,-0.31934,-0.71201,10
528,36,0.41211,1.3662,-0.32715,-0.71201,9
528,36,0.19238,1.2148,0,-0.356,6
528,36,0.15723,1.249,0.032227,-0.356,12
528,36,0.24121,1.2646,0.05957,-0.356,17
528,36,0.20605,1.3018,-0.0078125,-0.356,17
528,36,0.25293,1.3164,-0.13965,-0.356,15
528,36,0.43066,1.3057,-0.06543,-0.356,24
528,36,0.43945,1.3301,-0.12207,-0.356,33
528,36,0.44824,1.3545,-0.1582,-0.356,36
528,36,0.45801,1.374,-0.21875,-0.356,30
528,36,0.4668,1.3926,-0.27344,-0.356,20
528,36,0,1.1084,-0.86523,0.356,15
528,36,0,1.0605,-0.96777,0.356,14
528,36,0,1,-0.94629,-0.71201,5
528,36,-0.087891,0.79492,-1.1563,-0.71201,6
528,36,-0.13477,0.52051,-1.3311,-0.71201,6
528,36,-0.1377,0.38574,1.4063,-0.71201,5
528,36,-0.042969,1.0146,-0.92871,-0.356,14
528,36,-0.043945,0.84863,-1.1201,-0.356,20
528,36,-0.044922,0.78125,-1.2031,-0.356,20
552,14,0.19727,1.2412,0.079102,0.356,5
552,14,0.24121,1.2539,0.1709,0.356,11
552,14,0.24707,1.292,0.088867,0.356,15
552,14,0.16797,1.3359,-0.044922,0.356,12
552,14,0.042969,1.1152,-0.80566,0.356,7
552,14,0.39551,1.3477,0.051758,0.356,13
552,14,0.40332,1.377,0.010742,0.356,15
552,14,0.20117,1.2725,0.024414,-0.356,8
552,14,0.28809,1.2861,0.029297,-0.356,12
552,14,0.21094,1.3223,-0.14746,-0.356,10
552,14,0.43945,1.333,-0.086914,-0.356,10
552,14,1.4512,0,1.7148,-0.356,6
552,14,0.47363,1.292,-0.03125,0.356,7
552,14,0.50293,0,1.7861,-0.356,4
553,12,0.24121,1.2598,0.12012,0.356,10
553,12,0.24707,1.2881,0.12988,0.356,13
553,12,0.29492,1.3008,0.19141,0.356,13
553,12,0.30078,1.3018,0.33203,0.356,10
553,12,0.35156,1.3477,0.19141,0.356,11
553,12,0.3584,1.3877,0.071289,0.356,13
553,12,0.28223,1.2549,0.087891,-0.356,9
553,12,0.24707,1.292,0.078125,-0.356,11
553,12,0.25293,1.3154,0.1416,-0.356,10
553,12,0.25781,1.3398,0.17969,-0.356,8
553,12,0.35156,1.3613,0,-0.356,9
553,12,0.3584,1.3887,-0.040039,-0.356,11
554,14,0.19727,1.2373,-0.12598,0.356,9
554,14,0.20117,1.2725,-0.0097656,0.356,13
554,14,0.20605,1.2969,0.11328,0.356,17
554,14,0.21094,1.3164,0.19238,0.356,21
554,14,0.21484,1.3486,0.17383,0.356,21
554,14,0.30762,1.3682,0.09668,0.356,18
554,14,0.16797,1.3164,0.23145,0.71201,5
554,14,0.19727,1.2314,-0.17969,-0.356,7
554,14,0.20117,1.2705,-0.082031,-0.356,11
554,14,0.24707,1.2939,0.047852,-0.356,15
554,14,0.25293,1.3213,0.078125,-0.356,18
554,14,0.25781,1.3496,0.085938,-0.356,18
554,14,0.26367,1.3809,0.0078125,-0.356,15
554,14,-0.27539,0.68066,1.0234,-0.356,4
555,6,0.16113,1.2529,-0.25488,0.356,9
555,6,0.16504,1.2656,-0.3291,0.356,9
555,6,0.15723,1.2178,-0.28125,-0.356,6
555,6,0.20117,1.2236,-0.35059,-0.356,8
555,6,0.20605,1.1885,-0.53027,-0.356,9
555,6,-0.27539,0,1.2588,-0.356,4
556,12,0.19727,1.2334,-0.16309,0.356,11
556,12,0.20117,1.2705,-0.073242,0.356,15
556,12,0.20605,1.2949,-0.13281,0.356,15
556,12,0.21094,1.3213,-0.15625,0.356,10
556,12,0.44824,1.3438,-0.23145,0.356,8
556,12,0.19727,1.2246,-0.2168,-0.356,9
556,12,0.20117,1.2607,-0.17383,-0.356,13
556,12,0.20605,1.2803,-0.2373,-0.356,14
556,12,0.21094,1.3164,-0.19434,-0.356,10
556,12,0,1.1816,0.81445,-0.356,7
556,12,-0.044922,1.041,0.98633,0.356,7
556,12,0.44824,1.3203,-0.34082,-0.356,7
557,22,0.080078,1.2041,0.45215,0,9
557,22,0.041016,1.1924,0.55957,0,16
557,22,0.041992,1.2256,0.55859,0,19
557,22,0.042969,1.252,0.57129,0,17
557,22,0,1.2441,0.65527,0,11
557,22,0.044922,1.0801,0.94336,0,7
557,22,0.15723,1.209,-0.31445,0.356,7
557,22,0.16113,1.2422,-0.30371,0.356,10
557,22,0.20605,1.2383,-0.40137,0.356,10
557,22,0.13184,1.3164,0.47461,0.356,11
557,22,0.089844,1.3105,0.57813,0.356,11
557,22,0.041016,1.2236,0.48828,-0.71201,11
557,22,0.041992,1.2578,0.48145,-0.71201,13
557,22,0.042969,1.2852,0.49219,-0.71201,11
557,22,0.080078,1.0947,0.67578,-0.356,18
557,22,0.082031,1.1689,0.60254,-0.356,32
557,22,0.041992,1.2383,0.53027,-0.356,35
557,22,0,1.2588,0.55664,-0.356,26
557,22,0,1.2578,0.62695,-0.356,13
557,22,0.13477,1.4258,0.098633,-0.356,11
557,22,-0.44824,1.0801,-0.83203,0.356,6
557,22,-0.45313,0.95996,-0.78125,-0.71201,6
558,64,0.16504,1.3076,0,0,7
558,64,0.16797,1.3301,0.13184,0,11
558,64,0.17188,1.3574,0.14844,0,13
558,64,0.13184,1.3916,0.15137,0,14
558,64,0.13477,1.4072,0.24707,0,16
558,64,0.1377,1.4268,0.30078,0,17
558,64,0.18652,1.4268,0.39941,0,15
558,64,0.14258,1.4492,0.44434,0,10
558,64,0.15332,1.2139,-0.12598,0.356,6
558,64,0.19727,1.2373,-0.13281,0.356,14
558,64,0.20117,1.2686,-0.11035,0.356,19
558,64,0.20605,1.3018,0.02832,0.356,25
558,64,0.16797,1.332,0.10742,0.356,38
558,64,0.17188,1.3594,0.12988,0.356,51
558,64,0.17578,1.3848,0.16504,0.356,58
558,64,0.17969,1.4014,0.25098,0.356,58
558,64,0.1377,1.4287,0.29297,0.356,48
558,64,0.18652,1.4395,0.35156,0.356,35
558,64,0.14258,1.4678,0.38086,0.356,22
558,64,0.16113,1.2783,0,0.71201,6
558,64,0.16504,1.3027,0.11719,0.71201,8
558,64,0.16797,1.3301,0.13281,0.71201,12
558,64,0.17188,1.3555,0.16699,0.71201,16
558,64,0.17578,1.376,0.22949,0.71201,19
558,64,0.17969,1.3945,0.28516,0.71201,20
558,64,0.1377,1.4209,0.3252,0.71201,19
558,64,0.13965,1.4336,0.39551,0.71201,15
558,64,0.14258,1.457,0.41895,0.71201,10
558,64,0,1.2061,0.4541,-1.78,9
558,64,0.041016,1.1816,0.58203,-1.78,14
558,64,0.041992,1.2188,0.57227,-1.78,15
558,64,0.042969,1.208,0.6582,-1.78,10
558,64,0,1.1777,0.52344,-1.424,12
558,64,0.041016,1.1836,0.57715,-1.424,20
558,64,0.041992,1.2168,0.57813,-1.424,22
558,64,0.042969,1.2676,0.53613,-1.424,16
558,64,0.075195,1.0869,0.50488,-1.068,7
558,64,0.077148,1.1426,0.44824,-1.068,31
558,64,0.079102,1.1729,0.45215,-1.068,75
558,64,0.080078,1.2051,0.44922,-1.068,115
558,64,0.082031,1.2383,0.44531,-1.068,119
558,64,0.041992,1.2715,0.44434,-1.068,85
558,64,0.042969,1.3027,0.44336,-1.068,39
558,64,0.043945,1.3809,0.25781,-1.068,11
558,64,0.075195,1.0938,0.49023,-0.71201,12
558,64,0.077148,1.1152,0.51367,-0.71201,59
558,64,0.079102,1.1465,0.51465,-0.71201,145
558,64,0.080078,1.1777,0.51758,-0.71201,222
558,64,0.041016,1.209,0.52344,-0.71201,229
558,64,0.041992,1.2363,0.53516,-0.71201,159
558,64,0.042969,1.2549,0.56543,-0.71201,69
558,64,0,1.2314,0.67871,-0.71201,13
558,64,0.038086,1.0635,0.61719,-0.356,30
558,64,0.039063,1.0898,0.62988,-0.356,72
558,64,0.040039,1.1211,0.63477,-0.356,111
558,64,0.041016,1.1436,0.6543,-0.356,113
558,64,0,1.1582,0.6875,-0.356,73
558,64,-0.12891,1.043,0.88867,-0.356,24
558,64,0.21973,1.3887,0.00097656,-0.356,28
558,64,0.17969,1.4209,0.084961,-0.356,29
558,64,0.1377,1.4531,0.12305,-0.356,18
558,64,0.35254,2.0254,0.92773,-0.356,13
558,64,-0.41309,0.76855,-0.8252,-1.068,4
558,64,-0.38477,0.87988,-0.76855,-1.068,16
559,64,0.32227,1.2471,0.050781,0,5
559,64,0.37109,1.2617,0.082031,0,7
559,64,0,1.1973,-0.61816,0,16
559,64,0.042969,1.2676,0.53516,0,24
559,64,0.087891,1.3135,0.49219,0,29
559,64,0.089844,1.3682,0.4248,0,30
559,64,0.1377,1.4033,0.39648,0,29
559,64,0.09375,1.4473,0.35742,0,24
559,64,0.14258,1.4707,0.36816,0,18
559,64,0.19434,1.4951,0.37207,0,11
559,64,0.14844,1.5469,0.29688,0,7
559,64,0.23633,1.2363,0.02832,0.356,8
559,64,0.28223,1.249,0.14551,0.356,18
559,64,0.28809,1.2705,0.19727,0.356,29
559,64,0.37891,1.2637,0.27246,0.356,36
559,64,0.38672,1.2891,0.29004,0.356,38
559,64,0.26367,1.3145,0.4248,0.356,43
559,64,0.22461,1.3594,0.40234,0.356,58
559,64,0.18262,1.3945,0.40723,0.356,59
559,64,0.18652,1.4141,0.44238,0.356,54
559,64,0.14258,1.4482,0.44922,0.356,42
559,64,0.19434,1.4775,0.43359,0.356,28
559,64,0.20605,2.0889,0.64941,0.356,15
559,64,0.20898,2.125,0.62891,0.356,17
559,64,0.28223,2.165,0.56348,0.356,14
559,64,0.24121,1.2559,0.16113,0.71201,6
559,64,0.24707,1.2734,0.23242,0.71201,9
559,64,0.33691,1.2695,0.29883,0.71201,11
559,64,0.34375,1.2637,0.42285,0.71201,12
559,64,0.13184,1.2568,0.61523,0.71201,16
559,64,0.22461,1.335,0.47754,0.71201,22
559,64,0.1377,1.3877,0.44629,0.71201,22
559,64,0.18652,1.3945,0.50098,0.71201,19
559,64,0.14258,1.4385,0.48047,0.71201,16
559,64,0.14551,1.4648,0.49219,0.71201,14
559,64,0.14844,1.5283,0.37988,0.71201,11
559,64,0,1.0264,0.43164,-2.848,7
559,64,0,1.0137,0.52734,-2.848,9
559,64,0.073242,1.0605,0.49219,-2.848,12
559,64,0.037109,1.0771,0.53027,-2.848,12
559,64,0.077148,1.0781,0.58691,-2.848,9
559,64,0,1.0479,0.4541,-2.492,9
559,64,0.036133,1.0654,0.48633,-2.492,10
559,64,0.037109,1.0752,0.53418,-2.492,9
559,64,0.038086,1.0918,0.56641,-2.492,6
559,64,0,1.0518,0.44629,-2.136,8
559,64,0,1.0625,0.49414,-2.136,8
559,64,0,1.1113,0.45508,-2.136,5
559,64,0.24707,1.2686,0.25684,-0.71201,6
559,64,0.25293,1.2842,0.31934,-0.71201,11
559,64,0.21484,1.3047,0.38281,-0.71201,14
559,64,0.26367,1.2979,0.4707,-0.71201,14
559,64,0.26953,1.2412,0.66797,-0.71201,12
559,64,0,1.2051,-0.36426,-0.356,5
559,64,0.28223,1.2539,0.091797,-0.356,10
559,64,0.28809,1.2744,0.17285,-0.356,21
559,64,0.25293,1.2959,0.26855,-0.356,30
559,64,0.25781,1.3008,0.36816,-0.356,34
559,64,0.30762,1.2969,0.44629,-0.356,35
559,64,0.3584,1.3584,0.29492,-0.356,33
559,64,0.36621,1.3789,0.32813,-0.356,26
559,64,0.32715,1.4092,0.37109,-0.356,18
559,64,-0.082031,0.96875,-0.88965,0,6
559,64,-0.43066,0.59277,-1.166,0,13
560,64,0.12598,1.332,0.15918,0,24
560,64,0.042969,1.3652,0.16992,0,32
560,64,0.087891,1.3936,0.16309,0,36
560,64,0.089844,1.4219,0.16992,0,29
560,64,0.091797,1.4512,0.1709,0,17
560,64,0.2334,1.4756,0.018555,0,9
560,64,0.20117,1.2705,0.080078,0.356,11
560,64,0.16504,1.2871,0.23145,0.356,22
560,64,0.21094,1.2959,0.30371,0.356,36
560,64,0.21484,1.3232,0.3125,0.356,45
560,64,0.30762,1.3574,0.19531,0.356,47
560,64,0.3584,1.3857,0.097656,0.356,49
560,64,0.41211,1.4053,0.0097656,0.356,45
560,64,0.41992,1.4336,-0.0097656,0.356,33
560,64,0.16797,1.2832,0.37305,0.71201,10
560,64,0.21484,1.3203,0.3252,0.71201,12
560,64,0.30762,1.3428,0.2793,0.71201,13
560,64,0.31348,1.3867,0.19629,0.71201,13
560,64,0.36621,1.4111,0.1377,0.71201,12
560,64,0.027344,0.84473,0.24023,-2.136,8
560,64,0.02832,0.88281,0.21094,-2.136,15
560,64,0.029297,0.90625,0.2373,-2.136,23
560,64,0.060547,0.93164,0.24902,-2.136,26
560,64,0.03125,0.96191,0.25684,-2.136,20
560,64,0,0.99219,0.25586,-2.136,10
560,64,0,0.79395,0.20508,-1.78,10
560,64,0,0.81543,0.23828,-1.78,20
560,64,0,0.84082,0.25684,-1.78,32
560,64,0.02832,0.87109,0.25293,-1.78,48
560,64,0.029297,0.89844,0.2666,-1.78,65
560,64,0.060547,0.92676,0.26855,-1.78,72
560,64,0.0625,0.95215,0.28418,-1.78,57
560,64,0.032227,0.98242,0.29004,-1.78,30
560,64,0,0.79395,0.20508,-1.424,12
560,64,0,0.79883,0.28711,-1.424,22
560,64,0,0.82617,0.29883,-1.424,30
560,64,0.02832,0.8584,0.29297,-1.424,37
560,64,0.029297,0.88574,0.30566,-1.424,46
560,64,0.060547,0.91504,0.30371,-1.424,49
560,64,0.0625,0.94238,0.31641,-1.424,37
560,64,0.032227,0.97266,0.32227,-1.424,18
560,64,0,1.3711,0.125,-1.424,10
560,64,0.043945,1.4014,0.10352,-1.424,13
560,64,0,1.4326,0.082031,-1.424,10
560,64,-0.025391,0.79785,0.18652,-1.068,16
560,64,-0.052734,0.82813,0.18262,-1.068,24
560,64,-0.027344,0.85938,0.17871,-1.068,25
560,64,0,0.88867,0.18457,-1.068,18
560,64,0,0.91602,0.19727,-1.068,11
560,64,0,0.91406,0.31348,-1.068,11
560,64,-0.4209,0.28906,-1.2471,-1.068,21
560,64,0.085938,1.3711,0.084961,-1.068,33
560,64,0.087891,1.3984,0.11426,-1.068,39
560,64,0.089844,1.4248,0.14355,-1.068,32
560,64,0.045898,1.458,0.13379,-1.068,18
560,64,0,0.78809,0.22656,-0.71201,15
560,64,0,0.81738,0.23145,-0.71201,25
560,64,-0.027344,0.8457,0.23633,-0.71201,30
560,64,-0.056641,0.87402,0.23926,-0.71201,24
560,64,-0.058594,0.89453,0.27246,-0.71201,15
560,64,-0.4209,0.1416,-1.2715,-0.71201,32
560,64,0.085938,1.3701,-0.10742,-0.71201,45
560,64,0.087891,1.4014,-0.073242,-0.71201,48
560,64,0.044922,1.4316,-0.094727,-0.71201,38
561,64,0.16504,1.1826,0.55762,0,9
561,64,0.21094,1.2773,0.37207,0,24
561,64,0.21484,1.3311,0.27832,0,40
561,64,0.21973,1.3643,0.25977,0,44
561,64,0.26953,1.3799,0.28613,0,33
561,64,0.32031,1.3848,0.35254,0,17
561,64,0.079102,1.209,-0.34375,0.356,8
561,64,0.12109,1.25,-0.28809,0.356,12
561,64,0,1.3174,-0.029297,0.356,21
561,64,0,1.3467,0.029297,0.356,44
561,64,0,1.373,0.10254,0.356,65
561,64,0,1.333,0.44824,0.356,71
561,64,-0.044922,1.084,0.93945,0.356,61
561,64,0.45801,1.3877,-0.10059,0.356,49
561,64,0.41992,1.4336,-0.026367,0.356,37
561,64,0,1.3447,-0.09082,0.71201,15
561,64,-0.085938,1.3633,-0.17188,0.71201,23
561,64,-0.043945,1.292,-0.55176,0.71201,26
561,64,-0.089844,1.1328,-0.87598,0.71201,22
561,64,0.41211,1.3945,0.17773,0.71201,17
561,64,0.41992,1.3984,0.31348,0.71201,14
561,64,0,1.4043,0.06543,1.068,12
561,64,0,1.4355,0.0097656,1.068,11
561,64,0,0.95605,-0.14258,1.424,5
561,64,0,0.9707,-0.22266,1.424,6
561,64,0,0.90625,-0.24023,1.78,8
561,64,-0.030273,0.94238,-0.21094,1.78,12
561,64,0,0.9834,-0.1543,1.78,12
561,64,0,1.0137,-0.15137,1.78,9
561,64,0,0.92676,-0.13867,2.136,5
561,64,0,0.9502,-0.17773,2.136,7
561,64,0,0.97852,-0.18652,2.136,7
561,64,0.082031,1.3154,0.0048828,-0.71201,12
561,64,0.12598,1.3389,0.085938,-0.71201,28
561,64,0.12891,1.3643,0.13574,-0.71201,40
561,64,0.13184,1.3848,0.20117,-0.71201,40
561,64,0.13477,1.3945,0.31348,-0.71201,27
561,64,0.1377,1.332,0.59277,-0.71201,10
561,64,0.040039,1.2881,0.022461,-0.356,7
561,64,0.12402,1.3096,0.086914,-0.356,33
561,64,0.12598,1.335,0.13086,-0.356,76
561,64,0.12891,1.3564,0.19336,-0.356,110
561,64,0.17578,1.374,0.24219,-0.356,116
561,64,0.17969,1.3906,0.30762,-0.356,85
561,64,0.18262,1.4111,0.34473,-0.356,42
561,64,0.37305,1.4463,-0.010742,-0.356,20
561,64,-0.37109,0.86719,-0.91992,0,9
561,64,-0.33691,0.87402,-0.96875,0,18
561,64,-0.30078,0.98535,-0.91309,0,26
561,64,-0.30762,1.0029,-0.93652,0,26
561,64,-0.22461,1.1992,-0.75488,0,20
561,64,-0.1377,1.3555,-0.53711,0,15
561,64,-0.35449,0.36426,-1.1523,0.356,5
561,64,-0.40234,0.47656,1.1279,0.356,7
561,64,0.4834,1.2764,-0.33789,0.356,41
561,64,0.49316,1.334,-0.19141,0.356,52
561,64,-0.091797,0.75879,1.249,0.356,42
561,64,-0.13965,0,1.4932,0.356,24
561,64,0.47363,0,-1.3213,0.71201,12
561,64,0.43945,1.29,0.3457,0.71201,16
561,64,0.44824,1.3594,0.10254,0.71201,19
561,64,-0.091797,1.001,-1.0654,0.71201,16
561,64,-0.13965,1.0605,-1.043,0.71201,11
561,64,-0.40234,0,1.2598,-0.356,4
562,64,-0.039063,1.2568,-0.0625,0,23
562,64,0,1.2793,-0.15723,0,51
562,64,0,1.3037,-0.19629,0,71
562,64,-0.041992,1.3262,-0.2334,0,70
562,64,-0.12891,1.3164,-0.38184,0,46
562,64,-0.21973,0.81934,-1.1211,0,27
562,64,0.17969,1.4229,-0.057617,0,31
562,64,0.1377,1.458,-0.03125,0,27
562,64,0.09375,1.4902,0.039063,0,14
562,64,0,1.2295,0.03125,0.356,16
562,64,0.079102,1.2568,0.032227,0.356,67
562,64,0.040039,1.2881,0.021484,0.356,154
562,64,0.041016,1.3174,0.010742,0.356,220
562,64,0.041992,1.3467,-0.0048828,0.356,219
562,64,0,1.373,-0.10059,0.356,157
562,64,0.043945,1.3906,-0.20313,0.356,102
562,64,0.13477,1.4268,-0.073242,0.356,77
562,64,0.18262,1.4531,0,0.356,44
562,64,0.41992,1.4063,-0.27637,0.356,25
562,64,0,1.2236,0.12598,0.71201,8
562,64,0.039063,1.2568,0.071289,0.71201,34
562,64,0.040039,1.2871,0.041992,0.71201,80
562,64,0.041016,1.3164,0.038086,0.71201,117
562,64,0.041992,1.3467,0.017578,0.71201,117
562,64,0,1.376,-0.02832,0.71201,79
562,64,0.043945,1.3975,-0.14648,0.71201,40
562,64,0.089844,1.4287,-0.10254,0.71201,26
562,64,0.091797,1.4609,0.03418,0.71201,15
562,64,0,1.1631,-0.2998,1.78,7
562,64,0,1.1699,-0.37988,1.78,7
562,64,0,1.1436,-0.25391,2.136,8
562,64,0,1.1699,-0.27051,2.136,11
562,64,0,1.1943,-0.29492,2.136,10
562,64,0,1.1553,-0.19336,2.492,8
562,64,0,1.1494,-0.34668,2.492,9
562,64,0,1.1797,-0.34863,2.492,8
562,64,0.11816,1.2539,0,-0.71201,11
562,64,0.12109,1.2832,-0.0039063,-0.71201,24
562,64,0.12402,1.3115,0.024414,-0.71201,34
562,64,0.16797,1.3369,-0.018555,-0.71201,35
562,64,0.12891,1.3594,-0.17188,-0.71201,28
562,64,0.13184,1.3721,-0.27734,-0.71201,27
562,64,0.17969,1.4102,-0.19727,-0.71201,27
562,64,0.22852,1.4375,-0.16309,-0.71201,22
562,64,0.18652,1.4531,-0.29297,-0.71201,11
562,64,0.11523,1.2227,0.071289,-0.356,8
562,64,0.15723,1.2471,0.072266,-0.356,32
562,64,0.16113,1.2764,0.074219,-0.356,71
562,64,0.16504,1.3057,0.073242,-0.356,100
562,64,0.12598,1.3398,0.052734,-0.356,100
562,64,0.12891,1.3613,-0.15723,-0.356,84
562,64,0.13184,1.3838,-0.20996,-0.356,81
562,64,0.17969,1.417,-0.14063,-0.356,81
562,64,0.22852,1.4395,-0.13672,-0.356,65
562,64,0.28027,1.4502,-0.2207,-0.356,34
562,64,0.38086,1.3994,-0.46582,-0.356,12
562,64,0.34375,1.1816,0.61621,0,24
562,64,0.26367,1.3799,0.039063,0,26
562,64,-0.3584,0,-1.4053,0,22
562,64,-0.41211,0,1.4443,0,17
562,64,-0.4668,0.41504,1.3564,0,9
562,64,-0.43945,0.27148,1.0518,2.136,5
562,64,-0.52539,0.24902,1.0508,2.136,6
562,64,-0.57617,0.58789,0.91406,2.136,6
563,63,0.11816,1.249,0.10742,0,7
563,63,0.080078,1.2861,0.03418,0,23
563,63,0.082031,1.3154,-0.0058594,0,59
563,63,0.083984,1.3438,-0.055664,0,109
563,63,0.085938,1.3691,-0.11816,0,148
563,63,0.087891,1.3926,-0.17285,0,149
563,63,0.13477,1.4131,-0.21289,0,112
563,63,0.091797,1.4365,-0.27051,0,62
563,63,0.09375,1.4541,-0.32813,0,23
563,63,0.19238,1.2129,-0.072266,0.356,8
563,63,0.27539,1.2285,-0.029297,0.356,20
563,63,-0.080078,1.2773,-0.14941,0.356,33
563,63,-0.041016,1.3018,-0.19922,0.356,95
563,63,0.041992,1.334,-0.18652,0.356,189
563,63,0.042969,1.3643,-0.17871,0.356,275
563,63,0.043945,1.3936,-0.18066,0.356,290
563,63,0.089844,1.4209,-0.17773,0.356,226
563,63,0.091797,1.4492,-0.18848,0.356,125
563,63,0.13965,1.4736,-0.19727,0.356,47
563,63,0.19043,1.501,-0.17773,0.356,11
563,63,-0.040039,1.2764,-0.17188,0.71201,30
563,63,0,1.3076,-0.16211,0.71201,86
563,63,0.041992,1.3389,-0.14844,0.71201,158
563,63,0.042969,1.3682,-0.14648,0.71201,206
563,63,0.043945,1.3975,-0.14844,0.71201,201
563,63,0.089844,1.4258,-0.13867,0.71201,143
563,63,0.045898,1.4551,-0.15918,0.71201,72
563,63,0.09375,1.4834,-0.14844,0.71201,26
563,63,0,1.2744,-0.19043,1.068,13
563,63,0,1.3057,-0.18164,1.068,32
563,63,0.041992,1.334,-0.18652,1.068,52
563,63,0.042969,1.3623,-0.19043,1.068,57
563,63,0,1.3896,-0.21191,1.068,44
563,63,0,1.4199,-0.21191,1.068,25
563,63,0,1.4092,-0.39746,1.068,10
563,63,0,1.2725,-0.34277,1.424,7
563,63,0,1.3018,-0.34863,1.424,12
563,63,0,1.3223,-0.38379,1.424,14
563,63,0,1.3613,-0.35156,1.424,13
563,63,0,1.3711,-0.42383,1.424,9
563,63,0,1.3701,-0.51563,1.424,6
563,63,0.19727,1.2432,-0.049805,-0.71201,8
563,63,0.20117,1.2725,-0.0087891,-0.71201,17
563,63,0.24707,1.291,0.097656,-0.71201,27
563,63,0.25293,1.3076,0.2002,-0.71201,31
563,63,0.25781,1.3223,0.28223,-0.71201,26
563,63,0.26367,1.3223,0.39648,-0.71201,15
563,63,0.19238,1.2061,-0.14551,-0.356,9
563,63,0.19727,1.2432,-0.049805,-0.356,29
563,63,0.24121,1.2656,0.041992,-0.356,60
563,63,0.24707,1.2881,0.13281,-0.356,91
563,63,0.25293,1.3047,0.22461,-0.356,102
563,63,0.25781,1.3115,0.3291,-0.356,85
563,63,0.26367,1.3105,0.43555,-0.356,49
563,63,0.26953,1.292,0.56348,-0.356,19
563,63,-0.4668,0.6377,1.2676,0,12
563,63,0.32227,1.2451,0.075195,0.356,32
563,63,-0.4668,0.38379,1.3662,0.356,25
563,63,-0.52344,0,-1.4678,0.356,6
563,63,0.082031,1.3076,-0.13965,1.068,32
563,63,-0.57129,0.75391,1.04,1.424,7
563,63,-0.58301,0.53223,1.1982,1.424,5
563,63,-0.26953,1.1377,-0.83203,-0.356,10
564,47,0.082031,1.3135,-0.061523,0,5
564,47,0,1.3467,-0.047852,0,10
564,47,0.042969,1.374,-0.06543,0,16
564,47,0.087891,1.3945,-0.15918,0,23
564,47,0.13477,1.4141,-0.2041,0,31
564,47,0.1377,1.4424,-0.21094,0,34
564,47,0.09375,1.4697,-0.24707,0,28
564,47,0.094727,1.4971,-0.26563,0,16
564,47,0.09668,1.498,-0.39453,0,6
564,47,0.31445,1.1953,-0.24316,0.356,5
564,47,0.3623,1.2129,-0.24121,0.356,7
564,47,0,1.083,0.75195,0.356,13
564,47,0,0.95898,0.94629,0.356,21
564,47,-0.085938,0.71875,-1.1709,0.356,22
564,47,-0.087891,1.1963,-0.7334,0.356,27
564,47,0.044922,1.3965,-0.32617,0.356,46
564,47,0.091797,1.4463,-0.21289,0.356,58
564,47,0.046875,1.4814,-0.18848,0.356,47
564,47,0.047852,1.5176,-0.12207,0.356,26
564,47,0,0.49414,-1.2539,0.71201,9
564,47,0,1.2178,-0.64258,0.71201,12
564,47,-0.087891,1.3076,-0.50781,0.71201,15
564,47,0,1.4053,-0.29004,0.71201,17
564,47,0.045898,1.457,-0.13574,0.71201,19
564,47,0.046875,1.4893,-0.10645,0.71201,16
564,47,0.094727,1.5186,-0.074219,0.71201,10
564,47,0.12598,1.3047,0.31055,-0.71201,7
564,47,0.17188,1.3506,0.20313,-0.71201,9
564,47,0.21973,1.377,0.17578,-0.71201,8
564,47,0.31445,1.1777,-0.31445,-0.356,6
564,47,0.28223,1.2441,-0.18262,-0.356,8
564,47,0.041016,1.2441,0.43359,-0.356,14
564,47,0.12598,1.2998,0.33105,-0.356,25
564,47,0.21484,1.3311,0.2793,-0.356,31
564,47,0.21973,1.3652,0.25586,-0.356,26
564,47,0.26953,1.3721,0.32324,-0.356,16
564,47,-0.23633,0.83105,0.91602,0.356,3
564,47,-0.080078,1.042,0.75488,0.356,7
564,47,0.41211,1.2295,-0.23438,0.356,8
564,47,0.30078,1.249,0.49316,0.356,12
564,47,-0.40332,0,1.418,0.356,25
564,47,-0.45801,0.26953,1.3652,0.356,31
564,47,-0.4668,0.37695,1.3682,0.356,25
564,47,-0.52344,0.49023,1.3438,0.356,14
564,47,-0.41211,0,-1.4063,0.71201,11
564,47,-0.4668,0,1.4775,0.71201,9
564,47,-0.040039,1.1406,0.59766,-0.356,7
591,9,0.16504,1.207,0.50293,0.356,12
591,9,0.16797,1.2617,0.44141,0.356,16
591,9,0.12891,1.3164,0.37988,0.356,17
591,9,0.17578,1.3721,0.25391,0.356,13
591,9,0.13477,1.4229,0.12793,0.356,8
591,9,0.16504,1.2168,0.48047,-0.356,9
591,9,0.12598,1.293,0.35645,-0.356,13
591,9,0.12891,1.3564,0.19629,-0.356,13
591,9,0.17578,1.3936,0.067383,-0.356,11
592,1,0.12891,1.3242,0.35352,0.356,6
593,12,0.16504,1.2002,0.51855,0.356,8
593,12,0.21094,1.2129,0.54883,0.356,11
593,12,0.21484,1.2031,0.63379,0.356,8
593,12,0.26953,1.4092,0.024414,0.356,5
593,12,0.27441,1.4219,0.2207,0.356,7
593,12,0.28027,1.459,0.15918,0.356,5
593,12,0.16504,1.2383,0.4209,-0.356,6
593,12,0.21094,1.2793,0.36816,-0.356,8
593,12,0.21484,1.2676,0.49219,-0.356,6
593,12,0.31348,1.3975,-0.089844,-0.356,6
593,12,0.27441,1.4385,0.033203,-0.356,7
593,12,0.32715,1.4561,-0.056641,-0.356,6
596,34,0,1.1553,0.50098,0,9
596,34,0.040039,1.1836,0.50879,0,24
596,34,0.041016,1.1982,0.54688,0,35
596,34,0.041992,1.2373,0.53125,0,34
596,34,0.042969,1.2656,0.54102,0,21
596,34,0,1.3008,0.53223,0,6
596,34,0.080078,1.2344,0.3623,0.356,8
596,34,0.041016,1.2715,0.34375,0.356,12
596,34,0.083984,1.2939,0.36719,0.356,12
596,34,0.25781,1.29,0.4043,0.356,13
596,34,0.21973,1.3477,0.33398,0.356,18
596,34,0.17969,1.3828,0.3418,0.356,20
596,34,0.1377,1.4189,0.33496,0.356,18
596,34,0.13965,1.4346,0.3916,0.356,14
596,34,0.14258,1.4707,0.36816,0.356,10
596,34,0.039063,1.2021,0.37402,-0.71201,8
596,34,0.080078,1.2158,0.41895,-0.71201,20
596,34,0.041016,1.252,0.41016,-0.71201,28
596,34,0.041992,1.2881,0.39258,-0.71201,25
596,34,0.042969,1.2969,0.45898,-0.71201,11
596,34,0.13184,1.2695,0.58887,-0.71201,8
596,34,0.13477,1.3584,0.44336,-0.71201,11
596,34,0.091797,1.3623,0.5293,-0.71201,7
596,34,0.039063,1.1738,0.45508,-0.356,20
596,34,0.080078,1.207,0.44434,-0.356,50
596,34,0.082031,1.2334,0.45703,-0.356,74
596,34,0.041992,1.2656,0.46094,-0.356,69
596,34,0.042969,1.2959,0.46289,-0.356,37
596,34,0.21973,1.3291,0.40234,-0.356,18
596,34,0.13477,1.3867,0.34473,-0.356,23
596,34,0.1377,1.4258,0.30664,-0.356,18
596,34,0.13965,1.4707,0.22266,-0.356,10
596,34,-0.43262,1.0146,-0.60742,0,5
596,34,-0.55957,0.83496,-0.94141,-0.71201,6
597,64,0,1.0439,0.65039,0,10
597,64,0,1.0693,0.66504,0,17
597,64,0,1.0576,0.7373,0,20
597,64,0,1.127,0.68359,0,17
597,64,0.083984,1.2705,0.44141,0,13
597,64,0.12891,1.3486,0.24609,0,19
597,64,0.13184,1.3828,0.21387,0,24
597,64,0.13477,1.4121,0.2207,0,22
597,64,0.1377,1.4336,0.26465,0,16
597,64,0.13965,1.4551,0.30664,0,11
597,64,0,1.5049,0.23633,0,6
597,64,0.26953,1.1768,-0.23535,0.356,6
597,64,0.27539,1.2256,-0.095703,0.356,15
597,64,0.24121,1.2656,-0.017578,0.356,26
597,64,0.24707,1.292,0.085938,0.356,35
597,64,0.21094,1.3105,0.23145,0.356,43
597,64,0.12891,1.3369,0.30273,0.356,62
597,64,0.13184,1.3633,0.31738,0.356,77
597,64,0.089844,1.3896,0.34863,0.356,77
597,64,0.091797,1.4033,0.40918,0.356,60
597,64,0.09375,1.4238,0.44141,0.356,39
597,64,0.047852,1.4531,0.45313,0.356,21
597,64,0.20117,1.2725,0.037109,0.71201,8
597,64,0.20605,1.2939,0.1416,0.71201,10
597,64,0.16797,1.3066,0.2832,0.71201,13
597,64,0.085938,1.3291,0.34668,0.71201,19
597,64,0.13184,1.3516,0.3623,0.71201,25
597,64,0.089844,1.3828,0.37207,0.71201,25
597,64,0.091797,1.4023,0.41113,0.71201,19
597,64,0.09375,1.4229,0.44336,0.71201,13
597,64,0,1.0908,0.62988,-1.78,9
597,64,0.040039,1.127,0.62402,-1.78,12
597,64,0,1.2041,0.53711,-1.78,11
597,64,0,1.1426,0.45508,-1.424,17
597,64,0,1.1611,0.48828,-1.424,32
597,64,0.040039,1.1836,0.50879,-1.424,41
597,64,0.041016,1.207,0.52734,-1.424,35
597,64,0.041992,1.2373,0.53125,-1.424,21
597,64,0,1.2881,0.48535,-1.424,8
597,64,0,1.124,0.42285,-1.068,14
597,64,0,1.1426,0.45703,-1.068,43
597,64,0.039063,1.1611,0.48633,-1.068,78
597,64,0,1.1963,0.47852,-1.068,93
597,64,0,1.2227,0.49121,-1.068,76
597,64,0,1.2598,0.47852,-1.068,41
597,64,0,1.2588,0.55762,-1.068,12
597,64,0,1.1025,0.47656,-0.71201,12
597,64,0,1.1377,0.46777,-0.71201,36
597,64,0,1.1641,0.48047,-0.71201,65
597,64,0.040039,1.1973,0.47461,-0.71201,78
597,64,0,1.2285,0.47754,-0.71201,66
597,64,0,1.2725,0.44336,-0.71201,39
597,64,0.042969,1.3232,0.37598,-0.71201,18
597,64,0.087891,1.3701,0.30176,-0.71201,12
597,64,0.044922,1.4014,0.30469,-0.71201,11
597,64,0.037109,1.1396,0.375,-0.356,5
597,64,0.077148,1.1631,0.39453,-0.356,19
597,64,0.079102,1.2012,0.37109,-0.356,40
597,64,0.080078,1.2422,0.33203,-0.356,52
597,64,0.12402,1.2822,0.2793,-0.356,51
597,64,0.16797,1.3184,0.22168,-0.356,38
597,64,0.12891,1.3467,0.25293,-0.356,33
597,64,0.13184,1.3633,0.31543,-0.356,40
597,64,0.089844,1.3857,0.36426,-0.356,42
598,55,0.083984,1.2744,0.42773,0,16
598,55,0.085938,1.2969,0.45508,0,24
598,55,0.087891,1.3584,0.35059,0,28
598,55,0.044922,1.4023,0.2998,0,25
598,55,0.045898,1.4365,0.27832,0,18
598,55,0,1.4746,0.24121,0,11
598,55,0,1.4844,0.34082,0,6
598,55,0.23633,1.2354,0.05957,0.356,13
598,55,0.28223,1.2549,0.083008,0.356,23
598,55,0.28809,1.2852,-0.043945,0.356,24
598,55,0.083984,1.1016,0.77148,0.356,26
598,55,0.085938,1.2871,0.47949,0.356,51
598,55,0.087891,1.3389,0.4209,0.356,68
598,55,0.089844,1.3809,0.38086,0.356,66
598,55,0.045898,1.4219,0.34766,0.356,47
598,55,0.046875,1.4453,0.375,0.356,27
598,55,0.042969,1.2861,0.48926,0.71201,17
598,55,0.087891,1.333,0.43848,0.71201,24
598,55,0.089844,1.3848,0.36523,0.71201,24
598,55,0.091797,1.4141,0.37012,0.71201,19
598,55,0,1.458,0.32422,0.71201,12
598,55,0,1.0225,0.35938,-2.848,11
598,55,0,1.043,0.3877,-2.848,18
598,55,0,1.0723,0.39355,-2.848,21
598,55,0,1.0986,0.40625,-2.848,16
598,55,0.037109,1.1045,0.46875,-2.848,9
598,55,0,0.99609,0.3457,-2.492,6
598,55,0,1.0166,0.37598,-2.492,18
598,55,0.035156,1.0322,0.41504,-2.492,34
598,55,0.036133,1.0557,0.43457,-2.492,41
598,55,0.036133,1.0801,0.45215,-2.492,34
598,55,0.037109,1.1016,0.47656,-2.492,19
598,55,0,1.0098,0.39258,-2.136,11
598,55,0.035156,1.0156,0.45313,-2.136,21
598,55,0.036133,1.0391,0.47363,-2.136,25
598,55,0,1.0615,0.49609,-2.136,21
598,55,0,1.0977,0.48633,-2.136,12
598,55,0,1.0146,0.45801,-1.78,7
598,55,0,1.0176,0.51953,-1.78,7
598,55,0,1.7266,1.1592,-1.424,10
598,55,0,1.6689,1.2881,-1.424,12
598,55,0,1.1182,1.8223,-1.424,9
598,55,0.23633,1.2363,0.038086,-0.356,9
598,55,0.24121,1.2646,0.051758,-0.356,17
598,55,0.24707,1.2949,-0.0078125,-0.356,19
598,55,0.33691,1.2734,-0.28125,-0.356,13
598,55,0,1.3193,0.39258,-0.356,19
598,55,0.087891,1.3643,0.32617,-0.356,28
598,55,0.13477,1.3877,0.33984,-0.356,26
598,55,0.1377,1.4033,0.39355,-0.356,17
598,55,-0.23633,1.165,0.41504,-0.356,5
598,55,-0.16797,0.99121,0.89746,-0.356,11
598,55,-0.30762,1.1426,-0.75879,-0.356,17
598,55,-0.3584,0.97852,-0.98633,-0.356,16
598,55,-0.36621,0.8623,-1.126,-0.356,12
599,64,-0.098633,0.7627,0.18262,0,5
599,64,-0.077148,0.7998,0.16309,0,12
599,64,-0.080078,0.83008,0.16211,0,21
599,64,-0.082031,0.85938,0.16406,0,26
599,64,-0.11328,0.88672,0.15625,0,21
599,64,-0.11719,0.91895,0.14355,0,13
599,64,0.041016,1.293,0.25195,0,22
599,64,0.041992,1.3301,0.21191,0,43
599,64,0.085938,1.3584,0.20313,0,60
599,64,0.087891,1.3896,0.19531,0,60
599,64,0.044922,1.4258,0.15625,0,41
599,64,0.045898,1.4619,0.080078,0,20
599,64,-0.10254,0.80469,0.12109,0.356,7
599,64,-0.10645,0.83789,0.09082,0.356,14
599,64,-0.10938,0.86328,0.12012,0.356,19
599,64,-0.084961,0.89355,0.13672,0.356,17
599,64,-0.11719,0.92676,0.073242,0.356,10
599,64,0.20605,1.2793,-0.23926,0.356,20
599,64,0.12598,1.3232,-0.21973,0.356,20
599,64,0.085938,1.3691,-0.11035,0.356,19
599,64,-0.13281,0.83301,0.10059,0.71201,5
599,64,-0.1377,0.86426,0.075195,0.71201,7
599,64,-0.11328,0.88867,0.15039,0.71201,7
599,64,0,0.83984,0.25977,-1.424,5
599,64,0,0.88672,0.19336,-1.424,12
599,64,0,0.91797,0.18945,-1.424,17
599,64,0,0.94629,0.19922,-1.424,16
599,64,0,0.98535,0.1416,-1.424,10
599,64,-0.050781,0.80762,0.13184,-1.068,7
599,64,-0.080078,0.83301,0.14453,-1.068,10
599,64,0.02832,0.86621,0.26953,-1.068,17
599,64,0,0.9082,0.23145,-1.068,33
599,64,0,0.94043,0.22461,-1.068,36
599,64,0,0.97363,0.20703,-1.068,26
599,64,-0.28809,0.54785,1.1641,-1.068,18
599,64,-0.29492,0.63281,1.1523,-1.068,27
599,64,-0.30078,0.75,1.1143,-1.068,28
599,64,-0.26367,0.86328,1.0781,-1.068,21
599,64,-0.074219,0.7666,0.17969,-0.71201,8
599,64,-0.077148,0.7959,0.18164,-0.71201,21
599,64,-0.080078,0.8291,0.16797,-0.71201,34
599,64,-0.082031,0.85938,0.16211,-0.71201,36
599,64,-0.11328,0.89746,0.081055,-0.71201,22
599,64,0.029297,0.89844,0.26563,-0.71201,16
599,64,0,0.93359,0.25,-0.71201,27
599,64,0,0.96875,0.23145,-0.71201,26
599,64,-0.3291,0.50684,1.1709,-0.71201,32
599,64,0.12598,1.3418,-0.010742,-0.71201,56
599,64,0.12891,1.3701,0.030273,-0.71201,70
599,64,0.13184,1.3984,0.051758,-0.71201,63
599,64,0.089844,1.4287,0.10449,-0.71201,41
599,64,0.091797,1.457,0.11719,-0.71201,17
599,64,-0.074219,0.75879,0.21094,-0.356,9
599,64,-0.077148,0.79199,0.19922,-0.356,22
599,64,-0.080078,0.82422,0.19043,-0.356,36
599,64,-0.082031,0.85254,0.19531,-0.356,42
599,64,-0.084961,0.88379,0.18945,-0.356,33
599,64,-0.11719,0.9209,0.12988,-0.356,17
599,64,0.12402,1.3115,0.026367,-0.356,56
599,64,0.083984,1.3418,0.09375,-0.356,102
599,64,0.085938,1.3682,0.125,-0.356,136
599,64,0.087891,1.3955,0.14355,-0.356,130
599,64,0.089844,1.4238,0.1543,-0.356,89
599,64,0.091797,1.4502,0.18066,-0.356,41
600,45,0.28809,1.251,0.29883,0,10
600,45,0,1.3213,-0.26465,0,18
600,45,0,1.3643,-0.18066,0,28
600,45,0,1.3945,-0.1748,0,30
600,45,0.31348,1.3506,0.37207,0,21
600,45,0.36621,1.3574,0.41016,0,13
600,45,0.20117,1.248,0.25195,0.356,14
600,45,0.28809,1.2334,0.36426,0.356,27
600,45,0.37891,1.1953,0.49219,0.356,37
600,45,0.34375,1.1689,0.64063,0.356,38
600,45,-0.17578,1.2881,-0.53613,0.356,29
600,45,-0.26953,1.1699,-0.78613,0.356,19
600,45,0.3291,1.2588,0.20801,-0.71201,12
600,45,0.33691,1.2461,0.38574,-0.71201,18
600,45,-0.085938,1.3174,-0.39063,-0.71201,24
600,45,0,1.3701,-0.31445,-0.71201,23
600,45,-0.089844,1.3584,-0.4541,-0.71201,15
600,45,0.27539,1.2275,0.066406,-0.356,10
600,45,0.28223,1.251,0.12695,-0.356,24
600,45,0.3291,1.2441,0.2832,-0.356,44
600,45,0.33691,1.2383,0.40918,-0.356,64
600,45,-0.042969,1.335,-0.33203,-0.356,75
600,45,-0.087891,1.3555,-0.3623,-0.356,71
600,45,-0.044922,1.4004,-0.31055,-0.356,46
600,45,0.32031,1.2773,0.64063,-0.356,24
600,45,-0.12402,1.1826,-0.56934,0,9
600,45,0.33691,1.2217,0.45605,0,16
600,45,0.30078,1.2725,0.43164,0,22
600,45,-0.044922,1.4043,-0.29492,0,20
600,45,-0.1377,1.373,-0.49023,0,9
600,45,-0.16797,1.2402,-0.49805,0.356,25
600,45,-0.12891,1.2988,-0.4375,0.356,33
600,45,0.35156,1.1396,0.74414,0.356,27
600,45,0.80762,1.0576,-0.53809,0.356,14
600,45,-0.16504,1.1621,-0.59961,-0.71201,9
600,45,-0.083984,1.252,-0.49023,-0.71201,17
600,45,0.38672,1.2158,0.5166,-0.71201,21
600,45,0.35156,1.2627,0.50977,-0.71201,19
600,45,0.3584,1.251,0.60547,-0.71201,13
600,45,-0.12402,1.1035,-0.70996,-0.356,28
600,45,-0.083984,1.2598,-0.46875,-0.356,54
600,45,0.34375,1.2383,0.49316,-0.356,74
600,45,0.35156,1.25,0.53906,-0.356,67
600,45,0.31348,1.29,0.54395,-0.356,45
600,45,-0.18262,1.3154,-0.61816,-0.356,21
601,64,0,1.2285,0.055664,0,10
601,64,0.039063,1.2588,-0.00097656,0,45
601,64,0.040039,1.2881,-0.0058594,0,108
601,64,0.041016,1.3164,-0.038086,0,170
601,64,0.041992,1.3447,-0.064453,0,183
601,64,0.042969,1.3711,-0.11621,0,137
601,64,0,1.3867,-0.23242,0,72
601,64,0.13477,1.4238,-0.12012,0,33
601,64,0.18262,1.4531,0,0,24
601,64,0.18652,1.4824,0,0,15
601,64,0,1.2168,-0.18164,0.356,12
601,64,0,1.25,-0.1543,0.356,62
601,64,0,1.2813,-0.13965,0.356,165
601,64,0.041016,1.3125,-0.11816,0.356,273
601,64,0,1.3398,-0.13965,0.356,324
601,64,0.042969,1.3701,-0.125,0.356,276
601,64,0.087891,1.3975,-0.12305,0.356,173
601,64,0.13477,1.418,-0.17383,0.356,86
601,64,0.32031,1.416,-0.19141,0.356,48
601,64,0.37305,1.4287,-0.22461,0.356,33
601,64,-0.5166,1.6699,2.127,0.356,6
601,64,0,1.2588,-0.020508,0.71201,30
601,64,0,1.2881,-0.025391,0.71201,81
601,64,0,1.3174,-0.042969,0.71201,138
601,64,0,1.3457,-0.058594,0.71201,162
601,64,0,1.374,-0.081055,0.71201,135
601,64,0.043945,1.4014,-0.097656,0.71201,80
601,64,0.13477,1.4248,-0.11328,0.71201,35
601,64,0.27441,1.4316,-0.13477,0.71201,16
601,64,0,1.2451,-0.19141,1.068,6
601,64,0,1.2773,-0.16797,1.068,9
601,64,0,1.3135,-0.11133,1.068,10
601,64,0,1.3457,-0.057617,1.068,9
601,64,0,1.3721,-0.10742,1.068,7
601,64,0,1.2031,-0.25488,1.424,7
601,64,0,1.2227,-0.30273,1.424,9
601,64,0,1.2559,-0.29102,1.424,9
601,64,0,1.1611,-0.30566,1.78,9
601,64,0,1.1885,-0.31543,1.78,14
601,64,0,1.2061,-0.36328,1.78,14
601,64,0,1.1963,-0.47852,1.78,10
601,64,0,1.1543,-0.63574,1.78,5
601,64,0,1.1797,-0.22461,2.136,7
601,64,0,1.1914,-0.30762,2.136,10
601,64,0,1.2197,-0.31445,2.136,10
601,64,-0.080078,1.2236,-0.39648,2.136,9
601,64,0.16504,1.3076,0,-1.068,6
601,64,0.25293,1.3232,-0.030273,-1.068,6
601,64,0.19727,1.2432,0.041992,-0.71201,13
601,64,0.16113,1.2783,0.03125,-0.71201,27
601,64,0.20605,1.3018,0.030273,-0.71201,38
601,64,0.21094,1.3311,-0.0078125,-0.71201,35
601,64,0.17188,1.3623,-0.10254,-0.71201,19
601,64,0.17578,1.3828,-0.18164,-0.71201,13
601,64,0.17969,1.4199,-0.10352,-0.71201,19
601,64,0.1377,1.4482,-0.16992,-0.71201,18
601,64,0.09375,1.4805,-0.17578,-0.71201,13
601,64,0.15332,1.2178,0.083008,-0.356,11
601,64,0.15723,1.2471,0.071289,-0.356,41
601,64,0.16113,1.2764,0.077148,-0.356,89
601,64,0.20605,1.2998,0.068359,-0.356,125
601,64,0.21094,1.3301,0.044922,-0.356,115
601,64,0.17188,1.3652,-0.052734,-0.356,67
601,64,0.17578,1.3809,-0.19434,-0.356,41
602,54,0.039063,1.2559,-0.086914,0,8
602,54,0.080078,1.2861,-0.026367,0,30
602,54,0.041016,1.3164,-0.052734,0,71
602,54,0.041992,1.3447,-0.076172,0,114
602,54,0.085938,1.3711,-0.09375,0,134
602,54,0.087891,1.3965,-0.13672,0,124
602,54,0.089844,1.4219,-0.17578,0,92
602,54,0.091797,1.4492,-0.18848,0,54
602,54,0.13965,1.4785,-0.16309,0,25
602,54,0.094727,1.5029,-0.22949,0,8
602,54,0.077148,1.2236,0.098633,0.356,7
602,54,0.11816,1.252,0.071289,0.356,18
602,54,0,1.2891,-0.0097656,0.356,40
602,54,0,1.3105,-0.13672,0.356,116
602,54,0,1.3398,-0.1416,0.356,213
602,54,0.042969,1.3682,-0.14551,0.356,272
602,54,0.043945,1.3975,-0.14941,0.356,257
602,54,0.089844,1.4229,-0.16797,0.356,188
602,54,0.091797,1.4492,-0.18652,0.356,104
602,54,0.09375,1.4727,-0.22949,0.356,41
602,54,1.8447,0.30078,-0.36426,0.356,7
602,54,-1.9326,0,-0.4834,0.356,7
602,54,0,1.2822,-0.12695,0.71201,30
602,54,0,1.3125,-0.11816,0.71201,84
602,54,0,1.3428,-0.11328,0.71201,147
602,54,0,1.3721,-0.11035,0.71201,177
602,54,0.043945,1.4004,-0.11426,0.71201,158
602,54,0.044922,1.4287,-0.12305,0.71201,102
602,54,0.045898,1.458,-0.12891,0.71201,49
602,54,0.09375,1.4814,-0.1709,0.71201,18
602,54,0.43066,2.7041,-0.2832,0.71201,8
602,54,0,1.3174,-0.019531,1.068,12
602,54,0,1.3467,-0.052734,1.068,20
602,54,0,1.375,-0.072266,1.068,25
602,54,0,1.4004,-0.12891,1.068,21
602,54,0,1.418,-0.22266,1.068,12
602,54,0.16113,1.2773,0.061523,-0.71201,17
602,54,0.16504,1.3008,0.1377,-0.71201,25
602,54,0.21094,1.3154,0.19922,-0.71201,28
602,54,0.21484,1.3281,0.28906,-0.71201,23
602,54,0.17578,1.3447,0.37012,-0.71201,14
602,54,0.15332,1.2207,-0.011719,-0.356,10
602,54,0.15723,1.249,0.035156,-0.356,29
602,54,0.16113,1.2754,0.083984,-0.356,59
602,54,0.20605,1.29,0.17676,-0.356,85
602,54,0.16797,1.3164,0.23438,-0.356,91
602,54,0.21484,1.3291,0.28711,-0.356,76
602,54,0.17578,1.3594,0.3125,-0.356,48
602,54,0.17969,1.4082,0.21191,-0.356,25
602,54,-0.45801,0.55273,1.2764,0,28
602,54,-0.51367,0.5293,1.2988,0.356,21
602,54,1.1895,0.17188,1.4766,0.356,6
602,54,1.1475,0,1.6611,0.356,5
602,54,1.291,0,2.5811,0.71201,6
603,42,0.20117,1.252,0.22949,0,6
603,42,0.20605,1.2764,0.25684,0,11
603,42,0.16797,1.3291,0.14355,0,14
603,42,0,1.3564,-0.23242,0,22
603,42,0.043945,1.3828,-0.25098,0,38
603,42,0.044922,1.4102,-0.26074,0,46
603,42,0.091797,1.4385,-0.25977,0,41
603,42,0.046875,1.46,-0.31445,0,25
603,42,0.047852,1.4707,-0.39355,0,10
603,42,0.23633,1.2373,-0.0019531,0.356,10
603,42,0.28223,1.2559,0.061523,0.356,21
603,42,0.28809,1.2705,0.20117,0.356,34
603,42,0.25293,1.292,0.28711,0.356,46
603,42,0.085938,1.3721,0.079102,0.356,65
603,42,0.043945,1.3994,-0.12598,0.356,98
603,42,0.044922,1.4229,-0.17871,0.356,112
603,42,0,1.4492,-0.21289,0.356,93
603,42,0.046875,1.4717,-0.24902,0.356,59
603,42,0.28809,1.2734,0.17773,0.71201,9
603,42,0.041992,1.2568,0.48438,0.71201,13
603,42,0.042969,1.376,-0.02832,0.71201,27
603,42,0.043945,1.3994,-0.12988,0.71201,43
603,42,0.044922,1.4248,-0.16992,0.71201,51
603,42,0,1.4492,-0.20898,0.71201,44
603,42,0.046875,1.4727,-0.24316,0.71201,28
603,42,0,1.4912,-0.30957,0.71201,12
603,42,0.24121,1.2656,0.0068359,-0.71201,9
603,42,0.24707,1.291,0.092773,-0.71201,15
603,42,0.25293,1.3105,0.18457,-0.71201,20
603,42,0.25781,1.335,0.21289,-0.71201,19
603,42,0.26367,1.3643,0.21582,-0.71201,14
603,42,0.27539,1.2217,-0.12988,-0.356,13
603,42,0.28223,1.2568,0.040039,-0.356,29
603,42,0.28809,1.2783,0.1416,-0.356,52
603,42,0.25293,1.3047,0.21973,-0.356,67
603,42,0.25781,1.3291,0.25,-0.356,67
603,42,0.21973,1.3535,0.30762,-0.356,48
603,42,0.31348,1.3906,0.16504,-0.356,29
603,42,0.45801,1.3857,-0.11914,-0.356,26
603,42,-0.51367,0.73633,1.1943,0,13
603,42,-0.15723,0.53223,1.1309,-0.356,7
603,42,0,1.1445,0.91406,-0.356,19
604,27,0,1.4063,0,0,6
604,27,0.44824,1.3535,-0.15918,0,8
604,27,0.45801,1.333,-0.39941,0,7
604,27,0.16504,0.66895,1.123,0.356,6
604,27,0.21094,1.2109,0.55176,0.356,9
604,27,0.17188,1.3555,0.16992,0.356,14
604,27,0.087891,1.4023,-0.038086,0.356,21
604,27,0.044922,1.4258,-0.15723,0.356,24
604,27,0,1.4336,-0.2998,0.356,19
604,27,0,1.4238,-0.17676,0.71201,7
604,27,0.25781,1.3408,0.17188,-0.71201,5
604,27,0.30762,1.3691,-0.087891,-0.71201,7
604,27,0.31348,1.3994,-0.047852,-0.71201,8
604,27,0.23633,1.1758,-0.38477,-0.356,6
604,27,0.16113,0.86426,-0.94238,-0.356,6
604,27,0.20605,0.92383,0.91797,-0.356,7
604,27,0.21094,1.2578,0.43359,-0.356,11
604,27,0.30078,1.332,0.17188,-0.356,17
604,27,0.30762,1.3721,0.0058594,-0.356,24
604,27,0.3584,1.3896,-0.018555,-0.356,27
604,27,0.36621,1.418,-0.020508,-0.356,22
604,27,0.39551,1.3438,-0.11914,0,6
604,27,-0.089844,1.4297,0.088867,0,7
604,27,-0.091797,1.4609,-0.033203,0,6
604,27,-0.25293,1.1426,-0.66797,0.356,5
604,27,0.13477,1.4268,-0.083008,0.356,24
604,27,-0.25781,0.61426,-1.2041,-0.71201,3
629,11,0.082031,1.1719,0.59668,0.356,7
629,11,0.041992,1.2129,0.58398,0.356,13
629,11,0,1.2676,0.53711,0.356,16
629,11,0,1.2852,0.57031,0.356,12
629,11,0.041016,1.1914,0.5625,-0.356,9
629,11,0.083984,1.2695,0.44434,-0.356,18
629,11,0.042969,1.3018,0.44531,-0.356,20
629,11,0.043945,1.335,0.43945,-0.356,15
629,11,0,1.0938,0.92969,-0.356,7
629,11,-0.45313,0.94922,-0.79395,-0.356,5
629,11,0.44824,1.3203,-0.34082,-0.356,6
630,10,0.16113,1.2646,0.19043,0.356,6
630,10,0.12402,1.2705,0.33008,0.356,11
630,10,0.12598,1.2813,0.39746,0.356,15
630,10,0.12891,1.3174,0.37891,0.356,14
630,10,0.17578,1.374,0.24219,0.356,10
630,10,0.12109,1.248,0.29688,-0.356,6
630,10,0.12402,1.2637,0.35449,-0.356,12
630,10,0.12598,1.2969,0.3418,-0.356,16
630,10,0.12891,1.3281,0.33691,-0.356,15
630,10,0.13184,1.3877,0.18359,-0.356,10
631,11,0.12109,1.2598,0.24121,0.356,7
631,11,0.12402,1.2793,0.29004,0.356,12
631,11,0.16797,1.2764,0.39746,0.356,15
631,11,0.085938,1.3037,0.43359,0.356,15
631,11,0.043945,1.3711,0.30762,0.356,13
631,11,0.044922,1.3867,0.36621,0.356,10
631,11,0.16504,1.2764,0.28613,-0.356,12
631,11,0.12598,1.2979,0.33691,-0.356,15
631,11,0.085938,1.3291,0.34766,-0.356,16
631,11,0.087891,1.3721,0.29492,-0.356,14
631,11,0.089844,1.3779,0.3916,-0.356,11
632,10,0.041016,1.1982,0.54688,0.356,7
632,10,0.083984,1.2461,0.50488,0.356,11
632,10,0.085938,1.3076,0.41992,0.356,13
632,10,0.043945,1.3193,0.48438,0.356,11
632,10,0.041016,1.1699,0.60645,-0.356,7
632,10,0.041992,1.2773,0.4248,-0.356,12
632,10,0.085938,1.3213,0.375,-0.356,14
632,10,0.043945,1.3662,0.33008,-0.356,12
632,10,0.089844,1.3975,0.31543,-0.356,9
632,10,-0.41211,0.86328,-0.90625,-0.356,4
633,12,0.16113,1.2744,0.10059,0.356,5
633,12,0.16504,1.2891,0.21973,0.356,8
633,12,0.12598,1.2959,0.34668,0.356,12
633,12,0.12891,1.333,0.32031,0.356,15
633,12,0.087891,1.3887,0.2002,0.356,14
633,12,0.13477,1.4131,0.21191,0.356,12
633,12,0.20117,1.2705,0.080078,-0.356,6
633,12,0.16504,1.2891,0.22168,-0.356,10
633,12,0.12598,1.3125,0.27734,-0.356,14
633,12,0.12891,1.3457,0.25781,-0.356,17
633,12,0.13184,1.3828,0.21484,-0.356,17
633,12,0.13477,1.4268,0.079102,-0.356,13
634,16,0.15723,1.249,-0.023438,0.356,6
634,16,0.20117,1.2715,0.066406,0.356,10
634,16,0.16504,1.3008,0.13477,0.356,14
634,16,0.12598,1.3242,0.21387,0.356,16
634,16,0.17188,1.3486,0.21777,0.356,17
634,16,0.17578,1.374,0.2373,0.356,15
634,16,0.26953,1.4023,0.14746,0.356,13
634,16,0.27441,1.4385,-0.033203,0.356,10
634,16,0.19727,1.2402,-0.094727,-0.356,6
634,16,0.16113,1.2773,-0.050781,-0.356,12
634,16,0.16504,1.3047,0.081055,-0.356,18
634,16,0.16797,1.3281,0.15332,-0.356,22
634,16,0.17188,1.3604,0.12305,-0.356,20
634,16,0.21973,1.3887,-0.0048828,-0.356,16
634,16,0.26953,1.4092,-0.024414,-0.356,12
634,16,0.36621,1.418,-0.013672,-0.356,11
635,34,0.038086,1.1035,0.54297,0,6
635,34,0.079102,1.1426,0.52246,0,21
635,34,0.080078,1.1748,0.52344,0,44
635,34,0.041016,1.207,0.52734,0,61
635,34,0.083984,1.2354,0.53125,0,59
635,34,0.085938,1.2832,0.49219,0,43
635,34,0.087891,1.3271,0.45508,0,24
635,34,0.17969,1.3594,0.42383,0,12
635,34,0.12109,1.1914,0.47754,0.356,9
635,34,0.16504,1.2412,0.41211,0.356,14
635,34,0.12598,1.2666,0.44336,0.356,15
635,34,0.12891,1.2734,0.50684,0.356,12
635,34,0,1.2646,0.61426,0.356,7
635,34,0.039063,1.1836,0.42773,-0.71201,22
635,34,0.080078,1.2002,0.46094,-0.71201,44
635,34,0.082031,1.2295,0.46875,-0.71201,56
635,34,0.083984,1.2578,0.47559,-0.71201,49
635,34,0.042969,1.3076,0.42871,-0.71201,29
635,34,0.087891,1.3418,0.40918,-0.71201,12
635,34,0.077148,1.1064,0.53125,-0.356,11
635,34,0.079102,1.1533,0.49902,-0.356,39
635,34,0.080078,1.1777,0.51563,-0.356,80
635,34,0.082031,1.2129,0.50977,-0.356,107
635,34,0.083984,1.2451,0.50684,-0.356,103
635,34,0.085938,1.2793,0.5,-0.356,72
635,34,0.087891,1.3281,0.45313,-0.356,41
635,34,0.13477,1.3545,0.4541,-0.356,20
635,34,-0.3457,0.87891,-0.78809,0,4
635,34,0.30762,1.3662,0.11914,0.356,7
635,34,-0.47363,0.88477,-0.94238,-0.71201,15
635,34,-0.4834,0.79395,-1.0547,-0.71201,8
635,34,-0.42285,0.92188,-0.69629,-0.356,6
635,34,-0.4834,0.88477,-0.97949,-0.356,22
635,34,-0.49316,0.78027,-1.0986,-0.356,12
636,64,0,1.0244,0.62695,0,14
636,64,0,1.0518,0.6377,0,23
636,64,0,1.0664,0.6709,0,24
636,64,0.040039,1.124,0.62891,0,19
636,64,0.082031,1.2188,0.49414,0,14
636,64,0.12598,1.3174,0.25293,0,15
636,64,0.12891,1.3545,0.20605,0,18
636,64,0.087891,1.3848,0.22754,0,18
636,64,0.089844,1.4102,0.25293,0,12
636,64,0.27832,1.7549,1.3408,0,6
636,64,0,1.0479,0.64551,0.356,10
636,64,0.11816,1.1719,0.44531,0.356,15
636,64,0.20117,1.2412,0.28027,0.356,28
636,64,0.20605,1.2822,0.22754,0.356,44
636,64,0.16797,1.3213,0.20313,0.356,59
636,64,0.17188,1.3516,0.19824,0.356,70
636,64,0.13184,1.3809,0.22754,0.356,63
636,64,0.13477,1.4082,0.24219,0.356,42
636,64,0.1377,1.4404,0.22754,0.356,14
636,64,0.20117,1.207,0.40234,0.71201,8
636,64,0.16504,1.2764,0.2832,0.71201,13
636,64,0.16797,1.3154,0.2373,0.71201,18
636,64,0.12891,1.3428,0.27246,0.71201,22
636,64,0.13184,1.375,0.26074,0.71201,20
636,64,0.089844,1.4082,0.2627,0.71201,12
636,64,0.094727,1.4229,0.53418,0.71201,6
636,64,0.039063,1.0947,0.62109,-2.848,9
636,64,0.080078,1.0693,0.71484,-2.848,14
636,64,0.082031,1.0586,0.78125,-2.848,14
636,64,0.041992,0.96484,0.93945,-2.848,9
636,64,0.037109,1.0791,0.52441,-2.492,11
636,64,0,1.1191,0.51074,-2.492,16
636,64,0.039063,1.0967,0.61719,-2.492,19
636,64,0.040039,0.97266,0.84375,-2.492,20
636,64,0.082031,0.95313,0.90625,-2.492,18
636,64,0.12598,1.0146,0.87695,-2.492,12
636,64,0,1.1406,0.37598,-2.136,16
636,64,0,1.1455,0.44922,-2.136,22
636,64,0,1.1846,0.42773,-2.136,20
636,64,0,1.2295,0.38672,-2.136,12
636,64,0,1.1006,0.30566,-1.78,7
636,64,0,1.1045,0.39063,-1.78,38
636,64,0,1.125,0.4209,-1.78,99
636,64,0.038086,1.1436,0.45117,-1.78,163
636,64,0.039063,1.1699,0.46387,-1.78,177
636,64,0.040039,1.1953,0.48047,-1.78,130
636,64,0.041016,1.2227,0.49023,-1.78,62
636,64,0,1.2705,0.44824,-1.78,16
636,64,0,1.0801,0.37207,-1.424,13
636,64,0,1.0859,0.44043,-1.424,83
636,64,0,1.1084,0.46191,-1.424,222
636,64,0.038086,1.1279,0.48926,-1.424,369
636,64,0.039063,1.1543,0.50195,-1.424,403
636,64,0.040039,1.1816,0.51172,-1.424,297
636,64,0.041016,1.2119,0.51758,-1.424,143
636,64,0,1.252,0.49707,-1.424,37
636,64,0,1.0479,0.4541,-1.068,10
636,64,0,1.0693,0.47949,-1.068,61
636,64,0.037109,1.0859,0.51172,-1.068,165
636,64,0.038086,1.1123,0.52441,-1.068,273
636,64,0.039063,1.1396,0.53418,-1.068,300
636,64,0,1.1729,0.5332,-1.068,223
636,64,0.041016,1.1992,0.54395,-1.068,109
636,64,0.041992,1.249,0.50391,-1.068,31
637,64,0.16504,1.2617,0.34277,0,7
637,64,0.12598,1.2969,0.3418,0,12
637,64,0.085938,1.332,0.33496,0,20
637,64,0.087891,1.3467,0.39258,0,28
637,64,0.044922,1.3779,0.39746,0,29
637,64,0.045898,1.3916,0.4541,0,24
637,64,0,1.4463,0.37305,0,15
637,64,0.19238,1.2148,-0.032227,0.356,8
637,64,0.23633,1.2363,-0.043945,0.356,19
637,64,0.28223,1.2578,-0.0029297,0.356,31
637,64,0.28809,1.2832,0.083008,0.356,39
637,64,0.29492,1.3066,0.14941,0.356,41
637,64,0.21484,1.3174,0.33594,0.356,37
637,64,0.087891,1.2803,0.5752,0.356,36
637,64,0.044922,1.2959,0.61523,0.356,36
637,64,0.045898,1.3193,0.63281,0.356,30
637,64,0.13965,1.418,0.44824,0.356,22
637,64,0.24121,1.2656,0.0048828,0.71201,9
637,64,0.28809,1.2813,0.1123,0.71201,11
637,64,0.25293,1.3008,0.24414,0.71201,11
637,64,0.042969,1.209,0.65723,0.71201,10
637,64,0.043945,1.2285,0.68262,0.71201,13
637,64,0,1.2627,0.68262,0.71201,13
637,64,0,1.2832,0.70508,0.71201,10
637,64,0,0.91406,0.39551,-3.204,6
637,64,0.032227,0.96191,0.35254,-3.204,11
637,64,0,0.98145,0.38672,-3.204,12
637,64,0,1.0088,0.39551,-3.204,9
637,64,-0.02832,0.8291,0.37012,-2.848,10
637,64,0,0.86719,0.35645,-2.848,11
637,64,0,0.94238,0.4043,-2.848,15
637,64,0.033203,0.96094,0.43262,-2.848,20
637,64,0,0.99414,0.43066,-2.848,15
637,64,0,0.99121,0.50586,-2.848,7
637,64,0,0.81152,0.40625,-2.492,8
637,64,0,0.83887,0.41699,-2.492,11
637,64,0,0.87598,0.4082,-2.492,10
637,64,0.03125,0.90527,0.41309,-2.136,9
637,64,0.032227,0.92969,0.43066,-2.136,15
637,64,0.033203,0.95117,0.4541,-2.136,17
637,64,0.03418,0.97656,0.46875,-2.136,14
637,64,0,1.3135,0.41309,-1.068,8
637,64,0,1.2979,0.54102,-1.068,13
637,64,0,1.2725,0.66309,-1.068,14
637,64,-0.045898,1.2021,0.83496,-1.068,12
637,64,0.16504,1.292,-0.2041,-0.71201,7
637,64,-0.46289,0.44238,1.1855,-0.71201,7
637,64,0,0.98145,0.96484,-0.71201,12
637,64,-0.087891,1.0518,0.92871,-0.71201,22
637,64,-0.13477,0.9209,1.0928,-0.71201,24
637,64,-0.18262,0.70703,1.2695,-0.71201,20
637,64,-0.28027,0.11133,1.4629,-0.71201,12
637,64,0.11523,1.2227,-0.077148,-0.356,6
637,64,0.19727,1.2432,-0.051758,-0.356,15
637,64,0.24121,1.2637,-0.074219,-0.356,26
637,64,0.28809,1.2852,-0.053711,-0.356,29
637,64,0.33691,1.3008,-0.09375,-0.356,25
637,64,0,1.0781,0.85547,-0.356,36
637,64,0,1.1904,0.74805,-0.356,49
637,64,0,1.1543,0.85254,-0.356,45
637,64,-0.091797,0.93164,1.126,-0.356,31
637,64,0.4668,1.3955,-0.25391,-0.356,19
637,64,0.4834,1.2881,-0.28711,0.71201,7
637,64,0.49316,1.2988,-0.3584,0.71201,8
638,64,0,0.84863,0.038086,0,7
638,64,0,0.87891,-0.0078125,0,9
638,64,0,0.90723,0.039063,0,9
638,64,0,0.93262,0.092773,0,7
638,64,-0.24121,0.72363,1.0391,0,21
638,64,-0.24707,0.71777,1.0771,0,26
638,64,-0.25293,0.68066,1.1348,0,25
638,64,0.17188,1.3604,0.11621,0,25
638,64,0.17578,1.3936,0.070313,0,27
638,64,0.22461,1.417,0.017578,0,21
638,64,0.22852,1.4443,-0.073242,0,13
638,64,0.2334,1.4697,-0.12695,0,7
638,64,0,0.84375,0.09668,0.356,8
638,64,0,0.87305,0.097656,0.356,14
638,64,0.02832,0.90332,0.087891,0.356,14
638,64,0,0.9248,0.15527,0.356,7
638,64,-0.041016,1.2773,0.32227,0.356,21
638,64,0,1.3301,0.21484,0.356,28
638,64,-0.042969,1.3438,0.29688,0.356,31
638,64,0,1.3496,0.39355,0.356,28
638,64,0.44824,1.2402,-0.56641,0.356,25
638,64,0.45801,1.3232,-0.42871,0.356,28
638,64,0.41992,1.3809,-0.38379,0.356,23
638,64,-0.077148,0.81543,-0.033203,0.71201,7
638,64,-0.080078,0.84473,-0.03418,0.71201,9
638,64,-0.054688,0.875,-0.054688,0.71201,10
638,64,-0.084961,0.90234,-0.060547,0.71201,10
638,64,-0.087891,0.93359,0.0029297,0.71201,10
638,64,0,0.9668,0.0087891,0.71201,10
638,64,0.43945,0.97168,-0.91602,0.71201,8
638,64,0.44824,1.2363,-0.57422,0.71201,8
638,64,0,0.87207,0.10645,1.068,5
638,64,0,0.88477,0.20313,1.068,6
638,64,-0.098633,0.78125,-0.070313,1.424,7
638,64,-0.10254,0.80957,-0.077148,1.424,15
638,64,-0.080078,0.8418,-0.077148,1.424,23
638,64,-0.082031,0.87207,-0.070313,1.424,24
638,64,-0.084961,0.90039,-0.083984,1.424,19
638,64,-0.11719,0.92871,-0.041992,1.424,11
638,64,0,1.4102,0.26855,1.424,7
638,64,0,1.457,0.15039,1.424,6
638,64,-0.098633,0.77832,-0.095703,1.78,6
638,64,-0.077148,0.81543,-0.046875,1.78,14
638,64,-0.080078,0.8457,-0.010742,1.78,22
638,64,-0.082031,0.87402,-0.035156,1.78,24
638,64,-0.11328,0.89746,-0.073242,1.78,20
638,64,-0.087891,0.92969,-0.077148,1.78,13
638,64,-0.19727,0.89355,0.86621,-0.71201,10
638,64,-0.24121,0.8457,0.94238,-0.71201,20
638,64,-0.20605,0.93945,0.90137,-0.71201,28
638,64,-0.16797,1.126,0.7207,-0.71201,29
638,64,0,1.3135,0.41113,-0.71201,24
638,64,0.13184,1.3916,0.14844,-0.71201,20
638,64,0.13477,1.3965,0.30371,-0.71201,13
638,64,0.19238,1.1855,-0.26465,-0.356,9
638,64,-0.23633,0.7998,0.94336,-0.356,24
638,64,-0.24121,0.83691,0.94922,-0.356,46
638,64,-0.28809,0.78027,1.0225,-0.356,57
638,64,-0.25293,0.86133,1.0049,-0.356,50
638,64,0.12891,1.3613,0.15625,-0.356,57
638,64,0.13184,1.3838,0.21191,-0.356,58
638,64,0.089844,1.3857,0.36426,-0.356,39
638,64,0.045898,1.3252,0.62207,-0.356,20
638,64,0.51367,1.333,-0.43652,-0.356,15
639,64,0,1.2529,-0.12891,0,6
639,64,0.20117,1.2275,0.33496,0,9
639,64,0.16504,1.2813,0.25977,0,25
639,64,0.12598,1.3291,0.17969,0,45
639,64,0.12891,1.3643,0.13184,0,56
639,64,0.13184,1.3945,0.11914,0,50
639,64,0.13477,1.4199,0.15918,0,32
639,64,0.18262,1.4238,0.29199,0,17
639,64,0.13867,2.1631,0.50586,0,7
639,64,0.070313,2.1416,0.70508,0,5
639,64,0.19238,1.2139,-0.061523,0.356,10
639,64,0.23633,1.2373,-0.0097656,0.356,20
639,64,0.28223,1.2578,-0.0039063,0.356,27
639,64,-0.082031,1.2158,0.50195,0.356,26
639,64,0,1.2949,0.37109,0.356,16
639,64,-0.38672,0.625,-1.1641,0.356,21
639,64,-0.043945,1.3555,-0.37109,0.356,23
639,64,0,1.3057,-0.5957,0.356,16
639,64,0.091797,1.3887,0.45703,0.356,18
639,64,0,1.2559,-0.095703,0.71201,14
639,64,0,1.2861,-0.081055,0.71201,21
639,64,0,1.3145,0.094727,0.71201,19
639,64,-0.21094,0.41895,1.2627,0.71201,8
639,64,-0.30078,1.0107,-0.88379,0.71201,10
639,64,-0.13184,1.3066,-0.50293,0.71201,14
639,64,0,1.4043,-0.29395,0.71201,13
639,64,0,1.46,-0.11914,0.71201,12
639,64,0.068359,2.1914,0.1377,1.068,11
639,64,0,2.207,0.28906,1.068,12
639,64,0.070313,2.2314,0.31641,1.068,10
639,64,0,2.1934,0.12598,1.424,11
639,64,0.069336,2.2207,0.12891,1.424,13
639,64,0,2.2305,0.33301,1.424,10
639,64,-0.03418,1.0117,-0.3877,2.492,7
639,64,0,1.0518,-0.36523,2.492,7
639,64,0,1.0918,-0.33398,2.492,6
639,64,0,1.0488,-0.37305,2.848,6
639,64,0.13477,1.4277,-0.0625,-1.068,8
639,64,0.091797,1.4521,-0.16309,-1.068,7
639,64,0.040039,1.2676,0.22754,-0.71201,9
639,64,0.16504,1.2861,0.23535,-0.71201,21
639,64,0.12598,1.3262,0.2041,-0.71201,28
639,64,0.17188,1.3506,0.20508,-0.71201,26
639,64,0.17578,1.3672,0.27734,-0.71201,17
639,64,0.22461,1.3037,0.55664,-0.71201,10
639,64,0.22852,1.1201,0.91602,-0.71201,4
639,64,0.23047,1.1934,-0.19238,-0.356,10
639,64,0.31445,1.1592,-0.37793,-0.356,18
639,64,0.32227,0.5166,1.1357,-0.356,25
639,64,0.12402,1.2695,0.33301,-0.356,52
639,64,0.12598,1.3174,0.25195,-0.356,78
639,64,0.17188,1.3408,0.26172,-0.356,82
639,64,0.21973,1.3623,0.26855,-0.356,69
639,64,0.22461,1.3838,0.30762,-0.356,54
639,64,0.18262,1.3975,0.39941,-0.356,36
639,64,0.18652,1.3545,0.60254,-0.356,19
639,64,-0.24121,1.0518,-0.70508,0,7
639,64,-0.15332,1.0342,-0.64746,0.356,8
639,64,-0.11816,1.1016,-0.59863,0.356,18
639,64,-0.080078,1.2217,-0.40234,0.356,27
639,64,0.3291,0.875,-0.92871,0.356,23
639,64,0.4209,0.50684,-1.1758,0.356,15
639,64,0,1.3691,-0.13965,0.356,20
639,64,0.4834,0.50391,1.2197,0.356,12
640,64,0.15332,1.2188,-0.055664,0,5
640,64,0.039063,1.251,-0.13574,0,18
640,64,0.040039,1.2803,-0.14355,0,52
640,64,0.041016,1.3076,-0.16016,0,101
640,64,0.041992,1.334,-0.18652,0,142
640,64,0.085938,1.3584,-0.2041,0,149
640,64,0.043945,1.3857,-0.2334,0,115
640,64,0.089844,1.4102,-0.25195,0,65
640,64,0.045898,1.4336,-0.2959,0,24
640,64,0.09375,1.4512,-0.33984,0,7
640,64,0.15332,1.2207,0.017578,0.356,13
640,64,0.23633,1.2354,-0.072266,0.356,23
640,64,-0.080078,1.2861,-0.023438,0.356,47
640,64,0,1.3145,-0.089844,0.356,126
640,64,0.041992,1.3428,-0.10156,0.356,220
640,64,0.042969,1.3711,-0.12012,0.356,269
640,64,0.087891,1.3975,-0.12012,0.356,236
640,64,0.089844,1.4258,-0.13574,0.356,146
640,64,0.1377,1.4521,-0.12793,0.356,64
640,64,0.09375,1.4834,-0.14844,0.356,19
640,64,-0.079102,0.91113,-0.86621,0.71201,7
640,64,0,1.2822,0.12598,0.71201,25
640,64,0.041016,1.3164,0.060547,0.71201,65
640,64,0.041992,1.3467,-0.0078125,0.71201,111
640,64,0.085938,1.373,-0.037109,0.71201,129
640,64,0.087891,1.4014,-0.063477,0.71201,110
640,64,0.089844,1.4287,-0.09668,0.71201,66
640,64,0.091797,1.457,-0.11719,0.71201,27
640,64,-0.079102,1.1748,-0.44727,1.068,10
640,64,-0.040039,1.2256,-0.39746,1.068,19
640,64,0,1.2637,-0.375,1.068,26
640,64,0,1.2881,-0.39551,1.068,25
640,64,0,1.3232,-0.37793,1.068,17
640,64,0,1.1865,-0.42188,1.424,8
640,64,0,1.252,-0.30566,1.424,17
640,64,0,1.29,-0.26953,1.424,28
640,64,0,1.3125,-0.30273,1.424,29
640,64,0,1.3379,-0.32324,1.424,22
640,64,0,1.3662,-0.33203,1.424,11
640,64,0,1.2354,-0.45801,1.78,6
640,64,0,1.2734,-0.43945,1.78,6
640,64,0.11523,1.2168,-0.1416,-0.71201,6
640,64,0.19727,1.2295,-0.19141,-0.71201,14
640,64,0.12109,1.2627,-0.22852,-0.71201,20
640,64,0.12402,1.2803,-0.28711,-0.71201,21
640,64,0.12598,1.0381,0.84961,-0.71201,15
640,64,0.21484,1.2822,0.45117,-0.71201,13
640,64,0.21973,1.376,0.18555,-0.71201,13
640,64,0.17969,1.4229,0.064453,-0.71201,10
640,64,0.1875,1.1787,-0.13184,-0.356,6
640,64,0.19238,1.2129,-0.066406,-0.356,22
640,64,0.19727,1.2402,-0.098633,-0.356,49
640,64,0.16113,1.2695,-0.15234,-0.356,72
640,64,0.12402,1.291,-0.23535,-0.356,76
640,64,0.12598,1.2129,0.57324,-0.356,59
640,64,0.21484,1.2549,0.52344,-0.356,43
640,64,0.26367,1.3506,0.28711,-0.356,43
640,64,0.22461,1.4092,0.14941,-0.356,32
640,64,0.18262,1.4512,0.075195,-0.356,19
640,64,-0.15723,0.65625,1.0635,0.356,15
640,64,0.19727,1.2266,-0.20508,0.71201,4
640,64,-0.57617,0.60645,1.0186,1.78,5
640,64,-0.58984,0.87109,0.8418,1.78,4
640,64,-0.33691,0.74414,-1.0713,-0.71201,8
641,56,0.11816,1.2539,-0.021484,0,5
641,56,0.080078,1.2764,-0.15527,0,11
641,56,0.082031,1.3125,-0.084961,0,30
641,56,0.041992,1.3447,-0.071289,0,58
641,56,0.042969,1.374,-0.079102,0,76
641,56,0.043945,1.3975,-0.14551,0,74
641,56,0.044922,1.4053,-0.29004,0,60
641,56,0.045898,1.4199,-0.35645,0,40
641,56,0.046875,1.4424,-0.38672,0,20
641,56,0.19238,1.2139,0.047852,0.356,12
641,56,0.23633,1.2363,0.035156,0.356,25
641,56,0.24121,1.2656,-0.035156,0.356,32
641,56,-0.041016,1.3086,0.15527,0.356,41
641,56,0,1.3467,-0.018555,0.356,102
641,56,0,1.374,-0.080078,0.356,145
641,56,0.043945,1.3994,-0.13184,0.356,141
641,56,0.044922,1.4199,-0.20508,0.356,105
641,56,0.091797,1.4521,-0.16699,0.356,67
641,56,0.13965,1.4854,-0.080078,0.356,33
641,56,0.24121,1.2646,-0.060547,0.71201,9
641,56,0,1.3164,0.072266,0.71201,22
641,56,0,1.3477,0.0019531,0.71201,51
641,56,0,1.376,-0.030273,0.71201,72
641,56,0,1.4043,-0.058594,0.71201,68
641,56,0,1.4277,-0.14355,0.71201,48
641,56,0.045898,1.457,-0.1416,0.71201,28
641,56,0.046875,1.4834,-0.17285,0.71201,14
641,56,0,1.334,-0.18555,1.068,7
641,56,0,1.3691,-0.14063,1.068,11
641,56,0,1.3926,-0.19238,1.068,12
641,56,0,1.4326,-0.083984,1.068,11
641,56,0.19727,1.2393,-0.10742,-0.71201,10
641,56,0.24121,1.2617,-0.10156,-0.71201,14
641,56,0.28809,1.2813,-0.11426,-0.71201,13
641,56,0.21094,1.3281,-0.079102,-0.71201,8
641,56,0.30762,1.3721,0.019531,-0.71201,9
641,56,0.3584,1.3896,-0.024414,-0.71201,10
641,56,0.45801,1.376,-0.20313,-0.71201,10
641,56,0.19238,1.21,-0.10742,-0.356,16
641,56,0.23633,1.2334,-0.089844,-0.356,34
641,56,0.24121,1.2646,-0.05957,-0.356,46
641,56,0.24707,1.293,-0.074219,-0.356,43
641,56,0.25293,1.3213,-0.067383,-0.356,26
641,56,0.25781,1.3184,0.30078,-0.356,19
641,56,0.35156,1.3584,0.09375,-0.356,30
641,56,0.40332,1.377,-0.044922,-0.356,35
641,56,0.41211,1.3955,-0.16406,-0.356,32
641,56,0.4668,1.3955,-0.25391,-0.356,23
641,56,0.3291,1.2061,-0.41699,0.356,24
641,56,-0.4668,0,1.4424,0.356,17
641,56,-0.24707,0.2041,-1.2783,-0.71201,7
641,56,-0.29492,0,1.3467,-0.71201,5
641,56,-0.24707,0.51465,-1.1885,-0.356,22
641,56,-0.21094,0.78516,-1.0742,-0.356,18
641,56,-0.21484,1.1895,-0.65918,-0.356,13
641,56,-0.09375,0.88086,1.2031,-0.356,13
642,45,0,1.3408,-0.12793,0,14
642,45,0.042969,1.3594,-0.21387,0,35
642,45,0,1.3809,-0.26172,0,56
642,45,0.044922,1.4141,-0.23926,0,65
642,45,0.045898,1.4453,-0.23047,0,54
642,45,0,1.4697,-0.26465,0,31
642,45,0.047852,1.4912,-0.30762,0,14
642,45,0,1.2881,-0.27734,0.356,11
642,45,0,1.2988,-0.35938,0.356,30
642,45,0.042969,1.3555,-0.23926,0.356,74
642,45,0,1.3906,-0.20605,0.356,125
642,45,0.044922,1.4248,-0.16699,0.356,151
642,45,0.045898,1.4551,-0.1543,0.356,124
642,45,0.046875,1.4834,-0.16699,0.356,72
642,45,0,1.4961,-0.28516,0.356,28
642,45,0,1.3271,-0.23047,0.71201,10
642,45,0,1.3652,-0.17578,0.71201,26
642,45,0.043945,1.3994,-0.13184,0.71201,44
642,45,0.044922,1.4297,-0.11328,0.71201,51
642,45,0.045898,1.46,-0.10254,0.71201,42
642,45,0,1.4863,-0.14844,0.71201,24
642,45,0,1.501,-0.25977,0.71201,12
642,45,0,1.3984,-0.14355,1.068,6
642,45,0,1.4336,-0.073242,1.068,8
642,45,0.091797,1.4609,-0.033203,1.068,7
642,45,0.17578,1.3789,-0.20703,-0.71201,7
642,45,0.26953,1.4014,-0.15234,-0.71201,10
642,45,0.18262,1.4395,-0.19727,-0.71201,9
642,45,0.3623,1.2363,0.0058594,-0.356,8
642,45,0,0.30078,-1.2832,-0.356,8
642,45,-0.12598,1.0449,-0.8418,-0.356,10
642,45,0,1.2861,-0.49219,-0.356,15
642,45,0.087891,1.3896,-0.19531,-0.356,29
642,45,0.13477,1.4209,-0.14648,-0.356,42
642,45,0.1377,1.4531,-0.11816,-0.356,38
642,45,0.13965,1.4814,-0.13281,-0.356,23
642,45,0.41211,1.251,0.039063,0.356,6
642,45,-0.50293,0.68945,1.1895,-0.71201,5
642,45,-0.080078,0.85449,-0.96191,-0.356,6
642,45,0.37109,1.2637,0.057617,-0.356,8
642,45,0.33691,1.2803,0.25195,-0.356,6
642,45,0.68848,1.127,-0.38965,-0.356,10
642,45,-0.4834,0.68457,1.1289,-0.356,15
642,45,-0.50293,0.67578,1.1973,-0.356,20
642,45,-0.51367,0.54199,1.2939,-0.356,13
643,23,0.44824,1.3359,-0.26953,0,6
643,23,0.45801,1.3506,-0.33301,0,6
643,23,0.12109,1.2793,0.10059,0.356,8
643,23,0.12402,1.3018,0.16406,0.356,11
643,23,0.16797,1.3213,0.20508,0.356,14
643,23,0.12891,1.3389,0.29199,0.356,13
643,23,0.087891,1.3301,0.44629,0.356,11
643,23,0.16113,1.2783,0,-0.356,7
643,23,0.12402,1.3037,0.15234,-0.356,10
643,23,0.12598,1.3291,0.18164,-0.356,13
643,23,0.12891,1.3242,0.35449,-0.356,14
643,23,0.087891,1.293,0.54492,-0.356,14
643,23,0.53809,1.2637,-0.41602,-0.356,19
643,23,0.50293,1.333,-0.33984,-0.356,20
643,23,1.4277,0,1.6748,-0.356,12
643,23,1.5078,0,1.6621,-0.356,14
643,23,-0.045898,0.89648,1.1572,0,4
643,23,0.57129,1.1758,-0.51758,0.356,6
643,23,0.52734,1.209,-0.4873,-0.356,12
643,23,0.044922,1.2275,0.74219,-0.356,15
643,23,0,1.1973,0.84375,-0.356,15
643,23,0.49414,0.19336,1.6748,-0.356,8
643,23,0.55859,0.7002,1.5459,-0.356,10
644,49,0,1.3291,-0.45996,0,10
644,49,0,1.3564,-0.46777,0,12
644,49,0,1.3701,-0.51563,0,11
644,49,0.046875,1.4326,-0.41992,0,10
644,49,0.33691,1.2939,0.16797,0.356,7
644,49,0.38672,1.3115,0.1543,0.356,14
644,49,0.39551,1.3418,0.14258,0.356,22
644,49,0.3584,1.3848,0.11914,0.356,26
644,49,0.41211,1.3994,0.125,0.356,23
644,49,0.4668,1.4141,0.11914,0.356,16
644,49,1.4277,0,-1.6807,0.356,11
644,49,1.4512,0,-1.7256,0.356,13
644,49,1.4756,0,-1.7529,0.356,12
644,49,0,1.2744,-0.59375,0.71201,5
644,49,0.40332,1.3438,0.30176,0.71201,7
644,49,0.36621,1.4072,0.17773,0.71201,6
644,49,0,1.2217,-0.69531,-0.71201,11
644,49,0,1.2744,-0.66113,-0.71201,14
644,49,0,1.2627,-0.74121,-0.71201,13
644,49,0,0.85254,-1.043,-0.356,9
644,49,-0.042969,1.1494,-0.75586,-0.356,22
644,49,0,1.2402,-0.66211,-0.356,35
644,49,-0.044922,1.2568,-0.69141,-0.356,43
644,49,0,1.3018,-0.66992,-0.356,38
644,49,0,1.3262,-0.6875,-0.356,28
644,49,1.4277,0,1.6865,-0.356,14
644,49,1.5078,0,1.6953,-0.356,18
644,49,1.4756,0,1.7031,-0.356,15
644,49,1.499,0,1.7607,-0.356,10
644,49,0.35156,1.3545,0.13184,0,6
644,49,0.41211,1.3887,0.21582,0,7
644,49,-0.12598,0.89746,-0.99707,0.356,6
644,49,-0.12891,1.1533,-0.74023,0.356,12
644,49,-0.087891,1.2432,-0.65039,0.356,19
644,49,-0.089844,1.2695,-0.66211,0.356,22
644,49,-0.091797,1.2725,-0.71777,0.356,19
644,49,-0.046875,1.3057,-0.72363,0.356,12
644,49,0.30762,1.3633,0.1543,0.71201,5
644,49,-0.089844,1.3271,-0.53809,0.71201,6
644,49,-0.091797,1.3545,-0.54883,0.71201,5
644,49,0.35156,1.3604,-0.055664,-0.71201,9
644,49,0.40332,1.377,0.014648,-0.71201,11
644,49,0.41211,1.4053,-0.026367,-0.71201,10
644,49,0.37891,1.292,0.037109,-0.356,9
644,49,0.43066,1.3076,0.035156,-0.356,20
644,49,0.43945,1.335,0.038086,-0.356,33
644,49,0.44824,1.3623,0.052734,-0.356,39
644,49,0.45801,1.3896,0.069336,-0.356,35
644,49,0.41992,1.4316,0.06543,-0.356,23
645,11,0.16113,1.2773,0.058594,0.356,5
645,11,0.12402,1.2979,0.19531,0.356,7
645,11,0.16797,1.3213,0.20508,0.356,9
645,11,0.21484,1.3574,0.085938,0.356,9
645,11,0.30762,1.3682,-0.098633,0.356,9
645,11,0.24121,1.2656,0.040039,-0.356,5
645,11,0.16504,1.3076,0.036133,-0.356,7
645,11,0.21094,1.3252,0.11719,-0.356,9
645,11,0.25781,1.3506,-0.073242,-0.356,10
645,11,0.30762,1.3486,-0.25195,-0.356,10
645,11,0.40332,1.3604,-0.21777,-0.356,10
646,7,0.24707,1.2314,0.39941,0.356,10
646,7,0.21094,1.2832,0.35254,0.356,11
646,7,0.17188,1.3428,0.24805,0.356,9
646,7,0.16113,1.2373,0.32227,-0.356,6
646,7,0.16504,1.2822,0.25488,-0.356,10
646,7,0.25293,1.3018,0.23828,-0.356,12
646,7,0.25781,1.3398,0.18457,-0.356,10
671,18,0.15723,1.25,0,0.356,6
671,18,0.20117,1.2695,-0.092773,0.356,7
671,18,0.3291,1.2686,-0.14258,0.356,6
671,18,0,0.91699,0.98633,0.356,7
671,18,0,1.1807,0.70703,0.356,7
671,18,0.15723,1.2227,-0.25781,-0.356,5
671,18,0.24121,1.2256,-0.31738,-0.356,6
671,18,0,0.83398,1.0205,-0.356,6
671,18,0,1.167,0.67383,-0.356,9
671,18,0,1.2422,0.59277,-0.356,9
671,18,-0.24121,0.71191,1.0469,0.356,4
671,18,-0.12402,0.51758,1.2061,0.356,5
671,18,0.4209,1.2793,-0.030273,0.356,4
671,18,-0.47363,1.0938,-0.68848,0.356,4
671,18,-0.23633,0.5625,1.1016,-0.356,3
671,18,-0.16113,0.6543,1.0986,-0.356,4
671,18,0.28809,1.2324,-0.36816,-0.356,5
671,18,-0.47363,0.9834,-0.83887,-0.356,5
672,11,0.16113,1.2764,0.081055,0.356,8
672,11,0.12402,1.2891,0.24707,0.356,11
672,11,0.083984,1.2871,0.38867,0.356,12
672,11,0.042969,1.3047,0.43555,0.356,10
672,11,0.087891,1.3594,0.3457,0.356,8
672,11,0.16113,1.2764,0.081055,-0.356,7
672,11,0.082031,1.293,0.23926,-0.356,10
672,11,0.12598,1.293,0.35742,-0.356,13
672,11,0.042969,1.3281,0.36035,-0.356,12
672,11,0.043945,1.3496,0.38965,-0.356,9
672,11,-0.3623,0.60938,1.0762,-0.356,4
674,6,0.12402,1.2549,0.38184,0.356,7
674,6,0.16797,1.25,0.47461,0.356,7
674,6,0.12109,1.2666,0.20801,-0.356,6
674,6,0.20605,1.2695,0.28711,-0.356,9
674,6,0.16797,1.2852,0.36621,-0.356,8
674,6,0.12891,1.2939,0.45215,-0.356,6
675,11,0.041992,1.3203,0.2666,0.356,9
675,11,0.042969,1.335,0.33203,0.356,16
675,11,0.087891,1.3652,0.32324,0.356,19
675,11,0.089844,1.3867,0.35742,0.356,15
675,11,0.045898,1.4189,0.36133,0.356,8
675,11,0,1.3906,0.20703,0.71201,5
675,11,0.041992,1.333,0.19141,-0.356,10
675,11,0.085938,1.3457,0.27539,-0.356,18
675,11,0.087891,1.374,0.2832,-0.356,21
675,11,0.089844,1.4053,0.27832,-0.356,17
675,11,0.045898,1.4434,0.24121,-0.356,9
676,4,0.13184,1.3916,0.1543,0.356,6
676,4,0.041016,1.1816,0.58203,-0.356,8
676,4,0,1.2314,0.5459,-0.356,7
676,4,-0.46289,0.91602,-0.87305,-0.356,4
677,41,0,1.1289,0.48926,0,7
677,41,0.039063,1.1328,0.54883,0,21
677,41,0.040039,1.1738,0.5293,0,38
677,41,0.041016,1.2021,0.53809,0,45
677,41,0,1.2305,0.5498,0,35
677,41,0,1.2529,0.56934,0,17
677,41,0.16113,1.1875,0.47559,0.356,12
677,41,0.16504,1.2178,0.47754,0.356,15
677,41,0.25293,1.25,0.43457,0.356,13
677,41,0.34375,1.3164,0.20801,0.356,10
677,41,0.39551,1.3477,0.053711,0.356,14
677,41,0.40332,1.377,0.0068359,0.356,13
677,41,0.41211,1.3955,-0.16895,0.356,9
677,41,0.041992,1.1953,0.62012,-1.068,7
677,41,0.042969,1.248,0.5791,-1.068,8
677,41,0,1.2568,0.62891,-1.068,6
677,41,0.038086,1.1777,0.35449,-0.71201,6
677,41,0.079102,1.1807,0.43066,-0.71201,21
677,41,0.080078,1.2119,0.43066,-0.71201,36
677,41,0.041016,1.2461,0.42871,-0.71201,39
677,41,0.041992,1.2725,0.44043,-0.71201,27
677,41,0.085938,1.25,0.56934,-0.71201,14
677,41,0.087891,1.2451,0.64648,-0.71201,12
677,41,0.044922,1.3047,0.5957,-0.71201,9
677,41,0.077148,1.1475,0.43555,-0.356,14
677,41,0.079102,1.1738,0.4502,-0.356,44
677,41,0.080078,1.2002,0.46289,-0.356,78
677,41,0.082031,1.2256,0.47754,-0.356,90
677,41,0.083984,1.248,0.49902,-0.356,68
677,41,0.042969,1.2656,0.54102,-0.356,28
677,41,0,1.1533,0.80469,-0.356,10
677,41,0,1.2217,0.75293,-0.356,12
677,41,-0.38477,0.97559,-0.64258,0,4
677,41,-0.085938,0.46973,1.291,0.356,8
677,41,-0.13184,0.6416,1.2441,0.356,9
677,41,-0.089844,0.90723,1.1084,0.356,9
677,41,-0.091797,1.001,1.0654,0.356,6
677,41,-0.42285,0.69434,-0.92285,-0.71201,4
677,41,-0.38477,0.86523,-0.78613,-0.356,8
677,41,0.43945,1.3057,-0.2793,-0.356,8
677,41,0.49316,1.3232,-0.25781,-0.356,10
678,64,0,0.95605,0.67676,0,4
678,64,0,1.0205,0.63184,0,11
678,64,0,1.0645,0.61719,0,18
678,64,0,1.083,0.64258,0,21
678,64,0.080078,1.1494,0.57617,0,18
678,64,0.16504,1.2344,0.43262,0,17
678,64,0.21094,1.2549,0.44336,0,13
678,64,0.17578,1.3711,0.25488,0,11
678,64,0.17969,1.3936,0.29395,0,18
678,64,0.1377,1.4268,0.30078,0,18
678,64,0.18652,1.4463,0.32227,0,14
678,64,0.19043,1.4619,0.38086,0,8
678,64,0.20605,2.0479,0.7666,0,10
678,64,0.27832,2.0723,0.76465,0,11
678,64,0.28223,2.0918,0.79492,0,9
678,64,0,1.0078,0.70508,0.356,8
678,64,0.15723,1.1455,0.49902,0.356,16
678,64,0.20117,1.2168,0.37207,0.356,36
678,64,0.20605,1.2529,0.35156,0.356,51
678,64,0.21094,1.2646,0.41504,0.356,44
678,64,0.17188,1.2637,0.51855,0.356,27
678,64,0.17578,1.3418,0.38086,0.356,42
678,64,0.17969,1.3779,0.36035,0.356,55
678,64,0.1377,1.4082,0.37891,0.356,50
678,64,0.13965,1.4297,0.41016,0.356,35
678,64,0.20117,1.2197,0.3623,0.71201,11
678,64,0.20605,1.2412,0.39355,0.71201,16
678,64,0.16797,1.25,0.47461,0.71201,14
678,64,0.17188,1.2715,0.49902,0.71201,9
678,64,0.13184,1.3301,0.43555,0.71201,14
678,64,0.13477,1.3643,0.4248,0.71201,21
678,64,0.1377,1.3887,0.44336,0.71201,22
678,64,0.18652,1.3916,0.50977,0.71201,18
678,64,0.14258,1.4277,0.51074,0.71201,10
678,64,0,0.95605,0.77344,-2.492,8
678,64,0.039063,0.95898,0.81543,-2.492,10
678,64,0.040039,0.95508,0.86426,-2.492,10
678,64,0.036133,1.0723,0.46973,-2.136,8
678,64,0.037109,1.082,0.51855,-2.136,17
678,64,0.038086,1.1016,0.5459,-2.136,24
678,64,0.039063,1.1211,0.57129,-2.136,23
678,64,0.040039,1.1299,0.61816,-2.136,16
678,64,0.12402,1.083,0.74023,-2.136,8
678,64,0,1.04,0.53906,-1.78,11
678,64,0.037109,1.0908,0.50098,-1.78,31
678,64,0.038086,1.125,0.49609,-1.78,50
678,64,0.039063,1.1514,0.50879,-1.78,55
678,64,0.040039,1.1816,0.51367,-1.78,41
678,64,0,1.2139,0.51367,-1.78,20
678,64,0.036133,1.084,0.35742,-1.424,7
678,64,0.036133,1.085,0.43945,-1.424,43
678,64,0.037109,1.1084,0.45996,-1.424,116
678,64,0.038086,1.1357,0.46973,-1.424,193
678,64,0.039063,1.1631,0.48145,-1.424,215
678,64,0.040039,1.1904,0.49121,-1.424,162
678,64,0.041016,1.2236,0.48828,-1.424,80
678,64,0,1.2646,0.46484,-1.424,22
678,64,0,1.0742,0.3877,-1.068,8
678,64,0,1.0713,0.47461,-1.068,52
678,64,0.037109,1.0918,0.49902,-1.068,145
678,64,0.038086,1.1191,0.50977,-1.068,239
678,64,0,1.1514,0.51074,-1.068,260
678,64,0,1.1787,0.52051,-1.068,196
678,64,0.041016,1.208,0.52539,-1.068,97
679,64,0.24121,1.2637,0.080078,0,11
679,64,0.16504,1.3027,0.11719,0,15
679,64,0.16797,1.3252,0.17188,0,16
679,64,0.12891,1.3672,0.089844,0,16
679,64,0.087891,1.4023,0.032227,0,15
679,64,0.044922,1.4199,0.20117,0,14
679,64,0.045898,1.4307,0.30762,0,13
679,64,0.046875,1.4658,0.2832,0,10
679,64,0.19238,1.2148,-0.016602,0.356,11
679,64,0.23633,1.2373,-0.0048828,0.356,28
679,64,0.20117,1.2725,0.038086,0.356,45
679,64,0.20605,1.3008,0.0625,0.356,55
679,64,0.16797,1.333,0.098633,0.356,57
679,64,0.12891,1.3633,0.13965,0.356,58
679,64,0.087891,1.3906,0.18848,0.356,58
679,64,0.089844,1.4043,0.28125,0.356,50
679,64,0.091797,1.4072,0.39453,0.356,37
679,64,0.13965,1.4414,0.36426,0.356,24
679,64,0.19727,1.2305,0.18555,0.71201,8
679,64,0.20117,1.2705,0.083984,0.71201,14
679,64,0.20605,1.2979,0.097656,0.71201,17
679,64,0.16797,1.3281,0.14746,0.71201,18
679,64,0.085938,1.3584,0.20508,0.71201,19
679,64,0.043945,1.3857,0.23145,0.71201,20
679,64,0.044922,1.3789,0.39355,0.71201,18
679,64,0.091797,1.4004,0.41992,0.71201,15
679,64,0.09375,1.4229,0.44336,0.71201,10
679,64,0,0.83691,0.4834,-3.204,7
679,64,0,0.88086,0.39746,-2.492,7
679,64,0,0.9248,0.36914,-2.492,12
679,64,0,0.95313,0.37695,-2.492,18
679,64,0,0.97168,0.40918,-2.492,22
679,64,0,0.99121,0.4375,-2.492,20
679,64,0.069336,1.0195,0.44043,-2.492,14
679,64,0,0.9209,0.37891,-2.136,9
679,64,0,0.93164,0.42871,-2.136,14
679,64,0,0.9541,0.44824,-2.136,17
679,64,0,0.98535,0.45215,-2.136,15
679,64,0,0.99805,0.49316,-2.136,10
679,64,0.20898,2.9697,1.5127,-2.136,4
679,64,0,3.0371,1.3154,-1.78,4
679,64,0,2.7725,1.8604,-1.78,5
679,64,0,2.8916,1.6699,-1.424,3
679,64,-0.35156,0.26953,-1.334,-1.068,6
679,64,0.24121,1.2617,-0.10254,-0.71201,7
679,64,0.20605,1.3018,-0.0097656,-0.71201,7
679,64,0,1.334,0.18555,-0.71201,7
679,64,-0.25781,0.64551,-1.1875,-0.71201,10
679,64,-0.30762,0.4248,-1.3047,-0.71201,15
679,64,-0.26953,0.35938,-1.3633,-0.71201,16
679,64,-0.32031,0.19824,-1.415,-0.71201,11
679,64,0.23047,1.1855,-0.23145,-0.356,7
679,64,0.23633,1.2314,-0.11523,-0.356,18
679,64,0.24121,1.2627,-0.085938,-0.356,28
679,64,0.20605,1.3018,-0.0078125,-0.356,30
679,64,0.12598,1.333,0.14941,-0.356,31
679,64,0.042969,1.3604,0.20508,-0.356,34
679,64,0.043945,1.3789,0.27246,-0.356,32
679,64,0.044922,1.3281,0.54102,-0.356,23
679,64,0.091797,1.3174,0.63281,-0.356,11
679,64,0.087891,1.3398,0.41797,-1.068,5
679,64,0.54688,0.56152,-1.0957,-0.71201,4
679,64,0.47363,0.83887,-0.98438,-0.71201,8
679,64,0.43945,1.0762,-0.79004,-0.71201,11
680,64,-0.098633,0.78223,0.054688,0,9
680,64,-0.10254,0.80957,0.081055,0,15
680,64,-0.080078,0.84082,0.092773,0,18
680,64,-0.082031,0.86621,0.12012,0,16
680,64,0,0.87598,0.24023,0,11
680,64,-0.3623,0.18848,1.2227,0,20
680,64,-0.37109,0,1.2676,0,37
680,64,-0.33691,0.40332,1.2402,0,47
680,64,-0.34375,0.44629,1.2559,0,41
680,64,-0.30762,0.55078,1.2568,0,24
680,64,0.3584,1.3887,-0.039063,0,14
680,64,0.36621,1.417,-0.058594,0,11
680,64,-0.11914,0.74316,0.11523,0.356,9
680,64,-0.098633,0.7793,0.087891,0.356,24
680,64,-0.10254,0.80859,0.086914,0.356,37
680,64,-0.080078,0.84082,0.087891,0.356,41
680,64,-0.082031,0.87012,0.086914,0.356,32
680,64,-0.084961,0.89648,0.11426,0.356,17
680,64,0.19727,1.2266,-0.20508,0.356,26
680,64,0.24121,1.2402,-0.25488,0.356,35
680,64,0.24707,1.2598,-0.2998,0.356,34
680,64,0.29492,1.2373,-0.44531,0.356,30
680,64,0.38672,1.1855,-0.58301,0.356,31
680,64,0.39551,1.2197,-0.57617,0.356,33
680,64,0.44824,1.293,-0.43359,0.356,31
680,64,0.45801,1.3604,-0.28906,0.356,30
680,64,0.41992,1.4268,-0.1377,0.356,28
680,64,-0.094727,0.75195,0.078125,0.71201,10
680,64,-0.12402,0.77539,0.09668,0.71201,22
680,64,-0.077148,0.80957,0.10449,0.71201,32
680,64,-0.10645,0.83496,0.11426,0.71201,32
680,64,-0.10938,0.86426,0.11621,0.71201,21
680,64,-0.11328,0.89063,0.13379,0.71201,10
680,64,0.20117,1.2627,-0.16113,0.71201,10
680,64,0.20605,1.2783,-0.24707,0.71201,10
680,64,0.25293,1.2686,-0.37695,0.71201,9
680,64,0.34375,1.1914,-0.59668,0.71201,11
680,64,0.39551,1.207,-0.60254,0.71201,12
680,64,-0.12402,0.76953,0.13477,1.068,8
680,64,-0.15332,0.80176,0.073242,1.068,10
680,64,-0.15918,0.83105,-0.072266,1.068,9
680,64,-0.1377,0.85059,-0.17383,1.068,9
680,64,-0.11328,0.89453,-0.10645,1.068,10
680,64,-0.11719,0.92285,-0.11328,1.068,8
680,64,0,1.3555,0.37207,1.068,9
680,64,0,1.4072,0.2832,1.068,9
680,64,-0.12793,0.80957,-0.014648,1.424,10
680,64,-0.13281,0.83887,-0.010742,1.424,14
680,64,-0.10938,0.87207,0.012695,1.424,16
680,64,-0.1416,0.89648,-0.0087891,1.424,13
680,64,-0.087891,0.93359,0,1.424,8
680,64,0,1.3076,0.43066,1.424,5
680,64,0,1.335,0.43945,1.424,7
680,64,0,1.3828,0.38574,1.424,7
680,64,-0.28223,0.90332,0.875,-1.068,12
680,64,-0.24707,1.0566,0.74805,-1.068,23
680,64,-0.25293,1.1143,0.71387,-1.068,29
680,64,-0.21484,1.2012,0.63672,-1.068,28
680,64,-0.21973,1.2676,0.56641,-1.068,20
680,64,0,0.82617,0.19727,-0.71201,8
680,64,-0.027344,0.87207,0.10742,-0.71201,12
680,64,0,0.90234,0.10059,-0.71201,12
680,64,0,0.92773,0.13281,-0.71201,8
680,64,-0.27539,0.65039,1.043,-0.71201,17
681,64,0,1.25,0.15137,0,11
681,64,0,1.2744,0.19043,0,21
681,64,0,1.2832,0.30176,0,28
681,64,0,1.3076,0.32324,0,26
681,64,0.085938,1.373,0.048828,0,25
681,64,0.13184,1.3984,-0.046875,0,28
681,64,0.044922,1.4004,-0.31152,0,20
681,64,0.45801,1.3242,-0.42676,0,12
681,64,0.37305,1.4424,-0.10938,0,12
681,64,0.038086,1.2295,-0.018555,0.356,8
681,64,0.11816,1.2529,-0.054688,0.356,16
681,64,0.16113,1.2529,-0.25488,0.356,18
681,64,-0.41211,0.13184,1.2451,0.356,21
681,64,-0.4209,0.35449,1.2295,0.356,32
681,64,0.042969,1.3477,-0.27832,0.356,39
681,64,0,1.3486,-0.39648,0.356,46
681,64,0.44824,1.3633,-0.029297,0.356,47
681,64,0.50293,1.3574,-0.21973,0.356,39
681,64,0,1.2578,0.064453,0.71201,8
681,64,0,1.2881,-0.044922,0.71201,9
681,64,-0.28809,0.66113,1.1035,0.71201,10
681,64,-0.4209,0.29883,1.2441,0.71201,14
681,64,-0.47363,0,1.3418,0.71201,14
681,64,0,1.3809,-0.2627,0.71201,14
681,64,0.44824,1.3496,-0.19336,0.71201,15
681,64,0,2.166,-0.078125,1.424,7
681,64,0.068359,2.1953,-0.041992,1.424,9
681,64,0,2.2207,-0.14941,1.424,7
681,64,0,2.166,-0.085938,1.78,6
681,64,0,2.1963,-0.033203,1.78,7
681,64,0,2.2256,0,1.78,6
681,64,-0.067383,1.04,-0.29492,2.136,7
681,64,-0.13574,1.0068,-0.37793,2.492,7
681,64,0,1.2334,0.37305,-0.71201,10
681,64,0.041016,1.2939,0.24512,-0.71201,19
681,64,0,1.3242,0.24609,-0.71201,20
681,64,0,1.3154,0.40625,-0.71201,15
681,64,0.30762,1.3721,0.019531,-0.71201,12
681,64,0.31348,1.3994,0.057617,-0.71201,9
681,64,0.26953,1.1943,-0.12012,-0.356,7
681,64,0.31445,1.1123,-0.50098,-0.356,12
681,64,0,1.2275,0.39258,-0.356,29
681,64,0,1.2715,0.34668,-0.356,49
681,64,0,1.2988,0.3584,-0.356,55
681,64,-0.085938,1.2188,0.63379,-0.356,43
681,64,0.35156,1.3535,0.14648,-0.356,44
681,64,0.3584,1.3818,0.14941,-0.356,36
681,64,-0.38672,0.60352,1.1748,0,18
681,64,-0.43945,0.47852,1.2471,0,16
681,64,-0.045898,0.98047,-1.0869,0,10
681,64,0.4668,1.4043,-0.20605,0,12
681,64,0.12402,1.2139,-0.49805,0.356,17
681,64,0.083984,1.3164,-0.27539,0.356,28
681,64,-0.43066,0.38281,1.25,0.356,34
681,64,0.39551,1.3486,0.041992,0.356,39
681,64,0,1.3184,-0.56641,0.356,43
681,64,-0.045898,1.21,-0.82422,0.356,34
681,64,0.12598,1.2949,-0.35059,0.71201,9
681,64,0.085938,1.3711,-0.085938,0.71201,13
681,64,0.39551,1.334,-0.2002,0.71201,11
681,64,-0.044922,1.3389,-0.51465,0.71201,14
681,64,0.74512,0.77734,1.8809,1.424,4
681,64,0.82422,1.0674,1.7344,1.424,5
681,64,0.83496,1.3848,1.5293,1.424,4
682,64,0,1.2578,-0.069336,0,14
682,64,0,1.2637,-0.25098,0,33
682,64,-0.041016,1.25,-0.41602,0,46
682,64,-0.041992,1.2051,-0.60156,0,44
682,64,0.30078,1.1523,0.69043,0,31
682,64,0.26367,1.2764,0.52734,0,28
682,64,0.17969,1.3682,0.39551,0,23
682,64,0.091797,1.4199,0.3457,0,16
682,64,0.09375,1.4346,0.40723,0,9
682,64,0,1.2588,-0.039063,0.356,34
682,64,0.040039,1.2881,0.016602,0.356,86
682,64,0.041016,1.3174,0.020508,0.356,135
682,64,0.083984,1.3438,0.037109,0.356,145
682,64,0.085938,1.374,0.013672,0.356,112
682,64,0.13184,1.3994,-0.024414,0.356,65
682,64,0.089844,1.4209,-0.17871,0.356,33
682,64,0,1.2588,-0.025391,0.71201,24
682,64,0,1.2881,-0.032227,0.71201,61
682,64,0,1.3174,-0.03125,0.71201,98
682,64,0.041992,1.3467,-0.026367,0.71201,108
682,64,0.042969,1.375,-0.048828,0.71201,83
682,64,0.043945,1.4014,-0.10352,0.71201,45
682,64,0.089844,1.4209,-0.17969,0.71201,19
682,64,0,1.1621,-0.40332,1.068,6
682,64,0,1.2383,-0.22852,1.068,17
682,64,0,1.2744,-0.18945,1.068,33
682,64,0,1.3096,-0.15234,1.068,41
682,64,0,1.3408,-0.13184,1.068,37
682,64,0,1.3701,-0.13672,1.068,23
682,64,0,1.3965,-0.15918,1.068,9
682,64,0.33301,2.5967,-0.49902,1.068,7
682,64,0.4209,2.5869,-0.62695,1.068,8
682,64,0,1.21,-0.35059,1.424,12
682,64,0,1.2275,-0.39063,1.424,22
682,64,0,1.2461,-0.42871,1.424,27
682,64,0,1.2754,-0.43555,1.424,25
682,64,0,1.3018,-0.44922,1.424,17
682,64,-0.043945,1.335,-0.43945,1.424,9
682,64,0.25,2.6143,-0.45801,1.424,6
682,64,0.33691,2.6426,-0.4082,1.424,7
682,64,0,1.2129,-0.20313,1.78,9
682,64,0,1.2314,-0.2627,1.78,23
682,64,0,1.2549,-0.29297,1.78,40
682,64,0,1.2813,-0.30859,1.78,49
682,64,-0.041992,1.3027,-0.3418,1.78,42
682,64,0,1.3389,-0.31934,1.78,26
682,64,0,1.3545,-0.37793,1.78,12
682,64,0,1.2314,-0.26465,2.136,8
682,64,0,1.2588,-0.27637,2.136,12
682,64,0,1.2764,-0.3291,2.136,13
682,64,0,1.3047,-0.33691,2.136,11
682,64,0,1.333,-0.34375,2.136,7
682,64,0.20117,1.2197,0.3623,-0.71201,14
682,64,0.24707,1.2549,0.31836,-0.71201,26
682,64,0.25293,1.291,0.29199,-0.71201,35
682,64,0.25781,1.3291,0.24805,-0.71201,35
682,64,0.21973,1.3809,0.15039,-0.71201,29
682,64,0.17969,1.4229,0.045898,-0.71201,21
682,64,0.1377,1.458,-0.014648,-0.71201,15
682,64,0.09375,1.4902,-0.03418,-0.71201,9
682,64,0.15332,1.2119,-0.1416,-0.356,9
682,64,0.19727,1.2266,0.20801,-0.356,22
682,64,0.20117,1.1914,0.44824,-0.356,44
682,64,0.24707,1.2285,0.40723,-0.356,75
683,64,0.19238,1.2148,-0.023438,0,11
683,64,0.19727,1.2412,-0.079102,0,21
683,64,0.20117,1.2686,-0.099609,0,27
683,64,0.20605,1.29,-0.17676,0,25
683,64,0.12598,1.3154,-0.2627,0,25
683,64,0.085938,1.3428,-0.29199,0,50
683,64,0.087891,1.3779,-0.2666,0,87
683,64,0.089844,1.4102,-0.24902,0,100
683,64,0.091797,1.4424,-0.23438,0,81
683,64,0.09375,1.4717,-0.24023,0,44
683,64,0.094727,1.501,-0.23828,0,15
683,64,0.1875,1.1855,-0.047852,0.356,13
683,64,0.19238,1.2148,-0.014648,0.356,42
683,64,0.23633,1.2373,-0.023438,0.356,82
683,64,0.20117,1.2725,-0.035156,0.356,107
683,64,0.20605,1.2998,-0.071289,0.356,94
683,64,0.25293,1.293,-0.28418,0.356,45
683,64,0.085938,1.3604,-0.19434,0.356,75
683,64,0.087891,1.3877,-0.20605,0.356,159
683,64,0.089844,1.4141,-0.22656,0.356,195
683,64,0.091797,1.4414,-0.24414,0.356,158
683,64,0.09375,1.4678,-0.2627,0.356,88
683,64,0.094727,1.4961,-0.27051,0.356,30
683,64,0.19238,1.2148,-0.0087891,0.71201,11
683,64,0.19727,1.2441,0.020508,0.71201,21
683,64,0.20117,1.2725,-0.015625,0.71201,28
683,64,0.16504,1.3027,-0.11426,0.71201,26
683,64,0.083984,1.2979,-0.35059,0.71201,16
683,64,0.12891,1.3623,-0.15039,0.71201,39
683,64,0.043945,1.3945,-0.17578,0.71201,81
683,64,0.089844,1.4219,-0.17285,0.71201,105
683,64,0.091797,1.4492,-0.19238,0.71201,88
683,64,0.046875,1.4766,-0.22363,0.71201,51
683,64,0.047852,1.502,-0.25,0.71201,19
683,64,0.11816,1.2529,0.049805,1.068,5
683,64,0.16113,1.2773,0.044922,1.068,7
683,64,-0.12598,1.3027,-0.32129,1.068,8
683,64,0,1.3457,-0.28906,1.068,14
683,64,0,1.377,-0.28613,1.068,17
683,64,0,1.4033,-0.30176,1.068,16
683,64,0,1.4219,-0.35156,1.068,12
683,64,0,1.4482,-0.36523,1.068,8
683,64,0.19727,1.2314,-0.17969,-1.068,7
683,64,0.16113,1.2617,-0.20996,-1.068,8
683,64,0.16504,1.2656,-0.3291,-1.068,7
683,64,0.23047,1.2002,-0.13574,-0.71201,18
683,64,0.23633,1.2295,-0.13477,-0.71201,35
683,64,0.24121,1.2549,-0.16504,-0.71201,45
683,64,0.24707,1.2783,-0.20508,-0.71201,40
683,64,0.21094,1.2949,-0.30566,-0.71201,22
683,64,0.1875,1.1836,-0.083008,-0.356,18
683,64,0.23047,1.2051,-0.092773,-0.356,60
683,64,0.19727,1.2393,-0.10645,-0.356,117
683,64,0.24121,1.2598,-0.12402,-0.356,153
683,64,0.24707,1.2842,-0.16504,-0.356,134
683,64,0.21094,1.3066,-0.25391,-0.356,77
683,64,0.25781,1.2881,-0.41113,-0.356,27
683,64,0.043945,1.3779,-0.27344,-0.356,8
683,64,0.089844,1.4053,0.27734,-0.356,14
683,64,0.091797,1.3955,0.43359,-0.356,15
683,64,-0.52344,0.60547,1.2959,0,8
683,64,-0.47559,0.70117,1.2656,0.356,17
683,64,-0.51367,0.55273,1.2891,0.71201,26
683,64,-0.52344,0.69141,1.252,0.71201,11
684,53,0.15723,1.2451,0.10645,0,4
684,53,0.16113,1.2764,0.081055,0,6
684,53,0.20605,1.3018,0.022461,0,7
684,53,0.21094,1.3301,0.037109,0,7
684,53,0.042969,1.3711,-0.10938,0,7
684,53,0,1.3906,-0.20703,0,9
684,53,0.18652,1.2383,-0.81445,0,7
684,53,0.047852,1.3691,-0.66602,0,10
684,53,0.048828,1.4443,-0.56738,0,10
684,53,0.19238,1.2129,-0.075195,0.356,13
684,53,0.23633,1.2373,-0.0029297,0.356,25
684,53,0.24121,1.2656,0.041992,0.356,34
684,53,0.24707,1.29,0.1123,0.356,34
684,53,0.25293,1.293,0.28125,0.356,24
684,53,-0.17188,1.2188,-0.61621,0.356,12
684,53,0,1.3447,-0.40918,0.356,22
684,53,0.13477,1.4111,-0.22363,0.356,34
684,53,0.22852,1.4404,-0.13574,0.356,32
684,53,0.28027,1.4668,0.010742,0.356,18
684,53,-0.047852,1.3213,-0.75586,0.356,15
684,53,0,1.4746,-0.48535,0.356,16
684,53,0.19727,1.2441,0,0.71201,7
684,53,0.16113,1.2715,0.13184,0.71201,9
684,53,0.16504,1.2861,0.2373,0.71201,9
684,53,0.089844,1.4111,-0.24414,0.71201,9
684,53,0.22852,1.4463,0.040039,0.71201,7
684,53,0,1.4219,-0.54492,0.71201,8
684,53,0,1.4746,-0.48535,0.71201,8
684,53,0.23633,1.2324,-0.10352,-0.71201,9
684,53,0.20117,1.2676,-0.12012,-0.71201,12
684,53,0.28809,1.2861,-0.0058594,-0.71201,13
684,53,0.25293,1.3154,0.14941,-0.71201,10
684,53,0.26953,1.3447,-0.42285,-0.71201,9
684,53,0.27441,1.3809,-0.40234,-0.71201,11
684,53,0.2334,1.3652,-0.55957,-0.71201,8
684,53,0.23047,1.2021,-0.125,-0.356,16
684,53,0.23633,1.2344,-0.079102,-0.356,31
684,53,0.24121,1.2656,-0.020508,-0.356,43
684,53,0.24707,1.2939,0.02832,-0.356,44
684,53,0.25293,1.3154,0.14355,-0.356,34
684,53,0.25781,1.3086,0.3418,-0.356,15
684,53,0.21973,1.3516,-0.31934,-0.356,12
684,53,0.26953,1.3682,-0.3418,-0.356,33
684,53,0.27441,1.3955,-0.34863,-0.356,40
684,53,0.28027,1.4121,-0.39746,-0.356,30
684,53,0.57617,1.9531,0.23633,-0.356,6
684,53,0.64941,1.9609,0.23535,-0.356,10
684,53,0.59277,2.0205,0.10645,-0.356,10
684,53,0.53418,2.0654,0.1416,-0.356,6
684,53,0.30078,1.1533,0.68848,0.356,9
684,53,-0.28027,1.0313,-1.0439,0.356,10
684,53,-0.25781,1.0225,-0.88477,-0.356,10
684,53,-0.21973,0.85156,-1.0967,-0.356,8
712,3,0.21094,1.293,0.31641,-0.356,5
712,3,0.21484,1.3086,0.36816,-0.356,5
712,3,0.30078,1.3047,0.32031,-0.356,5
716,15,0,1.1416,0.65918,0,4
716,15,0.080078,1.2051,0.44922,0.356,6
716,15,0,1.2598,0.38574,0.356,6
716,15,0,1.3047,0.33691,0.356,6
716,15,0.085938,1.3213,0.375,0.356,6
716,15,0.13184,1.3389,0.40723,0.356,6
716,15,0,1.1328,0.55078,-0.356,5
716,15,0.080078,1.1963,0.47363,-0.356,11
716,15,0.041016,1.2539,0.4043,-0.356,14
716,15,0.041992,1.2705,0.44531,-0.356,12
716,15,0.085938,1.3086,0.41895,-0.356,10
716,15,0.13184,1.3184,0.4707,-0.356,9
716,15,0.13477,1.3672,0.41602,-0.356,7
716,15,-0.39355,0.97852,-0.68848,-0.356,4
716,15,-0.44336,0.90332,-0.80469,-0.356,6
717,43,0.038086,1.1279,0.49023,0,14
717,43,0.079102,1.1514,0.50293,0,31
717,43,0.040039,1.1846,0.50684,0,44
717,43,0.041016,1.208,0.52441,0,44
717,43,0.083984,1.2354,0.53027,0,32
717,43,0.085938,1.2793,0.50195,0,19
717,43,0.087891,1.3164,0.48633,0,11
717,43,0.044922,1.3838,0.37695,0,6
717,43,0.080078,1.252,0.29297,0.356,7
717,43,0.082031,1.2334,0.45605,0.356,8
717,43,0.34375,1.3115,-0.23633,0.356,8
717,43,0.35156,1.3545,-0.13379,0.356,12
717,43,0.40332,1.3633,-0.19727,0.356,12
717,43,0.41211,1.3867,-0.22656,0.356,9
717,43,0.083984,1.2197,0.56641,-1.068,13
717,43,0.085938,1.2139,0.64355,-1.068,15
717,43,0.087891,1.2451,0.64648,-1.068,12
717,43,0.11523,1.1631,0.38184,-0.71201,13
717,43,0.079102,1.1885,0.4082,-0.71201,28
717,43,0.080078,1.21,0.43555,-0.71201,41
717,43,0.041016,1.2432,0.4375,-0.71201,42
717,43,0.041992,1.2588,0.47852,-0.71201,32
717,43,0,1.1924,0.68848,-0.71201,20
717,43,0,1.1016,0.87305,-0.71201,11
717,43,0.077148,1.1484,0.43359,-0.356,27
717,43,0.079102,1.1699,0.45996,-0.356,61
717,43,0.080078,1.2012,0.45898,-0.356,88
717,43,0.082031,1.2246,0.47949,-0.356,89
717,43,0.041992,1.2598,0.47461,-0.356,64
717,43,0.042969,1.2607,0.55078,-0.356,36
717,43,0,1.2568,0.62891,-0.356,20
717,43,0,1.1689,0.83203,-0.356,14
717,43,0,1.1387,0.9209,-0.356,10
717,43,0.14648,2.1572,0.90332,-0.356,11
717,43,-0.085938,0.27832,-1.3457,0.356,7
717,43,-0.13184,0.60645,1.2617,0.356,8
717,43,-0.089844,0.7832,1.1992,0.356,9
717,43,-0.045898,0.9668,1.0986,0.356,9
717,43,-0.38477,0.87988,-0.76855,-0.71201,7
717,43,-0.38477,0.83105,-0.82129,-0.356,14
717,43,0.52734,1.2598,-0.33594,-0.356,13
717,43,0.49316,1.2676,-0.45801,-0.356,13
717,43,0.50293,1.334,-0.33594,-0.356,10
718,64,0,1.0205,0.63379,0,6
718,64,0.038086,1.1006,0.54688,0,9
718,64,0.11816,1.208,0.33398,0,9
718,64,0.16113,1.2783,-0.0087891,0,8
718,64,0.24707,1.292,0.082031,0,11
718,64,0.16797,1.3252,0.17578,0,13
718,64,0.12891,1.3584,0.18262,0,16
718,64,0.087891,1.3916,0.17578,0,15
718,64,0.089844,1.416,0.21484,0,10
718,64,0.09375,1.4414,0.37891,0,8
718,64,0.094727,1.4854,0.32129,0,9
718,64,0.09668,1.5166,0.31543,0,6
718,64,0.27441,2.0322,0.78613,0,8
718,64,0.34766,2.0957,0.66602,0,10
718,64,0.35254,2.0605,0.84668,0,9
718,64,0.14258,1.8525,1.3291,0,6
718,64,0.1875,1.167,0.20996,0.356,7
718,64,0.19238,1.2148,0.0029297,0.356,20
718,64,0.23633,1.2363,-0.032227,0.356,37
718,64,0.24121,1.2656,0.0097656,0.356,50
718,64,0.20605,1.2959,0.12793,0.356,55
718,64,0.21094,1.3145,0.20898,0.356,52
718,64,0.17188,1.3428,0.24805,0.356,36
718,64,0.13184,1.3691,0.29297,0.356,23
718,64,0.22461,1.377,0.33789,0.356,29
718,64,0.18262,1.4004,0.38672,0.356,25
718,64,0.18652,1.4258,0.40625,0.356,20
718,64,0.19043,1.4512,0.4209,0.356,17
718,64,0.19727,1.2432,0.033203,0.71201,11
718,64,0.20117,1.2705,0.080078,0.71201,15
718,64,0.20605,1.2871,0.19727,0.71201,16
718,64,0.16797,1.3105,0.2627,0.71201,15
718,64,0.12891,1.3281,0.33789,0.71201,11
718,64,0.09375,1.416,0.46582,0.71201,8
718,64,0.19043,1.4424,0.44922,0.71201,10
718,64,0.077148,1.04,0.65332,-2.492,12
718,64,0.079102,1.04,0.70605,-2.492,16
718,64,0.040039,1.0244,0.78027,-2.492,16
718,64,0.041016,1.0078,0.84863,-2.492,12
718,64,0,0.99805,0.90527,-2.492,6
718,64,0,1.0625,0.49414,-2.136,13
718,64,0.037109,1.0693,0.5459,-2.136,26
718,64,0.038086,1.083,0.58301,-2.136,35
718,64,0.079102,1.1025,0.60449,-2.136,36
718,64,0.080078,1.0781,0.70215,-2.136,27
718,64,0.041016,1.0801,0.75488,-2.136,15
718,64,0,1.0752,0.81152,-2.136,6
718,64,0.036133,1.0537,0.51074,-1.78,21
718,64,0.037109,1.0801,0.52246,-1.78,43
718,64,0.038086,1.1064,0.53613,-1.78,58
718,64,0.039063,1.1299,0.55566,-1.78,54
718,64,0.040039,1.1602,0.55859,-1.78,34
718,64,0.041016,1.2109,0.51953,-1.78,14
718,64,0.036133,1.0732,0.46875,-1.424,19
718,64,0.037109,1.0996,0.48047,-1.424,38
718,64,0.038086,1.1289,0.4873,-1.424,49
718,64,0.039063,1.1553,0.5,-1.424,44
718,64,0.040039,1.1846,0.50586,-1.424,27
718,64,0,1.1982,0.54785,-1.424,10
718,64,0.071289,1.0303,0.48828,-1.068,11
718,64,0.036133,1.0742,0.46582,-1.068,42
718,64,0.037109,1.1016,0.47656,-1.068,86
718,64,0.038086,1.1299,0.48535,-1.068,116
718,64,0.039063,1.1563,0.49805,-1.068,105
719,62,0.083984,1.2539,0.48438,0,18
719,62,0.085938,1.3203,0.37988,0,27
719,62,0.087891,1.3701,0.30078,0,28
719,62,0.13477,1.3994,0.28906,0,21
719,62,0.1377,1.4434,0.20801,0,11
719,62,0.19727,1.2354,-0.14941,0.356,8
719,62,0.28223,1.2559,0.05957,0.356,14
719,62,0.28809,1.2734,0.17676,0.356,26
719,62,0.21094,1.3066,0.25195,0.356,35
719,62,0.17188,1.3398,0.26367,0.356,37
719,62,0.17578,1.3838,0.17676,0.356,37
719,62,0.17969,1.4189,0.11426,0.356,34
719,62,0.1377,1.458,0.019531,0.356,27
719,62,0.046875,1.4902,-0.097656,0.356,17
719,62,0.20605,1.2891,0.18555,0.71201,7
719,62,0.25293,1.2969,0.26367,0.71201,10
719,62,0.17188,1.3301,0.31055,0.71201,10
719,62,0.13477,1.4229,0.13281,0.71201,9
719,62,0.22852,1.4258,0.24121,0.71201,9
719,62,0.32715,1.4092,0.37402,0.71201,8
719,62,0.064453,0.94824,0.38477,-2.848,10
719,62,0.098633,0.97266,0.39551,-2.848,12
719,62,0.03418,1.0039,0.40723,-2.848,9
719,62,0.064453,0.93945,0.40625,-2.492,11
719,62,0.06543,0.94531,0.46191,-2.492,14
719,62,0.10156,0.96094,0.49023,-2.492,11
719,62,0.032227,0.94922,0.38477,-2.136,10
719,62,0,0.98535,0.37598,-2.136,13
719,62,0,1,0.41699,-2.136,12
719,62,0,1.0488,0.37305,-2.136,8
719,62,0.063477,0.9502,1.7822,-2.136,12
719,62,0,1.1289,1.7109,-2.136,15
719,62,0,0.80469,-1.917,-2.136,13
719,62,0.033203,0.97656,0.39551,-1.78,8
719,62,0,0.99414,0.43066,-1.78,8
719,62,0.12891,1.3682,0.072266,-1.068,10
719,62,0.13184,1.3975,0.074219,-1.068,12
719,62,0.12598,1.333,0.14746,-0.71201,17
719,62,0.085938,1.3623,0.17773,-0.71201,18
719,62,0.087891,1.3691,0.30664,-0.71201,15
719,62,0.62793,0.23145,-1.2695,-0.71201,10
719,62,-0.11523,1.0107,0.69238,-0.356,6
719,62,0.23633,1.2373,-0.014648,-0.356,8
719,62,0.24121,1.2598,0.11914,-0.356,18
719,62,0.20605,1.29,0.17578,-0.356,35
719,62,0.16797,1.3242,0.18066,-0.356,55
719,62,0.12891,1.3604,0.16406,-0.356,65
719,62,0.087891,1.3945,0.15625,-0.356,59
719,62,0.089844,1.4268,0.125,-0.356,43
719,62,0.045898,1.4609,0.091797,-0.356,26
719,62,0.046875,1.4902,0.086914,-0.356,15
719,62,0.20605,2.1064,-0.58691,-0.356,10
719,62,-0.27539,0.58594,1.0801,0.356,6
719,62,-0.43066,0.1377,-1.3008,-1.068,8
719,62,-0.39551,0.57031,-1.2227,-1.068,10
719,62,0.64551,0.30078,-1.1787,-0.71201,11
719,62,0.61523,0.34863,-1.2148,-0.71201,12
719,62,-0.31348,0,-1.4023,-0.71201,9
719,62,0.30762,1.1846,-0.12598,-0.356,4
719,62,-0.15723,0.9082,0.8584,-0.356,6
719,62,0.54883,0.77832,1.1123,-0.356,14
719,62,0.56055,1.0449,0.9082,-0.356,8
720,64,-0.071289,0.75391,0.078125,0,5
720,64,-0.049805,0.78711,0.058594,0,11
720,64,-0.025391,0.81348,0.10352,0,17
720,64,0,0.84375,0.097656,0,19
720,64,0,0.87012,0.12402,0,18
720,64,0,0.89551,0.15039,0,11
720,64,-0.080078,1.2012,0.45898,0,17
720,64,0,1.2939,0.25,0,29
720,64,0,1.333,0.19727,0,42
720,64,0.042969,1.3613,0.2002,0,45
720,64,0.043945,1.3818,0.25781,0,36
720,64,0,1.3252,0.5498,0,20
720,64,0.45801,1.3848,-0.12891,0,16
720,64,0.37305,1.4463,-0.022461,0,14
720,64,-0.049805,0.78418,0.087891,0.356,10
720,64,-0.050781,0.8125,0.098633,0.356,14
720,64,0,0.8457,0.083984,0.356,11
720,64,0.30078,1.3428,0.044922,0.356,21
720,64,0.39551,1.3486,-0.026367,0.356,42
720,64,0.40332,1.376,-0.0625,0.356,60
720,64,0.41211,1.4033,-0.077148,0.356,62
720,64,0.4668,1.416,-0.083984,0.356,46
720,64,1.4512,0,1.6211,0.356,13
720,64,1.4756,0,1.6943,0.356,13
720,64,-0.049805,0.78906,-0.032227,0.71201,9
720,64,-0.077148,0.81543,-0.044922,0.71201,10
720,64,-0.10645,0.84082,-0.049805,0.71201,8
720,64,0.35156,1.3584,0.092773,0.71201,12
720,64,0.40332,1.377,0.043945,0.71201,18
720,64,0.41211,1.4053,0.020508,0.71201,20
720,64,0.41992,1.4336,0.019531,0.71201,15
720,64,-0.071289,0.75781,0.0068359,1.068,10
720,64,-0.074219,0.78711,0.032227,1.068,20
720,64,-0.077148,0.81641,0.011719,1.068,26
720,64,-0.080078,0.8457,0.013672,1.068,25
720,64,-0.082031,0.875,-0.0078125,1.068,17
720,64,-0.084961,0.90332,-0.036133,1.068,10
720,64,-0.094727,0.75488,0.040039,1.424,6
720,64,-0.098633,0.78418,0.036133,1.424,11
720,64,-0.10254,0.81348,0.010742,1.424,14
720,64,-0.080078,0.8457,0.010742,1.424,14
720,64,-0.10938,0.87109,-0.035156,1.424,11
720,64,-0.084961,0.9043,0,1.424,8
720,64,-0.20605,1.0898,0.71191,-1.068,9
720,64,-0.16797,1.2393,0.5,-1.068,11
720,64,-0.21484,1.3574,0.071289,-1.068,9
720,64,0,0.83789,0.14063,-0.71201,11
720,64,0,0.87012,0.12109,-0.71201,13
720,64,0,0.90234,0.10059,-0.71201,12
720,64,0,0.92676,0.13867,-0.71201,7
720,64,-0.20117,1.0166,0.7666,-0.71201,25
720,64,-0.16504,1.1748,0.57422,-0.71201,36
720,64,-0.083984,1.3086,0.31152,-0.71201,43
720,64,0,1.3682,0.15039,-0.71201,40
720,64,0.043945,1.4043,0.048828,-0.71201,28
720,64,0.13477,1.4287,0,-0.71201,16
720,64,0,0.81543,0.085938,-0.356,12
720,64,0,0.83887,0.13281,-0.356,23
720,64,0,0.87012,0.12012,-0.356,30
720,64,0,0.90137,0.11133,-0.356,27
720,64,0,0.93066,0.10742,-0.356,17
720,64,-0.16113,1.0889,0.66992,-0.356,32
720,64,-0.082031,1.2646,0.36133,-0.356,55
720,64,0,1.3359,0.17578,-0.356,77
721,64,0.079102,1.252,0.10742,0,5
721,64,0.080078,1.2773,0.14844,0,12
721,64,0.082031,1.3145,0.041016,0,21
721,64,0.083984,1.3379,-0.1377,0,28
721,64,0.042969,1.3174,-0.39648,0,28
721,64,0,1.3047,-0.52441,0,21
721,64,0,1.2197,-0.75586,0,12
721,64,0.28027,1.4648,0.079102,0,10
721,64,0.26953,1.2002,-0.012695,0.356,9
721,64,0.19727,1.2422,0.056641,0.356,27
721,64,0.20117,1.2676,0.11133,0.356,59
721,64,0.20605,1.2949,0.13184,0.356,91
721,64,0.16797,1.3311,0.125,0.356,103
721,64,0.17188,1.3604,0.12012,0.356,92
721,64,0.13184,1.3984,0.066406,0.356,62
721,64,0.044922,1.4346,0.0058594,0.356,33
721,64,0.20117,1.2695,0.09375,0.71201,17
721,64,0.20605,1.2939,0.14355,0.71201,29
721,64,0.12598,1.3408,0.037109,0.71201,36
721,64,0.12891,1.3701,0.043945,0.71201,36
721,64,0.087891,1.4023,-0.041016,0.71201,27
721,64,0,1.4287,-0.13574,0.71201,14
721,64,0.068359,2.1885,0.17285,1.424,8
721,64,0.067383,2.1563,0.21191,1.78,7
721,64,0.068359,2.1885,0.17285,1.78,8
721,64,0.069336,2.2051,0.29395,1.78,6
721,64,0,1.0361,-0.19727,2.492,5
721,64,0,1.0645,-0.20313,2.492,6
721,64,0,1.0771,-0.27832,2.492,5
721,64,-0.033203,1.0205,-0.26367,3.204,8
721,64,-0.067383,1.0361,-0.31055,3.204,8
721,64,-0.069336,1.0508,-0.3584,3.204,6
721,64,0.16504,1.3076,0.018555,-1.068,8
721,64,0.16797,1.335,0.071289,-1.068,9
721,64,0.17188,1.3643,0.058594,-1.068,7
721,64,0.15723,1.25,0,-0.71201,6
721,64,0.16113,1.2773,0.050781,-0.71201,14
721,64,0.20605,1.2969,0.1084,-0.71201,24
721,64,0.21094,1.3223,0.15039,-0.71201,27
721,64,0.21484,1.3447,0.19824,-0.71201,22
721,64,0.17578,1.3633,0.2959,-0.71201,12
721,64,0.19238,1.2119,-0.089844,-0.356,9
721,64,0.19727,1.2441,0.0097656,-0.356,30
721,64,0.20117,1.2715,0.067383,-0.356,63
721,64,0.20605,1.2959,0.12402,-0.356,95
721,64,0.21094,1.3203,0.16699,-0.356,106
721,64,0.21484,1.3447,0.19824,-0.356,85
721,64,0.21973,1.3643,0.25781,-0.356,54
721,64,0.13477,1.3887,0.33594,-0.356,29
721,64,0.091797,1.373,0.50098,-0.356,21
721,64,0.49316,0.95215,-0.9541,0,7
721,64,-0.28027,0.6084,-1.335,0,6
721,64,-0.19238,0.5332,1.0918,0.356,6
721,64,-0.23633,0,1.2568,0.356,15
721,64,-0.24121,0.38477,-1.2061,0.356,31
721,64,-0.28809,0.56934,-1.1533,0.356,51
721,64,-0.29492,0.69531,-1.1162,0.356,64
721,64,-0.30078,0.79492,-1.083,0.356,60
721,64,-0.30762,0.88574,-1.0469,0.356,40
721,64,0.53809,0,1.334,0.356,22
721,64,-0.28223,0.43262,-1.1807,0.71201,11
721,64,-0.28809,0.61133,-1.1318,0.71201,19
721,64,-0.29492,0.73438,-1.0908,0.71201,25
721,64,-0.34375,0.7373,-1.1104,0.71201,24
722,64,0.077148,1.2275,-0.015625,0,9
722,64,0.079102,1.2568,-0.019531,0,29
722,64,0.080078,1.2861,0.013672,0,58
722,64,0.082031,1.3154,0.029297,0,80
722,64,0.12598,1.3398,0.057617,0,77
722,64,0.085938,1.3711,0.081055,0,53
722,64,0.087891,1.3955,0.14941,0,25
722,64,0.044922,1.4023,0.30176,0,10
722,64,0.091797,1.4063,0.39941,0,7
722,64,0.23047,1.208,0.010742,0.356,11
722,64,-0.079102,1.1211,-0.56934,0.356,32
722,64,0,1.2275,-0.39063,0.356,69
722,64,-0.041016,1.2646,-0.36914,0.356,99
722,64,0,1.3135,-0.29785,0.356,92
722,64,0,1.3535,-0.25293,0.356,56
722,64,0.21973,1.3447,0.34473,0.356,26
722,64,0.17969,1.3867,0.32422,0.356,18
722,64,-1.8154,0.35059,-0.30566,0.356,9
722,64,0.15723,0.74707,1.001,0.71201,9
722,64,0,1.2646,0.24902,0.71201,35
722,64,0.041016,1.3135,0.10645,0.71201,71
722,64,0,1.3477,0.0039063,0.71201,84
722,64,0.042969,1.376,-0.033203,0.71201,66
722,64,0,1.4014,-0.1084,0.71201,31
722,64,0,1.4033,-0.30176,0.71201,7
722,64,1.7871,0.36816,-0.27148,0.71201,8
722,64,1.8154,0.28711,-0.36523,0.71201,8
722,64,1.8447,0.31738,-0.34961,0.71201,6
722,64,0,1.1885,-0.31641,1.068,28
722,64,0,1.2188,-0.31543,1.068,70
722,64,0,1.248,-0.32031,1.068,110
722,64,0,1.2764,-0.32813,1.068,122
722,64,0,1.3047,-0.33691,1.068,91
722,64,0,1.3369,-0.32813,1.068,45
722,64,0,1.377,-0.2832,1.068,16
722,64,0.3291,2.5586,-0.54004,1.068,7
722,64,0.33301,2.6094,-0.42773,1.068,11
722,64,0.33691,2.6211,-0.52441,1.068,12
722,64,0.34082,2.6475,-0.54102,1.068,10
722,64,0,1.2041,-0.25098,1.424,23
722,64,0,1.2363,-0.23828,1.424,61
722,64,0,1.2676,-0.23438,1.424,106
722,64,0,1.2959,-0.24121,1.424,129
722,64,0,1.3232,-0.25293,1.424,108
722,64,0,1.3535,-0.24902,1.424,64
722,64,0,1.375,-0.29102,1.424,25
722,64,0.25,2.627,-0.37402,1.424,9
722,64,0.33691,2.624,-0.51074,1.424,11
722,64,0.34082,2.6523,-0.51953,1.424,9
722,64,0.038086,1.2256,-0.09668,1.78,6
722,64,0,1.2275,-0.28125,1.78,15
722,64,0,1.249,-0.31738,1.78,26
722,64,0,1.2734,-0.34082,1.78,31
722,64,0,1.3018,-0.3457,1.78,26
722,64,0,1.3203,-0.38867,1.78,16
722,64,0,1.3428,-0.41504,1.78,7
722,64,0,1.3154,-0.075195,2.136,5
722,64,0,1.3252,-0.24316,2.136,6
722,64,0.12109,1.2832,-0.0058594,-1.068,6
722,64,0.12402,1.3115,0.029297,-1.068,8
722,64,0.12598,1.3379,0.09375,-1.068,8
722,64,0.19727,1.2441,-0.022461,-0.71201,18
722,64,0.20117,1.2725,0.0087891,-0.71201,32
722,64,0.16504,1.3057,0.076172,-0.71201,43
723,58,0,1.2217,0.40918,0,9
723,58,0.041016,1.3115,0.12402,0,21
723,58,0.041992,1.3467,-0.03418,0,36
723,58,0.085938,1.3662,-0.1416,0,54
723,58,0.087891,1.3906,-0.18457,0,69
723,58,0.089844,1.4189,-0.19629,0,65
723,58,0.1377,1.4453,-0.18945,0,47
723,58,0.13965,1.4795,-0.14746,0,24
723,58,0.31445,1.2168,-0.073242,0.356,8
723,58,0.16113,1.2637,0.19336,0.356,19
723,58,0.16504,1.3027,0.11816,0.356,39
723,58,0.083984,1.3438,-0.060547,0.356,69
723,58,0.085938,1.3643,-0.15918,0.356,114
723,58,0.087891,1.3857,-0.21777,0.356,152
723,58,0.089844,1.4082,-0.2627,0.356,149
723,58,0.091797,1.4268,-0.31641,0.356,103
723,58,0.09375,1.4326,-0.41211,0.356,50
723,58,0.080078,1.2842,0.080078,0.71201,6
723,58,0.041016,1.3105,-0.13184,0.71201,21
723,58,0.041992,1.335,-0.17578,0.71201,60
723,58,0.042969,1.3623,-0.19531,0.71201,114
723,58,0.043945,1.3896,-0.20703,0.71201,153
723,58,0.044922,1.417,-0.22363,0.71201,147
723,58,0.091797,1.4404,-0.24805,0.71201,102
723,58,0.09375,1.4639,-0.28418,0.71201,50
723,58,0.047852,1.4688,-0.39844,0.71201,16
723,58,1.8125,0.62793,-0.24121,0.71201,6
723,58,0.041016,1.3154,-0.068359,1.068,9
723,58,0.041992,1.3398,-0.13086,1.068,23
723,58,0.042969,1.3613,-0.19922,1.068,41
723,58,0.043945,1.3877,-0.21875,1.068,54
723,58,0.044922,1.4141,-0.24316,1.068,53
723,58,0.045898,1.4385,-0.26855,1.068,38
723,58,0.046875,1.4648,-0.28613,1.068,19
723,58,0.24121,1.2607,0.11523,-0.71201,7
723,58,0.16504,1.2959,0.1709,-0.71201,12
723,58,0.21094,1.3213,0.1582,-0.71201,15
723,58,0.21484,1.3545,0.11719,-0.71201,14
723,58,0.21973,1.3877,0.053711,-0.71201,10
723,58,0.44824,1.3535,-0.16211,-0.71201,9
723,58,0.3457,1.1699,-0.15918,-0.356,6
723,58,0.35449,1.1992,-0.14844,-0.356,12
723,58,0.24121,1.2598,0.12402,-0.356,23
723,58,0.20605,1.2871,0.19531,-0.356,41
723,58,0.21094,1.3184,0.18359,-0.356,53
723,58,0.21484,1.3516,0.14844,-0.356,50
723,58,0.21973,1.3838,0.11914,-0.356,39
723,58,0.31348,1.4004,0.010742,-0.356,31
723,58,0.41211,1.4023,-0.09375,-0.356,29
723,58,0.41992,1.4307,-0.092773,-0.356,21
723,58,0.40234,1.2197,-0.10254,0,5
723,58,-0.11816,0.81738,0.95117,0.356,5
723,58,-0.4668,0.74902,1.2051,0.356,26
723,58,-0.52344,0.77539,1.2021,0.71201,9
723,58,1.208,0,1.7354,0.71201,5
723,58,-0.15332,0.79883,0.92285,-0.356,4
723,58,-0.079102,0.90918,0.86816,-0.356,9
723,58,-0.09375,1.1201,0.98438,-0.356,11
724,52,0.20117,1.2549,0.21289,0,5
724,52,0.16504,1.2861,0.2373,0,6
724,52,0.25293,1.3105,0.18262,0,7
724,52,0.30078,1.3398,0.099609,0,9
724,52,0.21973,1.3838,-0.11523,0,14
724,52,0.22461,1.4043,-0.19043,0,20
724,52,0.22852,1.4297,-0.2207,0,22
724,52,0.28027,1.4531,-0.20605,0,18
724,52,0.19238,1.2148,-0.0087891,0.356,6
724,52,0.23633,1.2295,0.13867,0.356,16
724,52,0.24121,1.2588,0.13574,0.356,27
724,52,0.24707,1.2813,0.1875,0.356,32
724,52,0.21094,1.3184,0.18164,0.356,29
724,52,0.17188,1.3623,0.10156,0.356,23
724,52,0.043945,1.4023,0.09082,0.356,30
724,52,0.044922,1.4346,0.032227,0.356,43
724,52,0.045898,1.4639,0.030273,0.356,48
724,52,0,1.4912,0.084961,0.356,35
724,52,0.24121,1.2559,0.16113,0.71201,8
724,52,0.20605,1.2959,0.12598,0.71201,9
724,52,0.21094,1.3076,0.24707,0.71201,8
724,52,0.087891,1.4023,-0.050781,0.71201,11
724,52,0.044922,1.4346,-0.029297,0.71201,15
724,52,0.045898,1.4639,0.0029297,0.71201,17
724,52,0.046875,1.4922,0.041016,0.71201,13
724,52,0.20117,1.2617,0.16992,-0.71201,9
724,52,0.20605,1.291,0.16504,-0.71201,11
724,52,0.25293,1.3223,0.054688,-0.71201,11
724,52,0.30078,1.3418,0.0625,-0.71201,10
724,52,0.39551,1.3418,-0.14258,-0.71201,12
724,52,0.44824,1.3438,-0.22754,-0.71201,16
724,52,0.45801,1.376,-0.20215,-0.71201,17
724,52,0.26953,1.1963,0.097656,-0.356,8
724,52,0.23633,1.2354,0.058594,-0.356,20
724,52,0.24121,1.2627,0.091797,-0.356,34
724,52,0.24707,1.2852,0.15332,-0.356,40
724,52,0.29492,1.3057,0.15527,-0.356,38
724,52,0.34375,1.332,0.057617,-0.356,33
724,52,0.43945,1.333,-0.080078,-0.356,40
724,52,0.44824,1.3574,-0.13086,-0.356,51
724,52,0.45801,1.3828,-0.15332,-0.356,52
724,52,0.4668,1.4043,-0.20117,-0.356,42
724,52,0.43945,1.3076,-0.27148,0.356,18
724,52,0.49316,1.3057,-0.33496,0.356,24
724,52,0.50293,1.335,-0.33008,0.356,26
724,52,0.56055,1.3604,-0.25977,0.356,22
724,52,-0.44824,0,1.3809,0.71201,8
724,52,-0.45801,0.37598,1.3389,0.71201,9
724,52,-0.4668,0,1.4541,0.71201,7
724,52,-0.045898,0.87402,1.1738,-0.71201,9
724,52,-0.045898,0.84766,1.1934,-0.356,28
724,52,-0.046875,0.84961,1.2275,-0.356,24
725,21,0.43945,1.3174,-0.21875,0,10
725,21,0.49316,1.3408,-0.13184,0,14
725,21,0.45801,1.3848,-0.13477,0,13
725,21,0.41992,1.4307,-0.082031,0,9
725,21,0.4834,1.3145,-0.12695,0.356,13
725,21,0.49316,1.3398,-0.14258,0.356,19
725,21,0.50293,1.373,-0.071289,0.356,19
725,21,0.51367,1.4004,-0.086914,0.356,14
725,21,0.43945,1.292,-0.33691,-0.71201,9
725,21,0.49316,1.3203,-0.26855,-0.71201,13
725,21,0.50293,1.3594,-0.20605,-0.71201,13
725,21,0.4668,1.3955,-0.25391,-0.71201,9
725,21,0.24121,1.2607,-0.11035,-0.356,7
725,21,0.24707,1.2773,-0.21094,-0.356,7
725,21,0.43066,1.2617,-0.34473,-0.356,14
725,21,0.43945,1.3164,-0.22266,-0.356,29
725,21,0.49316,1.335,-0.18359,-0.356,42
725,21,0.45801,1.3828,-0.15527,-0.356,41
725,21,0.4668,1.4121,-0.14258,-0.356,29
725,21,-0.13965,0.39355,1.4346,0,5
725,21,-0.09375,0.82813,1.2393,-0.71201,5
749,8,0.12109,1.2207,0.39551,0.356,9
749,8,0.12402,1.2295,0.45898,0.356,14
749,8,0.12598,1.2646,0.44824,0.356,15
749,8,0.21484,1.2832,0.44922,0.356,11
749,8,0.12109,1.2227,0.38867,-0.356,9
749,8,0.12402,1.2461,0.41211,-0.356,14
749,8,0.16797,1.2666,0.42676,-0.356,15
749,8,0.17188,1.3066,0.39844,-0.356,11
750,2,0.21094,1.2813,0.36035,0.356,5
750,2,-0.29492,0.36426,-1.2627,0.356,3
752,10,0.11816,1.2461,-0.13574,0.356,7
752,10,0.12109,1.2822,0.051758,0.356,9
752,10,0.082031,1.3096,0.125,0.356,10
752,10,0.083984,1.2695,0.44434,0.356,10
752,10,0.085938,1.3047,0.42969,0.356,8
752,10,0.12109,1.2832,-0.012695,-0.356,9
752,10,0.12402,1.3018,0.16406,-0.356,10
752,10,0.083984,1.2939,0.36719,-0.356,9
752,10,0.042969,1.3311,0.34863,-0.356,7
752,10,-0.32227,0.38086,-1.1885,0.356,5
753,1,0,1.2363,0.53613,-0.356,5
754,7,0.19727,1.2354,-0.14844,0.356,6
754,7,0.20117,1.2725,-0.041016,0.356,9
754,7,0.16504,1.3047,0.086914,0.356,8
754,7,0.16797,1.334,0.084961,0.356,6
754,7,0.16113,1.2783,-0.02832,-0.356,9
754,7,0.20605,1.3018,0,-0.356,10
754,7,0.12598,1.3369,0.11426,-0.356,7
755,27,0,1.1416,0.53125,0,6
755,27,0.080078,1.2139,0.4248,0,12
755,27,0.041016,1.2051,0.53223,0,13
755,27,0.041992,1.2578,0.48145,0,9
755,27,0.15332,1.207,-0.18164,0.356,5
755,27,0.19727,1.2031,-0.31543,0.356,8
755,27,0.20117,1.0469,-0.72363,0.356,7
755,27,0,0.9873,0.87305,0.356,7
755,27,0.041992,1.2051,0.60156,0.356,14
755,27,0.085938,1.2793,0.50195,0.356,19
755,27,0.043945,1.2891,0.55859,0.356,16
755,27,0.044922,1.2822,0.64258,0.356,10
755,27,0.080078,1.1494,0.57617,-0.71201,10
755,27,0.082031,1.209,0.51855,-0.71201,11
755,27,0.041992,1.21,0.5918,-0.71201,7
755,27,0.085938,1.3379,0.31348,-0.71201,7
755,27,0.043945,1.3203,0.48145,-0.71201,9
755,27,0.079102,1.1406,0.5293,-0.356,15
755,27,0.080078,1.0957,0.67383,-0.356,25
755,27,0.082031,1.1357,0.66406,-0.356,29
755,27,0.083984,1.2188,0.56934,-0.356,25
755,27,0.085938,1.3164,0.39453,-0.356,23
755,27,0.043945,1.3428,0.41309,-0.356,21
755,27,0.044922,1.3252,0.54883,-0.356,16
755,27,-0.43262,0.96777,-0.67969,0,4
755,27,-0.50488,0.94922,-0.81152,0,5
755,27,-0.46289,1.0352,-0.72754,-0.71201,4
756,64,0.037109,1.0654,0.55273,0,7
756,64,0.038086,1.0752,0.59668,0,20
756,64,0.039063,1.1035,0.60645,0,32
756,64,0.040039,1.125,0.62793,0,32
756,64,0,1.0898,0.74219,0,19
756,64,0.25293,1.3232,-0.0029297,0,10
756,64,0.17188,1.3545,0.17676,0,19
756,64,0.13184,1.3809,0.22656,0,16
756,64,0.13477,1.3623,0.43066,0,9
756,64,0.18262,1.376,0.46777,0,13
756,64,0.18652,1.4053,0.47168,0,14
756,64,0.14258,1.4766,0.3457,0,10
756,64,0.15723,1.2334,0.20117,0.356,12
756,64,0.24121,1.2412,-0.24609,0.356,7
756,64,0.16504,1.251,0.37988,0.356,21
756,64,0.12598,1.2871,0.37695,0.356,55
756,64,0.17188,1.3232,0.33691,0.356,77
756,64,0.17578,1.3555,0.32813,0.356,65
756,64,0.13477,1.4023,0.27344,0.356,34
756,64,0.1377,1.3838,0.45996,0.356,21
756,64,0.18652,1.4209,0.42285,0.356,26
756,64,0.19043,1.4385,0.46094,0.356,19
756,64,0.082031,1.2451,0.4248,0.71201,7
756,64,0.083984,1.2842,0.39844,0.71201,17
756,64,0.17188,1.3145,0.37109,0.71201,23
756,64,0.13184,1.3525,0.36035,0.71201,17
756,64,0.18262,1.3818,0.4502,0.71201,14
756,64,0.18652,1.3955,0.49805,0.71201,16
756,64,0.14258,1.4424,0.46875,0.71201,11
756,64,0.080078,1.0957,0.67383,-1.78,10
756,64,0.041016,1.0889,0.74121,-1.78,14
756,64,0.041992,1.0859,0.7959,-1.78,13
756,64,0,1.0703,0.86523,-1.78,8
756,64,0.039063,1.1279,0.55762,-1.424,9
756,64,0,1.1514,0.57813,-1.424,17
756,64,0.041016,1.168,0.60938,-1.424,23
756,64,0.041992,1.1465,0.70703,-1.424,21
756,64,0.042969,1.1729,0.71973,-1.424,13
756,64,0.037109,1.124,0.42188,-1.068,21
756,64,0.077148,1.1416,0.45215,-1.068,58
756,64,0.079102,1.1729,0.45117,-1.068,97
756,64,0.040039,1.208,0.44727,-1.068,111
756,64,0.041016,1.2305,0.4707,-1.068,86
756,64,0.041992,1.2412,0.52344,-1.068,46
756,64,0,1.2061,0.66406,-1.068,15
756,64,0.073242,1.0293,0.55469,-0.71201,9
756,64,0.075195,1.0889,0.50098,-0.71201,52
756,64,0.077148,1.124,0.49316,-0.71201,137
756,64,0.039063,1.1582,0.49414,-0.71201,225
756,64,0.040039,1.1865,0.50195,-0.71201,249
756,64,0.041016,1.2158,0.50684,-0.71201,186
756,64,0.041992,1.2471,0.50781,-0.71201,94
756,64,0.085938,1.3008,0.44238,-0.71201,32
756,64,0.071289,2.1016,0.8916,-0.71201,9
756,64,0.14453,2.1221,0.91113,-0.71201,11
756,64,0.14648,2.1055,1.0176,-0.71201,10
756,64,0.036133,1.0547,0.50781,-0.356,6
756,64,0.037109,1.0791,0.52637,-0.356,35
756,64,0.038086,1.1074,0.53516,-0.356,95
756,64,0.039063,1.1357,0.54297,-0.356,155
756,64,0.040039,1.1631,0.55273,-0.356,173
756,64,0.041016,1.1973,0.5498,-0.356,140
756,64,0.041992,1.248,0.50488,-0.356,86
756,64,0.12891,1.3174,0.37695,-0.356,55
757,54,0.15723,1.248,-0.066406,0,6
757,54,0.16113,1.2783,-0.0058594,0,10
757,54,0.20605,1.292,0.16113,0,15
757,54,0.21094,1.2959,0.30176,0,18
757,54,0.21484,1.2939,0.41602,0,17
757,54,0.21973,1.3018,0.4834,0,14
757,54,0.13477,1.3623,0.43164,0,12
757,54,0.091797,1.3945,0.43848,0,12
757,54,0.09375,1.4141,0.47266,0,11
757,54,0.047852,1.4463,0.47559,0,7
757,54,0.19238,1.2041,-0.16504,0.356,14
757,54,0.19727,1.2383,-0.12207,0.356,27
757,54,0.16113,1.2783,-0.021484,0.356,44
757,54,0.20605,1.2939,0.13965,0.356,64
757,54,0.21094,1.29,0.32617,0.356,75
757,54,0.17188,1.2998,0.41895,0.356,69
757,54,0.17578,1.3086,0.48438,0.356,54
757,54,0.13477,1.3369,0.50488,0.356,39
757,54,0.091797,1.3779,0.48828,0.356,35
757,54,0.09375,1.4238,0.44141,0.356,30
757,54,0.31445,2.4424,-0.53027,0.356,6
757,54,0.15723,1.2461,-0.098633,0.71201,8
757,54,0.16113,1.2783,0.02832,0.71201,13
757,54,0.16504,1.292,0.20215,0.71201,19
757,54,0.16797,1.2939,0.33691,0.71201,22
757,54,0.21484,1.2617,0.50586,0.71201,21
757,54,0.17578,1.2842,0.54492,0.71201,16
757,54,0,1.0352,0.48242,-1.78,8
757,54,0,1.0967,0.41309,-1.78,9
757,54,0,1.1113,0.45508,-1.78,7
757,54,0,1.0479,0.4541,-1.424,6
757,54,0,1.0537,0.51172,-1.424,6
757,54,0.20117,1.2598,-0.18359,-0.71201,7
757,54,0.16504,1.3076,-0.013672,-0.71201,10
757,54,0.21094,1.3271,0.091797,-0.71201,12
757,54,0.21484,1.3418,0.22266,-0.71201,11
757,54,0.20898,1.793,1.3027,-0.71201,8
757,54,0.23047,1.1758,-0.2793,-0.356,9
757,54,0.19727,1.2168,-0.25781,-0.356,17
757,54,0.20117,1.2666,-0.12695,-0.356,27
757,54,0.20605,1.3018,0.017578,-0.356,38
757,54,0.21094,1.3154,0.19824,-0.356,44
757,54,0.21484,1.3232,0.31348,-0.356,42
757,54,0.17578,1.3535,0.33496,-0.356,31
757,54,0.13477,1.376,0.38477,-0.356,20
757,54,0.27441,1.8828,1.0986,-0.356,16
757,54,0.20898,1.8223,1.2607,-0.356,14
757,54,-0.30078,0.90234,-0.99512,-0.71201,6
757,54,1.043,1.4697,-1.3066,-0.71201,6
757,54,-0.27539,0.44141,1.1465,-0.356,9
757,54,-0.30762,1.0176,-0.91992,-0.356,16
757,54,-0.40332,0.83789,-1.0928,-0.356,11
757,54,1.0293,1.1826,-1.5381,-0.356,10
757,54,1.043,1.0723,-1.6475,-0.356,9
758,64,0.12402,1.3066,0.11523,0,19
758,64,0.083984,1.332,0.18164,0,29
758,64,0.085938,1.3584,0.20801,0,34
758,64,0.043945,1.3809,0.25977,0,28
758,64,0,1.3818,0.3877,0,17
758,64,0,1.4453,0.23633,0,11
758,64,0.19727,1.2432,-0.02832,0.356,15
758,64,0.24121,1.2656,-0.0068359,0.356,27
758,64,0.28809,1.2852,0.058594,0.356,34
758,64,0.29492,1.3066,0.14551,0.356,32
758,64,0.34375,1.3271,0.12402,0.356,26
758,64,0.39551,1.3271,-0.24121,0.356,20
758,64,0,1.4102,0.2666,0.356,18
758,64,0,1.4014,0.42383,0.356,15
758,64,0.20117,1.2686,0.099609,0.71201,7
758,64,0.20605,1.2939,0.1416,0.71201,9
758,64,0.29492,1.3057,0.15137,0.71201,10
758,64,0,0.78223,0.33203,-2.136,9
758,64,-0.054688,0.82617,0.29492,-2.136,16
758,64,0,0.8457,0.33105,-2.136,22
758,64,0,0.87891,0.32715,-2.136,31
758,64,0,0.90625,0.33594,-2.136,35
758,64,0.03125,0.93555,0.33984,-2.136,28
758,64,0,0.95117,0.38184,-2.136,14
758,64,-0.10645,0.81934,0.19727,-1.78,8
758,64,-0.054688,0.83105,0.2793,-1.78,13
758,64,0,0.83301,0.36133,-1.78,27
758,64,0,0.87305,0.34082,-1.78,51
758,64,0,0.90625,0.33594,-1.78,62
758,64,0,0.93457,0.34375,-1.78,53
758,64,0,0.9668,0.34082,-1.78,31
758,64,0.043945,1.3926,0.18555,-1.78,5
758,64,-0.077148,0.78809,0.21289,-1.424,12
758,64,-0.080078,0.81641,0.21973,-1.424,22
758,64,-0.10938,0.84277,0.22363,-1.424,23
758,64,-0.16992,0.89063,0.036133,-1.424,12
758,64,0,0.87793,0.3291,-1.424,26
758,64,0,0.91211,0.31934,-1.424,45
758,64,0,0.94238,0.32129,-1.424,44
758,64,0,0.97363,0.32129,-1.424,30
758,64,0.042969,1.3379,0.32031,-1.424,17
758,64,0,1.3486,0.39746,-1.424,19
758,64,0,1.3633,0.44824,-1.424,16
758,64,0,1.4209,0.35547,-1.424,9
758,64,-0.050781,0.7666,0.28711,-1.068,10
758,64,-0.080078,0.80273,0.26563,-1.068,18
758,64,-0.082031,0.83594,0.25879,-1.068,23
758,64,-0.084961,0.85938,0.28027,-1.068,20
758,64,-0.14648,0.91016,0.16797,-1.068,9
758,64,-0.41211,0,-1.3018,-1.068,15
758,64,-0.37891,0,1.3271,-1.068,33
758,64,-0.34375,0.26758,1.3057,-1.068,50
758,64,-0.35156,0.42871,1.292,-1.068,52
758,64,-0.31348,0.68066,1.2236,-1.068,39
758,64,-0.32031,0.82129,1.1689,-1.068,18
758,64,0.19434,1.54,0.032227,-1.068,9
758,64,0.19727,1.5693,0.018555,-1.068,9
758,64,-0.10938,0.84375,0.21973,-0.71201,6
758,64,-0.084961,0.8584,0.28418,-0.71201,8
758,64,-0.087891,0.88867,0.2832,-0.71201,9
758,64,-0.060547,0.93945,0.21973,-0.71201,9
758,64,-0.37109,0,-1.2822,-0.71201,23
758,64,-0.37891,0,-1.3311,-0.71201,49
758,64,-0.34375,0.21777,1.3154,-0.71201,72
759,64,0.24121,1.2637,0.076172,0,12
759,64,0.20605,1.2988,0.09082,0,17
759,64,0.16797,1.3359,0.03125,0,16
759,64,0.12891,1.3701,0.040039,0,11
759,64,0.31348,1.3672,-0.30176,0,7
759,64,0.36621,1.3672,-0.37598,0,8
759,64,-0.075195,1.1982,0.027344,0.356,7
759,64,0,1.2285,-0.067383,0.356,10
759,64,0,1.2578,-0.066406,0.356,14
759,64,0.040039,1.2803,-0.14355,0.356,17
759,64,0.041016,1.3125,0.11035,0.356,15
759,64,0.25293,1.2236,0.50488,0.356,16
759,64,0.30078,1.3262,0.21094,0.356,28
759,64,0.35156,1.3604,0.043945,0.356,40
759,64,0.40332,1.376,-0.068359,0.356,48
759,64,0.41211,1.3955,-0.16406,0.356,45
759,64,0.4668,1.3867,-0.30078,0.356,33
759,64,-0.087891,0.92969,-0.080078,0.71201,7
759,64,0,0.96582,-0.043945,0.71201,6
759,64,0.30762,1.3643,0.14355,0.71201,14
759,64,0.3584,1.3857,-0.10547,0.71201,16
759,64,0.41211,1.3828,-0.24902,0.71201,16
759,64,-0.082031,0.86328,-0.13965,1.068,8
759,64,-0.056641,0.90332,-0.075195,1.068,14
759,64,-0.058594,0.93262,-0.075195,1.068,18
759,64,-0.09082,0.95898,-0.076172,1.068,17
759,64,-0.09375,0.98828,-0.084961,1.068,12
759,64,0,0.90723,-0.025391,1.424,7
759,64,-0.087891,0.92871,-0.086914,1.424,10
759,64,-0.060547,0.96484,-0.0048828,1.424,11
759,64,-0.0625,0.99316,-0.022461,1.424,9
759,64,-0.10645,0.82715,-0.16309,1.78,8
759,64,-0.1377,0.85352,-0.15723,1.78,14
759,64,-0.11328,0.88281,-0.17773,1.78,18
759,64,-0.087891,0.91602,-0.17578,1.78,17
759,64,-0.15137,0.9248,-0.23535,1.78,11
759,64,-0.10645,0.82617,-0.16797,2.136,9
759,64,-0.1377,0.85352,-0.15527,2.136,17
759,64,-0.11328,0.88477,-0.17188,2.136,24
759,64,-0.11719,0.91211,-0.18262,2.136,23
759,64,-0.15137,0.93652,-0.18457,2.136,17
759,64,-0.12402,0.96387,-0.21777,2.136,10
759,64,-0.16504,0.84961,-0.14941,2.492,7
759,64,-0.11328,0.88184,-0.18555,2.492,11
759,64,-0.11719,0.90723,-0.2041,2.492,12
759,64,-0.15137,0.93555,-0.19141,2.492,9
759,64,0.16113,1.2783,-0.03125,-0.71201,12
759,64,0.16504,1.3076,0.026367,-0.71201,16
759,64,0.16797,1.334,0.078125,-0.71201,15
759,64,0.30078,1.3428,0.029297,-0.71201,11
759,64,0.35156,1.3613,0,-0.71201,10
759,64,0.40332,1.375,-0.078125,-0.71201,10
759,64,0.15723,1.25,0,-0.356,16
759,64,0.20117,1.2715,0.049805,-0.356,31
759,64,0.20605,1.3008,0.057617,-0.356,43
759,64,0.21094,1.3271,0.098633,-0.356,41
759,64,0.25781,1.3428,0.15918,-0.356,33
759,64,0.39551,1.3477,0.063477,-0.356,34
759,64,0.40332,1.376,-0.055664,-0.356,35
759,64,0.45801,1.3799,-0.17383,-0.356,30
759,64,0.4668,1.3848,-0.31055,-0.356,19
759,64,-0.20117,0.80176,-0.98926,0,7
759,64,-0.31348,0.97168,-1.0088,0,5
759,64,-0.22852,0.86035,-1.1621,0,6
760,64,0,1.2305,-0.012695,0,25
760,64,0,1.2588,-0.048828,0,72
760,64,0,1.2861,-0.080078,0,123
760,64,0,1.3135,-0.11328,0,149
760,64,0,1.3379,-0.15918,0,128
760,64,0,1.3594,-0.21973,0,81
760,64,0,1.377,-0.28223,0,43
760,64,0.044922,1.4209,-0.19727,0,28
760,64,0.045898,1.459,-0.11914,0,21
760,64,0.09375,1.4902,0.047852,0,15
760,64,0,1.1982,-0.075195,0.356,7
760,64,0,1.2295,-0.049805,0.356,49
760,64,0,1.2588,-0.041016,0.356,144
760,64,0,1.2881,-0.036133,0.356,260
760,64,0,1.3174,-0.039063,0.356,321
760,64,0.041992,1.3467,-0.03125,0.356,295
760,64,0.042969,1.375,-0.042969,0.356,206
760,64,0.043945,1.4033,-0.069336,0.356,118
760,64,0,1.4287,-0.13672,0.356,59
760,64,0,1.4512,-0.19531,0.356,29
760,64,0,1.2305,0.015625,0.71201,29
760,64,0,1.2598,0.016602,0.71201,87
760,64,0,1.2891,0.0068359,0.71201,157
760,64,0,1.3184,0,0.71201,192
760,64,0.041992,1.3467,-0.0048828,0.71201,172
760,64,0.042969,1.376,-0.03125,0.71201,114
760,64,0.043945,1.4033,-0.081055,0.71201,59
760,64,0,1.4229,-0.18555,0.71201,27
760,64,0,1.4365,-0.28516,0.71201,14
760,64,0,1.2793,0.1543,1.068,12
760,64,0,1.3154,0.079102,1.068,15
760,64,-0.041992,1.3457,-0.056641,1.068,13
760,64,0,1.377,-0.010742,1.068,8
760,64,0,2.2168,-0.20508,1.424,9
760,64,0,2.2422,-0.24316,1.424,12
760,64,0,2.2617,-0.3252,1.424,10
760,64,0,2.2236,-0.099609,1.78,10
760,64,0,2.25,-0.15332,1.78,13
760,64,0,2.2773,-0.17773,1.78,12
760,64,-0.072266,2.3008,-0.23633,1.78,8
760,64,0,1.0703,-0.30566,2.492,6
760,64,-0.071289,1.083,-0.35645,2.492,7
760,64,0,1.1416,-0.26172,2.492,5
760,64,0.11816,1.251,-0.09082,-0.71201,11
760,64,0.16113,1.2734,-0.11621,-0.71201,16
760,64,0.16504,1.2949,0.18457,-0.71201,17
760,64,0.21094,1.2783,0.36816,-0.71201,19
760,64,0.21484,1.3047,0.38379,-0.71201,20
760,64,0.21973,1.3086,0.46582,-0.71201,12
760,64,0.044922,1.4297,-0.12207,-0.71201,5
760,64,0.045898,1.4551,-0.15527,-0.71201,12
760,64,0.09375,1.4834,-0.15039,-0.71201,13
760,64,0.094727,1.5137,-0.13672,-0.71201,9
760,64,0.15332,1.2207,-0.0048828,-0.356,15
760,64,0.15723,1.249,-0.039063,-0.356,36
760,64,0.16113,1.2734,-0.1123,-0.356,49
760,64,0.20605,1.2666,0.30273,-0.356,47
760,64,0.25293,1.2285,0.49121,-0.356,61
760,64,0.21484,1.3008,0.39648,-0.356,71
760,64,0.21973,1.3301,0.39746,-0.356,54
760,64,0.22461,1.374,0.34668,-0.356,26
760,64,0.18262,1.4512,0.080078,-0.356,22
760,64,0.13965,1.4873,0.023438,-0.356,22
760,64,0.094727,1.5195,0.03418,-0.356,15
761,64,0,1.2578,-0.064453,0,12
761,64,0.040039,1.2871,-0.036133,0,40
761,64,0.041016,1.3154,-0.076172,0,82
761,64,0.041992,1.3418,-0.11621,0,119
761,64,0.042969,1.3672,-0.15723,0,126
761,64,0.087891,1.3916,-0.17578,0,99
761,64,0.044922,1.416,-0.22949,0,57
761,64,0.091797,1.4434,-0.22852,0,23
761,64,0.15332,1.2129,-0.13867,0.356,7
761,64,0.19727,1.2217,-0.23242,0.356,15
761,64,0.040039,1.2744,-0.18945,0.356,38
761,64,0.041016,1.3154,-0.076172,0.356,102
761,64,0.041992,1.3438,-0.084961,0.356,177
761,64,0.042969,1.3711,-0.11719,0.356,213
761,64,0.043945,1.3965,-0.1543,0.356,192
761,64,0.089844,1.4199,-0.19043,0.356,126
761,64,0.091797,1.4404,-0.24707,0.356,60
761,64,0.09375,1.4512,-0.33984,0.356,21
761,64,0,1.2002,-0.38086,0.71201,17
761,64,0,1.2041,-0.45996,0.71201,32
761,64,0.041016,1.2324,-0.46582,0.71201,45
761,64,0.083984,1.3438,0.033203,0.71201,60
761,64,0.085938,1.374,0.029297,0.71201,74
761,64,0.087891,1.4023,-0.041016,0.71201,70
761,64,0.089844,1.4277,-0.12012,0.71201,49
761,64,0.091797,1.4492,-0.19043,0.71201,24
761,64,0.25,2.6143,-0.4541,0.71201,8
761,64,0.25293,2.6455,-0.44434,0.71201,10
761,64,0.34082,2.6582,-0.48535,0.71201,10
761,64,0,1.2402,-0.2168,1.068,13
761,64,0,1.2637,-0.25488,1.068,27
761,64,0,1.2949,-0.24707,1.068,37
761,64,0,1.3232,-0.25488,1.068,38
761,64,0,1.3594,-0.21484,1.068,28
761,64,0,1.3838,-0.24902,1.068,16
761,64,0,1.2559,-0.098633,1.424,8
761,64,0,1.2715,-0.20898,1.424,13
761,64,0,1.2988,-0.22363,1.424,16
761,64,0,1.3184,-0.27637,1.424,14
761,64,0,1.3535,-0.25195,1.424,9
761,64,0.15723,1.2461,-0.098633,-0.71201,6
761,64,0.20117,1.2725,-0.041016,-0.71201,10
761,64,0.24707,1.2949,-0.020508,-0.71201,11
761,64,0.25293,1.3125,0.16797,-0.71201,9
761,64,0.30078,1.3418,0.054688,-0.71201,7
761,64,0.17578,1.3789,-0.20703,-0.71201,7
761,64,0.13477,1.3564,-0.44824,-0.71201,7
761,64,0.19238,1.208,-0.12793,-0.356,10
761,64,0.19727,1.2432,-0.053711,-0.356,22
761,64,0.24121,1.2646,-0.044922,-0.356,35
761,64,0.24707,1.2939,0.047852,-0.356,37
761,64,0.25293,1.3174,0.12207,-0.356,29
761,64,0.30078,1.3428,0.036133,-0.356,22
761,64,0.17578,1.3711,-0.25586,-0.356,24
761,64,0.13477,1.3643,-0.42578,-0.356,24
761,64,0.1377,1.3398,-0.5752,-0.356,20
761,64,-0.5,0.91602,2.4521,0.71201,6
761,64,-0.58984,1.4561,2.1895,0.71201,8
761,64,-0.5957,1.4492,2.2285,0.71201,8
761,64,-0.51172,0.57813,0.99512,1.068,7
761,64,-0.25293,0.39355,-1.2637,-0.71201,5
761,64,-0.30078,0.37207,-1.291,-0.71201,4
761,64,-0.21094,0.3877,-1.2734,-0.356,15
761,64,-0.30078,0.37207,-1.291,-0.356,12
762,46,0,1.2773,-0.17188,0,14
762,46,0.041016,1.3105,-0.13574,0,44
762,46,0.041992,1.3389,-0.14355,0,85
762,46,0.042969,1.3672,-0.15723,0,116
762,46,0.043945,1.3955,-0.16797,0,117
762,46,0.044922,1.4229,-0.17969,0,88
762,46,0.045898,1.4531,-0.17578,0,48
762,46,0.046875,1.4785,-0.20605,0,20
762,46,0.11816,1.2529,0.042969,0.356,16
762,46,0.080078,1.2861,0.015625,0.356,44
762,46,0.041016,1.3164,-0.039063,0.356,104
762,46,0.041992,1.3428,-0.095703,0.356,184
762,46,0.042969,1.3682,-0.14551,0.356,237
762,46,0.043945,1.3926,-0.18457,0.356,232
762,46,0.044922,1.417,-0.22266,0.356,170
762,46,0.091797,1.4414,-0.24512,0.356,92
762,46,0.13965,1.4688,-0.23145,0.356,39
762,46,0.23828,1.4961,-0.15527,0.356,16
762,46,0.040039,1.2881,0.020508,0.71201,16
762,46,0.041016,1.3174,-0.0058594,0.71201,41
762,46,0.041992,1.3447,-0.069336,0.71201,77
762,46,0.042969,1.3721,-0.1084,0.71201,105
762,46,0,1.3984,-0.14648,0.71201,103
762,46,0.044922,1.4248,-0.16797,0.71201,79
762,46,0.045898,1.4473,-0.21875,0.71201,42
762,46,0.046875,1.4678,-0.27539,0.71201,17
762,46,0,1.3447,-0.077148,1.068,5
762,46,0.16113,1.2686,-0.16309,-0.71201,7
762,46,0.12402,1.2979,-0.19434,-0.71201,9
762,46,0.041992,1.3018,-0.34277,-0.71201,9
762,46,0,1.2695,-0.53223,-0.71201,9
762,46,0.43945,1.3311,-0.1123,-0.71201,8
762,46,0.40332,1.3691,-0.14746,-0.71201,12
762,46,0.41211,1.3936,-0.18164,-0.71201,13
762,46,0.37305,1.4404,-0.12598,-0.71201,10
762,46,0.19727,1.2432,-0.053711,-0.356,15
762,46,0.20117,1.2725,-0.024414,-0.356,27
762,46,0.12402,1.3057,-0.12988,-0.356,34
762,46,0.083984,1.3271,-0.2168,-0.356,40
762,46,0.042969,1.3096,-0.42188,-0.356,37
762,46,0,1.1689,-0.78027,-0.356,26
762,46,0.40332,1.373,-0.10449,-0.356,40
762,46,0.41211,1.3975,-0.14648,-0.356,45
762,46,0.41992,1.4277,-0.12695,-0.356,37
762,46,-0.043945,0.98926,-0.99805,-0.71201,7
762,46,0.43945,1.335,0.0097656,-0.356,25
763,47,0,1.3369,-0.16699,0,10
763,47,0.042969,1.3721,-0.097656,0,19
763,47,0.043945,1.4014,-0.10645,0,22
763,47,0.089844,1.4268,-0.125,0,19
763,47,0.22852,1.4395,-0.14355,0,13
763,47,0.32715,1.4492,-0.15918,0,8
763,47,0.16113,1.248,0.28027,0.356,9
763,47,0.082031,1.3027,0.18457,0.356,21
763,47,0.041992,1.3467,0.021484,0.356,40
763,47,0.042969,1.373,-0.087891,0.356,61
763,47,0,1.4004,-0.12598,0.356,72
763,47,0,1.4307,-0.1084,0.356,64
763,47,0,1.4648,0.0048828,0.356,42
763,47,0,1.4248,0.44727,0.356,20
763,47,0.041992,1.3467,0.0097656,0.71201,13
763,47,0,1.375,-0.068359,0.71201,20
763,47,0,1.4033,-0.079102,0.71201,24
763,47,0,1.4326,-0.088867,0.71201,21
763,47,0,1.4639,0.024414,0.71201,13
763,47,0.041992,1.3457,0.048828,-0.71201,6
763,47,0,1.3477,-0.28223,-0.71201,8
763,47,0.43945,1.334,-0.061523,-0.71201,11
763,47,0.44824,1.3506,-0.18457,-0.71201,14
763,47,0.45801,1.373,-0.22168,-0.71201,13
763,47,0.4668,1.3906,-0.28027,-0.71201,9
763,47,0.16113,1.2441,0.29492,-0.356,10
763,47,0.12402,1.2998,0.17871,-0.356,17
763,47,0.083984,1.3428,0.077148,-0.356,22
763,47,0,1.3633,-0.18945,-0.356,28
763,47,0.4834,1.3174,-0.082031,-0.356,37
763,47,0.44824,1.3525,-0.1709,-0.356,49
763,47,0.50293,1.3564,-0.22754,-0.356,45
763,47,0.4668,1.3984,-0.24219,-0.356,31
763,47,0.49316,1.3467,-0.060547,0.356,34
763,47,0.50293,1.3408,-0.30371,0.356,30
763,47,0.4668,1.3779,-0.33789,0.356,19
763,47,0.45801,1.0479,0.91504,0.71201,8
763,47,0.38672,1.3066,-0.19629,-0.71201,5
763,47,-0.043945,1.1611,-0.79102,-0.71201,10
763,47,-0.089844,0.68945,1.2559,-0.71201,11
763,47,-0.045898,0.9834,1.084,-0.71201,9
763,47,-0.13965,1.1846,0.89941,-0.71201,5
763,47,0.47363,1.2393,0.36914,-0.356,20
763,47,-0.043945,1.3467,-0.40234,-0.356,37
763,47,-0.044922,0.76465,1.2139,-0.356,39
763,47,-0.045898,0.97656,1.0908,-0.356,32
763,47,-0.09375,0.96973,1.1328,-0.356,20
764,25,0.28223,1.2568,0.051758,0.356,10
764,25,0.28809,1.2793,0.13574,0.356,11
764,25,0.33691,1.2148,0.47461,0.356,11
764,25,0,1.4111,0.25879,0.356,9
764,25,0.50293,1.3223,-0.37891,0.356,10
764,25,0.41992,1.4131,-0.24121,0.356,8
764,25,0.23633,1.2373,-0.015625,-0.356,7
764,25,0.28223,1.2568,-0.047852,-0.356,12
764,25,0.28809,1.2793,0.13379,-0.356,14
764,25,0.33691,1.2549,0.35645,-0.356,13
764,25,0.34375,1.2295,0.51367,-0.356,10
764,25,0.52734,0.32617,1.2617,-0.356,11
764,25,0.49316,1.2207,-0.57031,-0.356,15
764,25,0.45801,1.3408,-0.37109,-0.356,16
764,25,0.4668,1.3682,-0.37402,-0.356,13
764,25,-0.16504,0.92969,0.91895,0.356,6
764,25,-0.16797,1.2686,-0.42188,0.356,7
764,25,0.53809,1.0967,-0.75293,0.356,9
764,25,-0.045898,1.3535,0.55664,0.356,7
764,25,-0.16797,1.1006,-0.75781,-0.356,7
764,25,-0.17188,1.1797,-0.68848,-0.356,6
764,25,0.043945,1.4053,-0.0097656,-0.356,9
764,25,0,1.3936,0.3418,-0.356,11
764,25,-0.045898,1.292,0.6875,-0.356,10
764,25,-0.13965,1.1572,0.93359,-0.356,7
789,8,0.19238,1.2041,-0.15918,0.356,8
789,8,0.23633,1.2314,-0.11621,0.356,10
789,8,0.24121,1.2549,-0.16992,0.356,8
789,8,0,1.3232,0.25195,0.356,5
789,8,0.19238,1.1973,-0.20801,-0.356,8
789,8,0.19727,1.2236,-0.22363,-0.356,10
789,8,0.24121,1.2441,-0.23535,-0.356,8
789,8,0.041992,1.3213,0.25781,-0.356,6
792,2,0.23633,1.2139,-0.23633,-0.356,5
792,2,0.12109,1.2832,-0.022461,-0.356,4
793,8,0.15332,1.208,-0.17285,0.356,7
793,8,0.15723,1.2275,-0.23145,0.356,8
793,8,0.16113,1.2529,-0.25488,0.356,6
793,8,0.15332,1.1719,-0.33984,-0.356,6
793,8,0.15723,1.2031,-0.33691,-0.356,7
793,8,0.12109,1.1377,-0.59277,-0.356,4
793,8,-0.27539,0.89941,0.83789,-0.356,4
793,8,-0.3623,1.1006,0.56348,-0.356,3
794,9,0.19238,1.2129,-0.06543,0.356,10
794,9,0.19727,1.2432,-0.033203,0.356,14
794,9,0.16113,1.2725,0.12598,0.356,14
794,9,0.16504,1.29,0.21289,0.356,11
794,9,0.23047,1.2031,-0.11328,-0.356,9
794,9,0.19727,1.2441,-0.017578,-0.356,13
794,9,0.16113,1.2676,0.16406,-0.356,15
794,9,0.082031,1.2695,0.3457,-0.356,14
794,9,0.083984,1.3076,0.31348,-0.356,8
795,39,0.038086,1.0898,0.56934,0,10
795,39,0.039063,1.1045,0.60352,0,21
795,39,0.040039,1.1426,0.59473,0,27
795,39,0,1.1904,0.56543,0,23
795,39,0,1.208,0.59668,0,12
795,39,0.1875,1.1855,0.020508,0.356,9
795,39,0.19238,1.2148,-0.019531,0.356,20
795,39,0.19727,1.2441,-0.0078125,0.356,32
795,39,0.20117,1.2725,0.033203,0.356,35
795,39,0.20605,1.2998,0.069336,0.356,29
795,39,0.21094,1.3154,0.19922,0.356,19
795,39,0.085938,1.3311,0.33887,0.356,12
795,39,0.043945,1.3301,0.4541,0.356,11
795,39,0,1.3525,0.48047,0.356,8
795,39,0.19727,1.2432,0.054688,0.71201,9
795,39,0.16113,1.2754,0.09375,0.71201,9
795,39,0.20605,1.2969,0.11719,0.71201,8
795,39,0,1.168,0.38477,-0.71201,8
795,39,0.079102,1.207,0.35254,-0.71201,18
795,39,0.080078,1.2354,0.3584,-0.71201,24
795,39,0.041016,1.248,0.42188,-0.71201,19
795,39,0,1.2051,0.60254,-0.71201,7
795,39,0.15039,1.1855,0.12305,-0.356,7
795,39,0.077148,1.1914,0.29688,-0.356,23
795,39,0.079102,1.2129,0.33008,-0.356,49
795,39,0.080078,1.2334,0.36621,-0.356,65
795,39,0.082031,1.2559,0.38965,-0.356,54
795,39,0.083984,1.2764,0.42285,-0.356,23
795,39,0.12891,1.3652,-0.12012,-0.356,7
795,39,0.043945,1.3916,0.19727,-0.356,13
795,39,0.044922,1.4023,0.30176,-0.356,9
795,39,-0.50488,0.90625,-0.85938,0,7
795,39,-0.34375,0.96875,-0.91602,0.356,7
795,39,0.52734,1.21,-0.48535,0.356,7
795,39,0.49316,1.2568,-0.48633,0.356,6
795,39,-0.54688,0.84473,-0.89551,-0.71201,5
795,39,-0.50488,0.92285,-0.84082,-0.356,13
795,39,-0.73145,0.94141,-0.6875,-0.356,6
795,39,0.53809,1.1543,-0.66113,-0.356,5
796,64,0.036133,1.0332,0.55176,0,8
796,64,0,1.0586,0.56738,0,21
796,64,0,1.0957,0.55957,0,37
796,64,0,1.1133,0.58887,0,42
796,64,0,1.1426,0.59668,0,34
796,64,0.041016,1.1836,0.5791,0,21
796,64,0.083984,1.25,0.49512,0,13
796,64,0.20605,2.1631,0.3252,0,7
796,64,0.22559,1.1475,-0.27344,0.356,8
796,64,0.23047,1.1787,-0.26758,0.356,19
796,64,0.23633,1.2129,-0.24219,0.356,28
796,64,0.24121,1.2373,-0.26563,0.356,29
796,64,0.3291,1.252,-0.24707,0.356,23
796,64,0.085938,1.3408,0.30078,0.356,24
796,64,0.13184,1.3574,0.34277,0.356,28
796,64,0.13477,1.3838,0.35645,0.356,26
796,64,0.1377,1.4063,0.38672,0.356,20
796,64,0.13965,1.4258,0.42188,0.356,11
796,64,0.19238,1.1895,-0.24902,0.71201,6
796,64,0.19727,1.2324,-0.16992,0.71201,8
796,64,0.20117,1.2588,-0.18652,0.71201,8
796,64,0.24707,1.209,-0.46191,0.71201,6
796,64,0.087891,1.3672,0.31445,0.71201,8
796,64,0.13477,1.3672,0.41602,0.71201,9
796,64,0.1377,1.3906,0.43945,0.71201,7
796,64,0,1.0801,0.52539,-1.424,7
796,64,0.038086,1.1328,0.47656,-1.424,19
796,64,0.079102,1.1494,0.50781,-1.424,30
796,64,0.040039,1.1699,0.54004,-1.424,32
796,64,0.041016,1.1807,0.58398,-1.424,24
796,64,0.041992,1.1992,0.6123,-1.424,11
796,64,0.036133,1.0781,0.45703,-1.068,13
796,64,0.037109,1.1182,0.4375,-1.068,36
796,64,0.038086,1.1504,0.43262,-1.068,57
796,64,0.079102,1.1777,0.43848,-1.068,59
796,64,0,1.2285,0.38965,-1.068,38
796,64,0,1.2764,0.3291,-1.068,13
796,64,0.071289,0.9375,0.64844,-0.71201,5
796,64,0.073242,1.0576,0.49805,-0.71201,38
796,64,0.037109,1.1025,0.47363,-0.71201,113
796,64,0.038086,1.1348,0.47266,-0.71201,198
796,64,0.039063,1.166,0.47461,-0.71201,231
796,64,0.040039,1.1973,0.47363,-0.71201,184
796,64,0.041016,1.2285,0.47656,-0.71201,96
796,64,0.041992,1.2734,0.4375,-0.71201,32
796,64,0.042969,1.3447,0.28906,-0.71201,9
796,64,0.036133,1.0703,0.47461,-0.356,30
796,64,0.075195,1.0957,0.48633,-0.356,92
796,64,0.077148,1.1318,0.47656,-0.356,165
796,64,0.039063,1.1689,0.46777,-0.356,194
796,64,0.040039,1.2041,0.45703,-0.356,158
796,64,0.082031,1.2373,0.44531,-0.356,90
796,64,0.12598,1.2578,0.46484,-0.356,43
796,64,0.085938,1.3369,0.31543,-0.356,28
796,64,0.13184,1.3623,0.32129,-0.356,24
796,64,0.089844,1.4082,0.26172,-0.356,16
796,64,0.27441,2.1523,0.34082,-0.356,10
796,64,0.27832,2.1719,0.40137,-0.356,11
796,64,0.42285,2.1875,0.35156,-0.356,10
796,64,-0.1875,0.71191,0.94824,0.356,6
796,64,-0.19238,0.77539,0.93555,0.356,12
796,64,-0.19727,0.78516,0.96484,0.356,17
796,64,-0.20117,0.79395,0.99512,0.356,18
796,64,-0.16504,0.67285,1.1211,0.356,17
797,64,0,1.1797,0.22461,0,5
797,64,0.15332,1.2207,-0.012695,0,11
797,64,0.15723,1.249,0.036133,0,19
797,64,0.24121,1.2617,0.09668,0,26
797,64,0.20605,1.2959,0.12207,0,21
797,64,0.21973,1.3438,0.35059,0,11
797,64,0.22461,1.3955,0.24609,0,10
797,64,0.18262,1.4482,0.11426,0,9
797,64,0.18652,1.4736,0.15332,0,7
797,64,0.22559,1.1768,-0.074219,0.356,16
797,64,0.23047,1.207,-0.043945,0.356,44
797,64,0.23633,1.2373,0.0097656,0.356,82
797,64,0.24121,1.2646,0.049805,0.356,102
797,64,0.24707,1.293,0.063477,0.356,82
797,64,0.33691,1.2998,-0.11523,0.356,32
797,64,0.17188,1.3086,0.38965,0.356,27
797,64,0.21973,1.3467,0.34082,0.356,45
797,64,0.17969,1.373,0.37793,0.356,35
797,64,0.1377,1.4287,0.28809,0.356,24
797,64,0.13965,1.4795,0.15527,0.356,18
797,64,0.19238,1.2148,0.014648,0.71201,13
797,64,0.19727,1.2412,0.076172,0.71201,24
797,64,0.24121,1.2607,0.11328,0.71201,31
797,64,0.24707,1.29,0.10449,0.71201,25
797,64,0.21973,1.3496,0.32715,0.71201,14
797,64,0.13477,1.3457,0.48047,0.71201,12
797,64,0.091797,1.4023,0.41113,0.71201,12
797,64,0.13965,1.4463,0.34766,0.71201,14
797,64,0.14258,1.4561,0.42188,0.71201,12
797,64,0,0.87891,0.63379,-2.848,8
797,64,0,0.92383,0.50781,-2.492,8
797,64,0,0.95605,0.51074,-2.492,11
797,64,0,0.94141,0.59375,-2.492,9
797,64,0,0.97266,0.47754,-2.136,7
797,64,0,0.96387,0.55664,-2.136,7
797,64,0,1.0195,0.44727,-1.78,9
797,64,0,1.0693,0.40234,-1.78,11
797,64,0,1.0967,0.41309,-1.78,10
797,64,0,1.001,0.48633,-1.424,9
797,64,0,1.0527,0.44434,-1.424,11
797,64,0,1.0654,0.4873,-1.424,10
797,64,0,2.0244,0.47559,-1.424,11
797,64,0,2.1084,0,-1.424,14
797,64,0,2.1377,0,-1.424,12
797,64,0,1.9932,0.59277,-1.068,19
797,64,0,1.7705,1.1455,-1.068,23
797,64,0,1.2129,1.7607,-1.068,18
797,64,0.23633,1.2188,-0.20996,-0.71201,11
797,64,0.24121,1.2617,-0.10059,-0.71201,14
797,64,0.28809,1.2861,-0.011719,-0.71201,13
797,64,0.26367,1.3799,-0.061523,-0.71201,8
797,64,-0.15039,0.94629,0.72363,-0.356,9
797,64,0.23047,1.1914,-0.19922,-0.356,25
797,64,0.23633,1.2305,-0.125,-0.356,47
797,64,0.24121,1.2637,-0.077148,-0.356,59
797,64,0.28809,1.2842,-0.0625,-0.356,48
797,64,0.29492,1.3066,-0.14844,-0.356,21
797,64,0.25781,1.3467,0.12109,-0.356,22
797,64,0.21973,1.373,0.20996,-0.356,30
797,64,0.13477,1.3838,0.35742,-0.356,21
797,64,-0.39551,0.55273,-1.2305,0,7
797,64,-0.26953,0.1875,-1.3975,0,8
797,64,-0.41211,0.6084,-1.2666,0,6
797,64,-0.41992,0.43262,-1.3662,0,4
798,64,0,1.1563,0.56836,0,11
798,64,0.082031,1.2568,0.3877,0,23
798,64,0.083984,1.3086,0.30762,0,33
798,64,0.12891,1.3535,0.2168,0,35
798,64,0.043945,1.4023,0.084961,0,27
798,64,0.089844,1.4316,0.046875,0,17
798,64,0.18262,1.4482,0.11426,0,9
798,64,0.1875,1.1855,-0.047852,0.356,7
798,64,0.19238,1.2061,-0.14355,0.356,16
798,64,0.23633,1.2354,-0.069336,0.356,25
798,64,0.28223,1.2559,0.05957,0.356,33
798,64,0.28809,1.2705,0.2002,0.356,41
798,64,0.29492,1.2822,0.28906,0.356,39
798,64,0.30078,1.2979,0.34473,0.356,31
798,64,0.30762,1.3662,0.11914,0.356,27
798,64,0.31348,1.3936,0.1377,0.356,25
798,64,0.32031,1.4189,0.1709,0.356,16
798,64,0.23633,1.2363,-0.03418,0.71201,7
798,64,0.20117,1.2666,0.12109,0.71201,9
798,64,0.24707,1.2656,0.27246,0.71201,12
798,64,0.21094,1.2822,0.35742,0.71201,11
798,64,0,0.79395,0.20508,-2.492,6
798,64,0,0.81152,0.25098,-2.492,7
798,64,0.084961,0.81152,0.39746,-2.492,6
798,64,0,0.86816,0.35352,-2.492,8
798,64,0.060547,0.91016,0.31836,-2.492,7
798,64,-0.024414,0.74805,0.25488,-2.136,9
798,64,-0.050781,0.77539,0.26172,-2.136,16
798,64,-0.080078,0.80957,0.24512,-2.136,18
798,64,-0.19238,0.8418,0.16309,-2.136,13
798,64,0.084961,0.83105,0.35547,-2.136,21
798,64,0.029297,0.87402,0.33789,-2.136,28
798,64,0.030273,0.90234,0.3457,-2.136,22
798,64,0.03125,0.93945,0.33008,-2.136,11
798,64,-0.049805,0.75098,0.24219,-1.78,12
798,64,-0.050781,0.77344,0.2666,-1.78,19
798,64,-0.080078,0.80273,0.26563,-1.78,21
798,64,-0.082031,0.83984,0.24414,-1.78,17
798,64,0,0.93652,-0.022461,-1.78,13
798,64,0.030273,0.96582,-0.014648,-1.78,13
798,64,0,0.99219,0.083984,-1.78,10
798,64,0,0.72754,0.22461,-1.424,5
798,64,0,0.74512,0.26465,-1.424,15
798,64,-0.050781,0.78613,0.22852,-1.424,26
798,64,-0.052734,0.81348,0.23828,-1.424,32
798,64,-0.027344,0.84473,0.23926,-1.424,33
798,64,0,0.87695,0.23535,-1.424,38
798,64,0,0.90234,0.25488,-1.424,44
798,64,0,0.92969,0.26465,-1.424,43
798,64,0,0.96191,0.25977,-1.424,30
798,64,0,0.74023,0.27832,-1.068,8
798,64,-0.025391,0.78711,0.22949,-1.068,17
798,64,-0.052734,0.8125,0.24219,-1.068,22
798,64,-0.027344,0.83984,0.25586,-1.068,24
798,64,0,0.86523,0.27344,-1.068,25
798,64,0,0.89453,0.2793,-1.068,27
798,64,0,0.9209,0.29199,-1.068,25
798,64,-0.041992,1.2109,0.58984,-1.068,14
798,64,0,1.2275,0.62402,-1.068,14
798,64,0,1.2178,0.70313,-1.068,11
798,64,0,0.84082,0.25488,-0.71201,7
798,64,0,0.8623,0.28418,-0.71201,8
798,64,0,0.90625,0.24023,-0.71201,8
798,64,0,0.9375,0.23535,-0.71201,8
799,64,0.15723,1.25,0.0068359,0,12
799,64,0.16113,1.2725,0.12598,0,28
799,64,0.16504,1.2959,0.17383,0,50
799,64,0.16797,1.3232,0.18652,0,65
799,64,0.12891,1.3516,0.22461,0,60
799,64,0.13184,1.3789,0.23828,0,40
799,64,0.13477,1.4063,0.25195,0,19
799,64,0.36621,1.415,-0.091797,0,9
799,64,0.11523,1.2041,-0.22168,0.356,13
799,64,0.19727,1.2324,-0.1709,0.356,21
799,64,-0.16113,0.94141,-0.86426,0.356,33
799,64,-0.082031,1.124,-0.68262,0.356,48
799,64,-0.083984,1.2852,-0.39453,0.356,51
799,64,-0.085938,1.334,0.32813,0.356,39
799,64,0.4834,1.2646,0.37793,0.356,28
799,64,0.49316,1.334,-0.19141,0.356,31
799,64,0.45801,1.3555,-0.3125,0.356,30
799,64,0.4668,1.3867,-0.30078,0.356,23
799,64,-0.16113,1.1045,-0.64453,0.71201,15
799,64,-0.20605,0.94727,-0.89258,0.71201,19
799,64,-0.46289,0,-1.3076,0.71201,20
799,64,-0.5166,0,1.373,0.71201,19
799,64,-0.57129,0,1.3379,0.71201,14
799,64,0.44824,1.3281,-0.30664,0.71201,10
799,64,0.45801,1.3105,-0.46484,0.71201,12
799,64,0,1.3477,0.012695,1.068,11
799,64,0,1.376,-0.044922,1.068,15
799,64,0,1.4043,-0.063477,1.068,15
799,64,0,1.4209,-0.19922,1.068,11
799,64,-0.029297,0.90723,-0.23438,1.424,6
799,64,-0.18262,1.4453,-0.15039,1.424,5
799,64,0,0.86035,-0.17969,1.78,7
799,64,0,0.89453,-0.15625,1.78,13
799,64,0,0.91992,-0.17969,1.78,15
799,64,0,0.94434,-0.20605,1.78,12
799,64,0,0.96387,-0.24902,1.78,7
799,64,0,0.90137,-0.11035,2.136,10
799,64,0,0.9248,-0.15332,2.136,11
799,64,0,0.95703,-0.1377,2.136,10
799,64,0,0.96973,-0.22461,2.136,6
799,64,0.12598,1.3174,0.25293,-1.068,6
799,64,0.042969,1.3623,0.19336,-1.068,5
799,64,0.080078,1.2754,0.16895,-0.71201,22
799,64,0.082031,1.3086,0.1377,-0.71201,43
799,64,0.12598,1.3359,0.12109,-0.71201,57
799,64,0.085938,1.3701,0.10254,-0.71201,51
799,64,0.13184,1.3975,0.075195,-0.71201,34
799,64,0.089844,1.4307,0.069336,-0.71201,17
799,64,0.039063,1.1299,0.55566,-0.356,15
799,64,0.040039,1.2568,0.28125,-0.356,55
799,64,0.082031,1.3008,0.19434,-0.356,111
799,64,0.12598,1.3311,0.16602,-0.356,148
799,64,0.085938,1.3652,0.15527,-0.356,137
799,64,0.13184,1.3916,0.15039,-0.356,93
799,64,0.13477,1.416,0.19336,-0.356,47
799,64,0.045898,1.2646,0.7373,-0.356,22
799,64,-0.31445,0,-1.25,0,9
799,64,-0.32227,0.16113,-1.2373,0,21
799,64,-0.37109,0,-1.2715,0,37
799,64,-0.33691,0.16992,-1.293,0,45
799,64,-0.38672,0.28516,-1.29,0,40
799,64,-0.39551,0.33398,-1.3076,0,26
799,64,-0.40332,0.44727,-1.3027,0,13
799,64,-0.45801,0,-1.4316,0,5
800,64,0.037109,1.1963,-0.10254,0,7
800,64,0,1.2266,-0.091797,0,26
800,64,0,1.2578,-0.067383,0,60
800,64,0.040039,1.2861,-0.068359,0,89
800,64,0.041016,1.3154,-0.074219,0,91
800,64,0.083984,1.3398,-0.11035,0,78
800,64,0.12891,1.3633,-0.14258,0,74
800,64,0.13184,1.3926,-0.14258,0,67
800,64,0.17969,1.4189,-0.11426,0,49
800,64,0.18262,1.4473,-0.12402,0,27
800,64,0.2334,1.4658,-0.16797,0,12
800,64,0,1.1973,-0.09375,0.356,10
800,64,0,1.2275,-0.073242,0.356,46
800,64,0.039063,1.2578,-0.044922,0.356,108
800,64,0.040039,1.2881,-0.029297,0.356,166
800,64,0.041016,1.3174,-0.017578,0.356,173
800,64,0.083984,1.3447,-0.0019531,0.356,130
800,64,0.12891,1.3701,-0.044922,0.356,75
800,64,0.21973,1.3828,-0.125,0.356,44
800,64,0.31348,1.3809,-0.23535,0.356,32
800,64,0.41211,1.3662,-0.3291,0.356,28
800,64,0.4668,1.3682,-0.37598,0.356,22
800,64,0,1.2012,-0.016602,0.71201,7
800,64,0,1.2305,-0.016602,0.71201,34
800,64,0.039063,1.2588,0.0078125,0.71201,80
800,64,0,1.2891,-0.00097656,0.71201,120
800,64,0.041016,1.3174,0.014648,0.71201,123
800,64,0.041992,1.3467,0.018555,0.71201,91
800,64,0.085938,1.374,-0.0019531,0.71201,48
800,64,0.21973,1.3877,-0.041992,0.71201,23
800,64,0.26953,1.4072,-0.09082,0.71201,13
800,64,0,1.2578,0.072266,1.068,11
800,64,0,1.2852,0.089844,1.068,16
800,64,0.041016,1.3154,0.073242,1.068,17
800,64,0,1.3477,0.015625,1.068,12
800,64,0,1.1084,-0.27734,2.136,8
800,64,0,1.1416,-0.2627,2.136,12
800,64,0,1.1582,-0.31543,2.136,12
800,64,0,1.1895,-0.31445,2.136,9
800,64,0,1.2109,-0.3457,2.136,6
800,64,0,1.1211,-0.21777,2.492,8
800,64,0,1.1572,-0.18262,2.492,10
800,64,0,1.1738,-0.25391,2.492,10
800,64,0,1.1963,-0.28418,2.492,8
800,64,0.15723,1.2441,0.11133,-0.71201,8
800,64,0.16113,1.2744,0.099609,-0.71201,14
800,64,0.20605,1.2969,0.11133,-0.71201,23
800,64,0.21094,1.3301,-0.041992,-0.71201,32
800,64,0.17188,1.3564,-0.1582,-0.71201,38
800,64,0.13184,1.3926,-0.13867,-0.71201,36
800,64,0.13477,1.4268,-0.074219,-0.71201,27
800,64,0.091797,1.4502,0.18262,-0.71201,14
800,64,0.15332,1.2197,-0.037109,-0.356,13
800,64,0.15723,1.2471,0.075195,-0.356,29
800,64,0.16113,1.2676,0.16992,-0.356,48
800,64,0.20605,1.291,0.16602,-0.356,68
800,64,0.21094,1.3281,0.079102,-0.356,83
800,64,0.17188,1.3643,-0.057617,-0.356,89
800,64,0.13184,1.3975,-0.074219,-0.356,83
800,64,0.13477,1.4287,-0.0087891,-0.356,66
800,64,0.091797,1.4512,0.17285,-0.356,43
800,64,0.046875,1.4023,0.5127,-0.356,22
800,64,-0.4209,0.42188,1.208,0,42
800,64,-0.4209,0,1.2969,0.356,75
801,64,0.038086,1.2285,-0.048828,0,7
801,64,0.039063,1.2588,-0.02832,0,41
801,64,0.040039,1.2871,-0.039063,0,118
801,64,0.041016,1.3164,-0.055664,0,208
801,64,0.041992,1.3447,-0.073242,0,256
801,64,0.042969,1.373,-0.095703,0,222
801,64,0.087891,1.3975,-0.125,0,139
801,64,0.089844,1.4219,-0.16992,0,61
801,64,0.091797,1.4395,-0.25195,0,20
801,64,-1.874,0,-0.55371,0,5
801,64,1.1895,0.41211,1.4277,0,4
801,64,0,1.21,0.2207,0.356,9
801,64,0,1.2598,0.013672,0.356,76
801,64,0.040039,1.2881,-0.0029297,0.356,238
801,64,0.041016,1.3174,-0.019531,0.356,429
801,64,0.041992,1.3457,-0.035156,0.356,539
801,64,0.042969,1.375,-0.05957,0.356,469
801,64,0.087891,1.3994,-0.10156,0.356,297
801,64,0.089844,1.4199,-0.18555,0.356,131
801,64,0.045898,1.4131,-0.38281,0.356,46
801,64,-1.874,0,-0.36719,0.356,10
801,64,-1.9033,0,-0.32715,0.356,9
801,64,0.081055,2.5996,-0.17969,0.356,8
801,64,0.082031,2.6318,-0.12012,0.356,8
801,64,0,1.2598,-0.0097656,0.71201,40
801,64,0.040039,1.2881,-0.0068359,0.71201,121
801,64,0.041016,1.3174,-0.017578,0.71201,222
801,64,0.041992,1.3467,-0.033203,0.71201,279
801,64,0.042969,1.375,-0.054688,0.71201,247
801,64,0.087891,1.4004,-0.086914,0.71201,154
801,64,0.044922,1.4268,-0.14941,0.71201,69
801,64,0.045898,1.4365,-0.28027,0.71201,23
801,64,0.16309,2.6006,0.058594,0.71201,9
801,64,0.082031,2.6299,0.16504,0.71201,9
801,64,0,1.2344,-0.25195,1.068,6
801,64,0,1.2666,-0.23535,1.068,18
801,64,0,1.2949,-0.24707,1.068,32
801,64,0,1.3232,-0.25195,1.068,42
801,64,0,1.3477,-0.2793,1.068,37
801,64,0,1.374,-0.2959,1.068,24
801,64,0,1.4014,-0.30859,1.068,11
801,64,0,1.3047,-0.33691,1.424,7
801,64,0,1.335,-0.33691,1.424,8
801,64,0,1.3652,-0.33691,1.424,7
801,64,0.082031,1.3086,-0.13281,-0.71201,9
801,64,0.041992,1.3447,-0.077148,-0.71201,13
801,64,0.042969,1.3613,-0.19727,-0.71201,12
801,64,0.043945,1.3564,-0.36719,-0.71201,8
801,64,0.19238,1.2139,0.049805,-0.356,8
801,64,0.19727,1.2363,0.13574,-0.356,13
801,64,0.28223,1.2539,0.099609,-0.356,19
801,64,0.041016,1.3174,-0.021484,-0.356,30
801,64,0.083984,1.3428,-0.079102,-0.356,45
801,64,0.085938,1.3662,-0.14355,-0.356,41
801,64,0.043945,1.3555,-0.37012,-0.356,25
801,64,0.44824,1.3633,0.032227,-0.356,16
801,64,0.45801,1.3877,-0.091797,-0.356,17
801,64,1.1133,0.28711,1.4805,0,4
801,64,1.3086,0,1.5908,0,4
801,64,1.1719,0,1.501,0.356,8
801,64,1.1895,0,1.6514,0.356,8
801,64,-0.89648,0.50586,-2.3955,0.356,5
801,64,-0.90625,0,2.5313,0.356,5
801,64,-0.54688,0.81055,0.92578,1.424,4
802,39,0.040039,1.2881,-0.019531,0,10
802,39,0.041016,1.3096,-0.14648,0,24
802,39,0.041992,1.3359,-0.16797,0,41
802,39,0.042969,1.3662,-0.16309,0,51
802,39,0.043945,1.3945,-0.17383,0,53
802,39,0.044922,1.4219,-0.19336,0,47
802,39,0.045898,1.4531,-0.17969,0,33
802,39,0.046875,1.4785,-0.20605,0,17
802,39,0.23633,1.2217,0.19336,0.356,11
802,39,-0.080078,1.2666,-0.22363,0.356,17
802,39,0,1.3125,-0.11914,0.356,48
802,39,0,1.3447,-0.085938,0.356,86
802,39,0,1.375,-0.075195,0.356,107
802,39,0.043945,1.4014,-0.10449,0.356,110
802,39,0.089844,1.4238,-0.1582,0.356,96
802,39,0.1377,1.4443,-0.19922,0.356,67
802,39,0.13965,1.4658,-0.25,0.356,33
802,39,0,1.3135,-0.10645,0.71201,20
802,39,0,1.3447,-0.081055,0.71201,36
802,39,0.042969,1.374,-0.064453,0.71201,46
802,39,0.043945,1.4043,-0.049805,0.71201,43
802,39,0.089844,1.4297,-0.084961,0.71201,36
802,39,0.045898,1.4512,-0.19141,0.71201,24
802,39,0.09375,1.4678,-0.2627,0.71201,12
802,39,0.40332,1.3672,-0.16895,-0.71201,10
802,39,0.41211,1.3936,-0.18262,-0.71201,10
802,39,0.23047,1.208,0.027344,-0.356,7
802,39,0.23633,1.2305,0.12793,-0.356,16
802,39,0.24121,1.2588,0.13574,-0.356,22
802,39,0.3291,1.2666,0.15625,-0.356,21
802,39,-0.12598,1.3418,0,-0.356,14
802,39,0,1.375,-0.0625,-0.356,15
802,39,0.26367,1.3721,-0.1543,-0.356,23
802,39,0.3584,1.3818,-0.14648,-0.356,32
802,39,0.41211,1.3965,-0.16016,-0.356,33
802,39,0.41992,1.4277,-0.12305,-0.356,23
802,39,0.32227,1.1621,0.4541,0.356,15
802,39,-0.16504,1.2959,-0.17285,-0.356,13
802,39,0.33691,0.72949,-1.0811,-0.356,12
803,24,0.43945,1.335,0.0058594,0,6
803,24,0.40332,1.377,-0.037109,0,7
803,24,0.41211,1.4043,-0.058594,0,6
803,24,0.19238,1.2129,0.077148,0.356,8
803,24,0.15723,1.2451,0.11035,0.356,15
803,24,0.20117,1.2686,0.10059,0.356,20
803,24,0.24707,1.2891,0.11621,0.356,17
803,24,0.16797,1.3223,0.19922,0.356,9
803,24,0,1.376,-0.035156,0.356,11
803,24,0.17578,1.3896,0.12207,0.356,13
803,24,0.31348,1.4004,0.035156,0.356,15
803,24,0.15332,1.2207,0,-0.356,7
803,24,0.19727,1.2432,0.03418,-0.356,15
803,24,0.20117,1.2725,0.015625,-0.356,20
803,24,0.20605,1.3018,0.026367,-0.356,18
803,24,0.25293,1.3213,0.073242,-0.356,10
803,24,0.25781,1.3516,-0.020508,-0.356,11
803,24,0.35156,1.3584,-0.089844,-0.356,21
803,24,0.3584,1.3848,-0.1123,-0.356,26
803,24,0.41211,1.3916,-0.19922,-0.356,22
803,24,-0.17578,1.3789,0.20703,0,4
803,24,-0.17969,1.3779,-0.3584,0,4
803,24,-0.21094,1.2402,-0.48145,0.356,8
803,24,-0.25293,0.81738,-1.041,-0.356,7
804,24,0.39551,1.334,-0.2002,0,5
804,24,0.44824,1.3584,-0.11426,0,7
804,24,0.36621,1.3975,-0.24219,0,5
804,24,0.11816,1.2539,0,0.356,5
804,24,0.16113,1.2764,0.081055,0.356,8
804,24,0.12402,1.3115,-0.026367,0.356,7
804,24,0.34375,1.3262,-0.13086,0.356,9
804,24,0.39551,1.3457,-0.097656,0.356,16
804,24,0.40332,1.3711,-0.125,0.356,21
804,24,0.41211,1.3965,-0.15625,0.356,20
804,24,0.41992,1.4297,-0.097656,0.356,14
804,24,0.40332,1.334,-0.34277,-0.71201,9
804,24,0.36621,1.3848,-0.30273,-0.71201,8
804,24,0.20117,1.2725,-0.038086,-0.356,8
804,24,0.16504,1.3008,-0.13477,-0.356,7
804,24,0.29492,1.3115,-0.083984,-0.356,7
804,24,0.38672,1.3164,-0.10742,-0.356,14
804,24,0.43945,1.3232,-0.18359,-0.356,24
804,24,0.40332,1.3604,-0.21191,-0.356,31
804,24,0.45801,1.374,-0.2168,-0.356,29
804,24,0.41992,1.4131,-0.23926,-0.356,21
804,24,-0.085938,1.1348,-0.77344,0.356,6
804,24,-0.091797,0.43457,1.3955,-0.71201,5
804,24,-0.13965,0.6543,1.335,-0.356,11
830,6,0.23633,1.2031,-0.28613,0.356,7
830,6,0.083984,1.2461,0.50488,0.356,7
830,6,0.35156,1.3594,0.072266,0.356,10
830,6,0.083984,1.2695,0.44434,-0.356,7
830,6,0.17188,1.3447,0.23926,-0.356,8
830,6,0.35156,1.3613,0.0097656,-0.356,9
831,16,0.15332,1.2139,-0.12598,0.356,7
831,16,0.19727,1.2441,0,0.356,12
831,16,0.20117,1.2686,0.1084,0.356,16
831,16,0.16504,1.2988,0.15234,0.356,16
831,16,0.16797,1.3086,0.27148,0.356,13
831,16,0.17188,1.3447,0.23633,0.356,9
831,16,0.35156,1.3555,-0.125,0.356,8
831,16,0.44824,1.3525,-0.17285,0.356,10
831,16,0.41211,1.4043,-0.051758,0.356,9
831,16,0.15332,1.21,-0.1582,-0.356,6
831,16,0.19727,1.2441,-0.0019531,-0.356,12
831,16,0.20117,1.2715,0.048828,-0.356,15
831,16,0.16504,1.2988,0.15137,-0.356,15
831,16,0.12598,1.3232,0.21777,-0.356,13
831,16,0.17188,1.3525,0.18652,-0.356,9
831,16,0.3584,1.3818,-0.14746,-0.356,8
832,10,0.15332,1.2207,-0.021484,0.356,7
832,10,0.15723,1.249,0.045898,0.356,13
832,10,0.24121,1.2637,0.074219,0.356,18
832,10,0.24707,1.291,0.10254,0.356,14
832,10,0.3584,1.3818,-0.14746,0.356,11
832,10,0.15332,1.2119,-0.1416,-0.356,7
832,10,0.23633,1.2344,-0.085938,-0.356,13
832,10,0.24121,1.2646,-0.046875,-0.356,15
832,10,0.24707,1.293,-0.067383,-0.356,12
832,10,0.3584,1.3857,-0.099609,-0.356,10
833,10,0.19727,1.2432,0.047852,0.356,9
833,10,0.16113,1.2783,0.0087891,0.356,12
833,10,0.16504,1.2979,0.16309,0.356,13
833,10,0.041992,1.3164,0.2832,0.356,10
833,10,0.042969,1.2813,0.50293,0.356,8
833,10,0.23633,1.2354,-0.05957,-0.356,10
833,10,0.16113,1.2783,-0.03125,-0.356,13
833,10,0.16504,1.3047,0.091797,-0.356,13
833,10,0.083984,1.3057,0.32227,-0.356,12
833,10,0.085938,1.3271,0.35547,-0.356,10
834,13,0.19238,1.2051,-0.15332,0.356,6
834,13,0.19727,1.2412,0.079102,0.356,11
834,13,0.20117,1.2676,0.11426,0.356,16
834,13,0.16504,1.2939,0.1875,0.356,18
834,13,0.083984,1.2695,0.44434,0.356,16
834,13,0.085938,1.2861,0.48438,0.356,13
834,13,0,1.29,0.55859,0.356,7
834,13,0.15723,1.249,-0.049805,-0.356,10
834,13,0.16113,1.2783,0.03125,-0.356,16
834,13,0.16504,1.2881,0.22363,-0.356,20
834,13,0.083984,1.2793,0.41309,-0.356,19
834,13,0.085938,1.2881,0.47754,-0.356,15
834,13,0,1.2988,0.53809,-0.356,8
835,9,0,1.1338,0.67285,0.356,8
835,9,0,1.1914,0.62988,0.356,10
835,9,0,1.1357,0.6084,-0.356,7
835,9,0,1.2031,0.53906,-0.356,13
835,9,0.041992,1.249,0.50391,-0.356,15
835,9,0.042969,1.2217,0.63379,-0.356,10
835,9,-0.45313,1.0479,-0.65918,0.356,5
835,9,-0.4834,0.82324,-0.86621,-0.356,4
835,9,-0.45313,0.96777,-0.77148,-0.356,7
836,26,0,1.2764,0.3291,0,6
836,26,0,1.2979,0.3623,0,5
836,26,0.085938,1.2373,0.59668,0,6
836,26,0.043945,1.2676,0.60645,0,8
836,26,0.089844,1.3271,0.53809,0,9
836,26,0.045898,1.332,0.60742,0,5
836,26,0.15723,1.25,0,0.356,6
836,26,0.12109,1.2598,0.24121,0.356,7
836,26,0.12402,1.2607,0.3623,0.356,9
836,26,0.12598,1.2617,0.45703,0.356,11
836,26,0.085938,1.3076,0.41992,0.356,12
836,26,0.043945,1.3516,0.38379,0.356,9
836,26,0.041016,1.29,0.26758,-0.71201,5
836,26,0.083984,1.2773,0.4209,-0.71201,6
836,26,0.042969,1.2861,0.48926,-0.71201,7
836,26,0.087891,1.3213,0.47168,-0.71201,10
836,26,0.089844,1.3271,0.53809,-0.71201,10
836,26,0.091797,1.3799,0.4834,-0.71201,7
836,26,0.19727,1.2422,-0.058594,-0.356,8
836,26,0.080078,1.2637,0.24219,-0.356,12
836,26,0.082031,1.2764,0.31836,-0.356,17
836,26,0.083984,1.293,0.37012,-0.356,19
836,26,0.085938,1.3086,0.41797,-0.356,20
836,26,0.087891,1.3281,0.45117,-0.356,22
836,26,0.089844,1.3604,0.44824,-0.356,21
836,26,0.091797,1.3809,0.47949,-0.356,14
837,63,0.037109,1.0391,0.59961,0,6
837,63,0.038086,1.0635,0.61719,0,19
837,63,0.039063,1.1074,0.59863,0,40
837,63,0,1.1445,0.5918,0,54
837,63,0,1.1777,0.59082,0,49
837,63,0,1.2529,0.49414,0,32
837,63,0.12891,1.2949,0.44922,0,22
837,63,0.17578,1.3271,0.43066,0,22
837,63,0.13477,1.3701,0.40527,0,18
837,63,0.091797,1.3887,0.45703,0,11
837,63,0.23047,1.2051,-0.083008,0.356,18
837,63,0.23633,1.2354,-0.068359,0.356,35
837,63,0.24121,1.2607,-0.11426,0.356,46
837,63,0.24707,1.2715,-0.24219,0.356,36
837,63,0,1.3428,0.11426,0.356,14
837,63,0.17188,1.3428,0.24805,0.356,23
837,63,0.21973,1.3604,0.28027,0.356,32
837,63,0.22461,1.3799,0.32227,0.356,29
837,63,0.18262,1.3926,0.41504,0.356,21
837,63,0.19727,1.2441,0.0048828,0.71201,11
837,63,0.16113,1.2773,-0.058594,0.71201,14
837,63,0.20605,1.2881,-0.1875,0.71201,11
837,63,0.21973,1.3525,0.31543,0.71201,10
837,63,0.22461,1.3711,0.36035,0.71201,9
837,63,0.041016,1.2402,0.44434,-1.424,9
837,63,0.041992,1.2676,0.4541,-1.424,10
837,63,0,1.2422,0.59277,-1.424,6
837,63,0.037109,1.0957,0.48926,-1.068,6
837,63,0.038086,1.1484,0.44043,-1.068,25
837,63,0.039063,1.1729,0.45605,-1.068,55
837,63,0.040039,1.2061,0.45215,-1.068,80
837,63,0.041016,1.2314,0.46777,-1.068,79
837,63,0.041992,1.2666,0.45801,-1.068,54
837,63,0.085938,1.291,0.46973,-1.068,26
837,63,0.043945,1.3691,0.31445,-1.068,7
837,63,0.075195,1.1055,0.46289,-0.71201,21
837,63,0.077148,1.1396,0.45703,-0.71201,80
837,63,0.079102,1.168,0.46582,-0.71201,168
837,63,0.040039,1.1992,0.4707,-0.71201,225
837,63,0.041016,1.2227,0.48926,-0.71201,205
837,63,0.041992,1.2461,0.50977,-0.71201,125
837,63,0.042969,1.249,0.57617,-0.71201,46
837,63,0,1.3076,0.51563,-0.71201,10
837,63,0.1123,1.125,0.40625,-0.356,21
837,63,0.077148,1.1465,0.43945,-0.356,77
837,63,0.079102,1.168,0.46484,-0.356,158
837,63,0.080078,1.1904,0.48828,-0.356,209
837,63,0.082031,1.2041,0.5293,-0.356,185
837,63,0.041992,1.2012,0.6084,-0.356,105
837,63,0,0.96094,0.98535,-0.356,38
837,63,0.13184,1.3906,-0.15918,-0.356,25
837,63,0.17969,1.3682,-0.39355,-0.356,12
837,63,-0.45801,0.89453,-1.0654,0,6
837,63,-0.20605,0.96484,0.87402,0.356,19
837,63,0.75781,0.65234,-0.90332,0.356,9
837,63,-0.31348,0.82227,-1.1338,0.71201,5
837,63,0.81738,0.79199,-0.77441,-1.424,4
837,63,-0.41309,0.8418,-0.75,-1.068,4
837,63,-0.38477,0.90527,-0.73926,-1.068,13
837,63,-0.375,0.89648,-0.70508,-0.71201,12
837,63,-0.33789,0.9248,-0.6875,-0.356,12
837,63,-0.39551,0.75098,-1.1211,-0.356,18
837,63,-0.3584,0.99707,-0.96777,-0.356,10
838,64,0.23633,1.2295,0.13867,0,8
838,64,0.24121,1.2568,0.15137,0,11
838,64,0.28809,1.2734,0.18262,0,10
838,64,0,1.2871,-0.39746,0,5
838,64,0.085938,1.374,-0.00097656,0,13
838,64,0.087891,1.4014,0.075195,0,16
838,64,0,1.4316,0.099609,0,10
838,64,0,1.4639,0.025391,0,5
838,64,0.20605,2.1465,-0.41992,0,13
838,64,0.27832,2.2041,-0.13965,0,11
838,64,0.28223,2.2373,0,0,7
838,64,0.19238,1.2148,0.0087891,0.356,14
838,64,0.27539,1.2266,0.080078,0.356,34
838,64,0.28223,1.251,0.12793,0.356,50
838,64,0.28809,1.2764,0.15918,0.356,48
838,64,0.37891,1.2842,0.14746,0.356,28
838,64,0.042969,1.376,0.019531,0.356,27
838,64,0.087891,1.3916,0.17676,0.356,34
838,64,0.044922,1.4316,0.089844,0.356,29
838,64,0.091797,1.4561,0.125,0.356,24
838,64,0.13965,1.4668,0.24707,0.356,19
838,64,0.23633,1.2227,0.18848,0.71201,9
838,64,0.24121,1.248,0.21094,0.71201,14
838,64,0.3291,1.252,0.24707,0.71201,14
838,64,0.33691,1.2646,0.31836,0.71201,8
838,64,0.042969,1.376,-0.021484,0.71201,10
838,64,0.043945,1.3955,0.16211,0.71201,14
838,64,0.044922,1.4229,0.18457,0.71201,15
838,64,0.1377,1.4238,0.31348,0.71201,17
838,64,0.13965,1.4365,0.38379,0.71201,16
838,64,0.14258,1.4668,0.38281,0.71201,13
838,64,0.13965,1.4395,0.37402,1.068,8
838,64,0.14258,1.4414,0.46973,1.068,8
838,64,0.036133,0.9502,0.68457,-2.848,8
838,64,0.037109,0.99219,0.67578,-2.848,11
838,64,0.038086,1.04,0.65625,-2.848,11
838,64,0,1.0137,0.52637,-2.492,8
838,64,0,1.0254,0.56641,-2.492,13
838,64,0,1.0459,0.58984,-2.492,17
838,64,0,1.0361,0.66406,-2.492,17
838,64,0.039063,1.0596,0.67871,-2.492,12
838,64,0,1.0723,0.29785,-2.136,8
838,64,0,1.0889,0.3457,-2.136,19
838,64,0,1.1006,0.40137,-2.136,29
838,64,0,1.1299,0.40625,-2.136,31
838,64,0,1.1338,0.47754,-2.136,23
838,64,0.039063,1.1348,0.54395,-2.136,13
838,64,-0.035156,1.0479,0.37305,-1.78,16
838,64,-0.036133,1.0625,0.41797,-1.78,36
838,64,0,1.085,0.44238,-1.78,52
838,64,0,1.1055,0.46973,-1.78,52
838,64,0,1.1377,0.46777,-1.78,36
838,64,0,1.1758,0.45215,-1.78,15
838,64,0,1.0264,0.42969,-1.424,9
838,64,-0.036133,1.0479,0.4541,-1.424,21
838,64,0,1.0635,0.49219,-1.424,31
838,64,0,1.0889,0.50684,-1.424,32
838,64,0,1.1113,0.52637,-1.424,21
838,64,0,1.1475,0.51953,-1.424,9
838,64,0,1.1582,0.31836,-0.71201,8
838,64,0,1.1914,0.30762,-0.71201,10
838,64,0,1.2402,0.2168,-0.71201,9
838,64,0.27051,2.1504,-0.022461,-0.71201,11
838,64,0.34277,2.1602,0.2002,-0.71201,15
839,64,0.080078,1.2793,0.13379,0,11
839,64,0.041016,1.3086,0.15137,0,25
839,64,0.083984,1.3359,0.15527,0,48
839,64,0.12891,1.3604,0.16309,0,64
839,64,0.13184,1.3896,0.1709,0,58
839,64,0.13477,1.417,0.18359,0,38
839,64,0.1377,1.4414,0.21777,0,18
839,64,-0.32715,0.57324,1.3398,0,7
839,64,0.15332,1.2197,-0.049805,0.356,14
839,64,0.19727,1.2432,-0.043945,0.356,28
839,64,0.20117,1.2725,-0.0087891,0.356,39
839,64,0.20605,1.2998,0.06543,0.356,44
839,64,0.21094,1.3223,0.15039,0.356,41
839,64,0.25781,1.335,0.21289,0.356,37
839,64,0.35156,1.3477,0.19336,0.356,33
839,64,0.40332,1.375,0.074219,0.356,26
839,64,0.15723,1.249,0.029297,0.71201,8
839,64,0.20117,1.2715,0.056641,0.71201,12
839,64,0.16504,1.3047,0.091797,0.71201,12
839,64,0.16797,1.3291,0.1377,0.71201,11
839,64,-0.080078,0.7832,0.31934,-2.492,11
839,64,-0.082031,0.81055,0.33008,-2.492,18
839,64,-0.056641,0.84082,0.33887,-2.492,21
839,64,-0.087891,0.88379,0.30078,-2.492,17
839,64,-0.09082,0.92676,0.25781,-2.492,12
839,64,0,0.9209,0.37793,-2.492,11
839,64,0,0.95898,0.36133,-2.492,10
839,64,-0.077148,0.78613,0.22168,-2.136,9
839,64,-0.080078,0.78809,0.30664,-2.136,20
839,64,-0.082031,0.81543,0.31543,-2.136,28
839,64,-0.056641,0.8457,0.32617,-2.136,30
839,64,-0.058594,0.87695,0.32422,-2.136,25
839,64,0,0.89063,0.375,-2.136,24
839,64,0,0.92969,0.35645,-2.136,26
839,64,0,0.94824,0.39063,-2.136,22
839,64,0,0.97656,0.39746,-2.136,13
839,64,-0.10254,0.76563,0.27441,-1.78,7
839,64,-0.052734,0.7959,0.29102,-1.78,17
839,64,-0.082031,0.82715,0.28516,-1.78,24
839,64,-0.084961,0.85449,0.2959,-1.78,25
839,64,0,0.87207,0.34277,-1.78,24
839,64,0,0.88965,0.37891,-1.78,27
839,64,0,0.92285,0.37402,-1.78,29
839,64,0,0.9502,0.38477,-1.78,26
839,64,0,0.96094,0.43359,-1.78,16
839,64,-0.080078,0.79492,0.28809,-1.424,8
839,64,-0.054688,0.83105,0.2793,-1.424,12
839,64,-0.056641,0.84766,0.31934,-1.424,13
839,64,0,0.86816,0.35254,-1.424,13
839,64,0,0.88672,0.38379,-1.424,14
839,64,0,0.92578,0.36816,-1.424,15
839,64,0,0.94727,0.39258,-1.424,14
839,64,-0.43066,0,1.3652,-1.424,15
839,64,-0.39551,0,1.3652,-1.424,17
839,64,-0.3584,0,1.3916,-1.424,14
839,64,-0.45801,0,-1.4551,-1.424,8
839,64,0,0.99219,0.25586,-1.068,7
839,64,-0.4209,0,1.3389,-1.068,16
839,64,-0.38672,0,1.3633,-1.068,22
839,64,-0.39551,0,1.3818,-1.068,23
839,64,0,1.3311,0.53711,-1.068,19
839,64,0,1.3711,0.51367,-1.068,13
839,64,0.082031,1.3154,-0.018555,-0.71201,17
839,64,0.12598,1.3408,0.049805,-0.71201,38
840,43,0.082031,1.3076,0.14551,0,17
840,43,0.083984,1.335,0.16309,0,30
840,43,0.085938,1.3613,0.18359,0,33
840,43,0.087891,1.3916,0.17578,0,24
840,43,0.079102,1.2549,0.063477,0.356,16
840,43,0.080078,1.2803,0.12012,0.356,26
840,43,0.12402,1.3008,0.1748,0.356,35
840,43,0.12598,1.3232,0.2168,0.356,38
840,43,0.12891,1.3486,0.24414,0.356,31
840,43,-0.082031,0.875,-0.0097656,0.71201,11
840,43,-0.056641,0.90625,0.0029297,0.71201,14
840,43,-0.087891,0.93359,0.0029297,0.71201,11
840,43,-0.054688,0.87695,-0.027344,1.068,6
840,43,-0.056641,0.90625,-0.020508,1.068,7
840,43,-0.12793,0.79102,-0.17188,1.424,6
840,43,-0.13281,0.83008,-0.12402,1.424,11
840,43,-0.1377,0.86035,-0.11426,1.424,15
840,43,-0.11328,0.89551,-0.095703,1.424,15
840,43,-0.14648,0.92285,-0.070313,1.424,11
840,43,-0.15137,0.94629,-0.125,1.424,7
840,43,-0.080078,0.84277,-0.066406,1.78,11
840,43,-0.10938,0.85938,-0.14453,1.78,14
840,43,-0.11328,0.89063,-0.13379,1.78,14
840,43,-0.14648,0.91211,-0.16016,1.78,10
840,43,-0.1377,0.85938,-0.12305,2.136,6
840,43,-0.16992,0.87598,-0.16504,2.136,8
840,43,-0.11719,0.90918,-0.19727,2.136,10
840,43,-0.15137,0.91895,-0.25879,2.136,8
840,43,0.12109,1.2803,0.078125,-0.71201,9
840,43,0.12402,1.3105,0.056641,-0.71201,19
840,43,0.12598,1.335,0.12793,-0.71201,29
840,43,0.085938,1.3672,0.1377,-0.71201,29
840,43,0.087891,1.3984,0.1123,-0.71201,20
840,43,0.15723,1.2461,0.089844,-0.356,11
840,43,0.16113,1.2754,0.09668,-0.356,29
840,43,0.12402,1.3066,0.11914,-0.356,57
840,43,0.12598,1.334,0.1416,-0.356,82
840,43,0.12891,1.3613,0.16016,-0.356,81
840,43,0.13184,1.3896,0.16309,-0.356,55
840,43,0.089844,1.4258,0.13965,-0.356,20
840,43,-0.41211,0.35352,-1.2012,0,9
840,43,-0.39746,0,-0.8877,1.068,4
840,43,-0.4834,0,0.90625,1.424,4
841,50,0,1.2246,-0.1123,0,17
841,50,0,1.2529,-0.12402,0,46
841,50,0,1.2803,-0.14551,0,74
841,50,0,1.3037,-0.19141,0,80
841,50,0.041992,1.3301,-0.21289,0,59
841,50,0.042969,1.3555,-0.23535,0,34
841,50,0.087891,1.3955,-0.14648,0,31
841,50,0.044922,1.4189,-0.20801,0,26
841,50,0.045898,1.4326,-0.30176,0,16
841,50,0.037109,1.1904,0.15039,0.356,8
841,50,0,1.2275,0.072266,0.356,38
841,50,0.039063,1.2578,0.046875,0.356,96
841,50,0,1.2881,0.033203,0.356,151
841,50,0.041016,1.3174,0.017578,0.356,158
841,50,0,1.3457,-0.056641,0.356,103
841,50,0,1.3418,-0.30566,0.356,45
841,50,0.087891,1.3975,-0.12402,0.356,47
841,50,0.13477,1.4258,-0.085938,0.356,43
841,50,0.18262,1.4482,-0.1123,0.356,24
841,50,0,1.2285,0.067383,0.71201,23
841,50,0,1.2588,0.03418,0.71201,58
841,50,0,1.2881,0.02832,0.71201,91
841,50,0.041016,1.3174,0.015625,0.71201,98
841,50,0.041992,1.3467,-0.023438,0.71201,68
841,50,0,1.3652,-0.17969,0.71201,28
841,50,0.043945,1.4004,-0.11914,0.71201,17
841,50,0.044922,1.4336,-0.044922,0.71201,17
841,50,0.1377,1.457,-0.0625,0.71201,10
841,50,0,1.2832,-0.11426,1.068,8
841,50,0,1.3174,-0.040039,1.068,9
841,50,0,1.0605,-0.22168,1.78,5
841,50,0,1.0664,-0.31738,1.78,6
841,50,0.19727,1.2432,-0.041992,-0.71201,14
841,50,0.20117,1.2725,-0.019531,-0.71201,21
841,50,0.16504,1.3066,-0.044922,-0.71201,21
841,50,0.21094,1.3301,-0.039063,-0.71201,15
841,50,0.19238,1.2148,0.0087891,-0.356,20
841,50,0.19727,1.2441,0.010742,-0.356,46
841,50,0.20117,1.2725,-0.0048828,-0.356,70
841,50,0.16504,1.3076,-0.023438,-0.356,72
841,50,0.21094,1.3311,-0.017578,-0.356,50
841,50,0.12891,1.3691,-0.05957,-0.356,22
841,50,0.40332,1.3594,-0.2207,-0.356,12
841,50,0,1.0107,1.0596,-0.356,12
841,50,-0.47363,0.42285,1.2217,0.356,25
841,50,-0.5166,0,1.2764,0.71201,15
841,50,-1.2305,0.68066,0.020508,0.71201,9
841,50,-0.44043,0.65234,0.74512,1.78,3
841,50,-0.17969,0.5625,1.3076,-0.356,11
841,50,0.50293,1.3271,-0.36133,-0.356,11
842,53,0.039063,1.2588,-0.022461,0,12
842,53,0.080078,1.2861,-0.011719,0,31
842,53,0.041016,1.3154,-0.071289,0,54
842,53,0.083984,1.3418,-0.086914,0,68
842,53,0.085938,1.3682,-0.12207,0,64
842,53,0.043945,1.3926,-0.18652,0,44
842,53,0.089844,1.418,-0.2002,0,23
842,53,0.045898,1.4375,-0.27441,0,10
842,53,-0.079102,1.1953,-0.38867,0.356,24
842,53,-0.040039,1.249,-0.31445,0.356,63
842,53,0,1.2939,-0.24902,0.356,108
842,53,0,1.3301,-0.21582,0.356,134
842,53,0.042969,1.3643,-0.17871,0.356,122
842,53,0.043945,1.3965,-0.15918,0.356,80
842,53,0.044922,1.4287,-0.13086,0.356,38
842,53,0.091797,1.4619,0,0.356,14
842,53,-0.038086,1.1963,-0.28418,0.71201,17
842,53,0,1.2266,-0.28516,0.71201,54
842,53,0,1.2578,-0.28125,0.71201,102
842,53,0,1.2881,-0.2793,0.71201,138
842,53,0,1.3193,-0.27148,0.71201,130
842,53,0.042969,1.3545,-0.24316,0.71201,89
842,53,0.043945,1.3896,-0.20801,0.71201,43
842,53,0.044922,1.4277,-0.13477,0.71201,15
842,53,0,1.2061,-0.24316,1.068,14
842,53,0,1.2393,-0.22559,1.068,41
842,53,0,1.2666,-0.23828,1.068,72
842,53,0,1.2959,-0.24121,1.068,89
842,53,0,1.3242,-0.24805,1.068,74
842,53,0,1.3506,-0.26465,1.068,45
842,53,0,1.3818,-0.25977,1.068,17
842,53,0,1.209,-0.22656,1.424,7
842,53,0,1.2363,-0.23926,1.424,13
842,53,0,1.2637,-0.25488,1.424,19
842,53,0,1.293,-0.25684,1.424,19
842,53,0,1.3203,-0.26563,1.424,14
842,53,0,1.3525,-0.25781,1.424,8
842,53,0.15723,1.25,0,-0.71201,7
842,53,0.20117,1.2646,0.14648,-0.71201,12
842,53,0.20605,1.291,0.1709,-0.71201,14
842,53,0.29492,1.29,0.25293,-0.71201,13
842,53,0.21484,1.3574,0.085938,-0.71201,9
842,53,0.11523,1.2227,0.072266,-0.356,8
842,53,0.19727,1.2314,0.17383,-0.356,24
842,53,0.20117,1.252,0.22949,-0.356,41
842,53,0.24707,1.2598,0.2998,-0.356,47
842,53,0.25293,1.2822,0.32715,-0.356,38
842,53,0.30078,1.2939,0.35938,-0.356,25
842,53,0.30762,1.3545,0.21777,-0.356,15
842,53,-0.25781,0.61426,-1.2041,-0.71201,5
842,53,-0.21094,1.0166,-0.8584,-0.356,22
842,53,-0.21484,1.0176,-0.90137,-0.356,16
842,53,-0.21973,0.91504,-1.0439,-0.356,9
843,36,0,1.1963,-0.47852,0,4
843,36,0,1.2402,-0.44727,0,18
843,36,0,1.29,-0.39063,0,39
843,36,0,1.3291,-0.3584,0,53
843,36,0.043945,1.3652,-0.33203,0,53
843,36,0,1.3926,-0.34863,0,35
843,36,0.045898,1.4248,-0.33691,0,16
843,36,0.040039,0.79395,-1.0146,0.356,14
843,36,0.041016,1.1729,-0.60059,0.356,35
843,36,0,1.2822,-0.41406,0.356,70
843,36,0.042969,1.3369,-0.32617,0.356,99
843,36,0,1.3818,-0.25684,0.356,99
843,36,0.044922,1.4209,-0.19922,0.356,70
843,36,0,1.4609,-0.099609,0.356,32
843,36,0.040039,1.1357,-0.60645,0.71201,9
843,36,0,1.2725,-0.3418,0.71201,25
843,36,0,1.3135,-0.30176,0.71201,48
843,36,0,1.3535,-0.25195,0.71201,66
843,36,0,1.3857,-0.2373,0.71201,63
843,36,0.044922,1.4189,-0.20801,0.71201,43
843,36,0,1.4492,-0.21094,0.71201,20
843,36,0,1.3691,-0.14063,1.068,8
843,36,0,1.3799,-0.26855,1.068,7
843,36,0.16113,1.1367,0.58594,-0.356,7
843,36,0.20605,1.2207,0.45215,-0.356,10
843,36,0,1.3311,-0.20996,-0.356,13
843,36,0.34375,1.2891,0.33887,-0.356,16
843,36,0.35156,1.3584,0.088867,-0.356,19
843,36,0.40332,1.377,-0.0097656,-0.356,19
843,36,-0.49414,0.71777,0.98828,0.356,18
843,36,-0.57129,0.52148,1.1738,1.068,4
843,36,0.56348,0.98242,-0.61523,-0.356,4
843,36,-0.20605,1.1523,-0.60645,-0.356,8
843,36,0.25293,1.2646,0.38867,-0.356,13
843,36,-0.085938,1.2734,-0.5166,-0.356,14
843,36,-0.13184,1.1328,-0.82227,-0.356,11
844,33,0,1.2725,-0.34277,0,6
844,33,0,1.3135,-0.29883,0,19
844,33,0,1.3467,-0.28613,0,33
844,33,0,1.3711,-0.3125,0,40
844,33,0,1.3867,-0.36914,0,34
844,33,0,1.4043,-0.41406,0,21
844,33,0.15723,1.209,0.31445,0.356,6
844,33,0.16113,1.1973,0.44824,0.356,11
844,33,0,0.3877,-1.2598,0.356,11
844,33,0,1.2305,-0.54883,0.356,34
844,33,0,1.3359,-0.33301,0.356,67
844,33,0.043945,1.3867,-0.22461,0.356,87
844,33,0.089844,1.4229,-0.16406,0.356,77
844,33,0.045898,1.458,-0.12695,0.356,48
844,33,0,1.2725,-0.44141,0.71201,13
844,33,0,1.3535,-0.24902,0.71201,25
844,33,0,1.3916,-0.20313,0.71201,32
844,33,0,1.4258,-0.16113,0.71201,27
844,33,0.045898,1.459,-0.11914,0.71201,17
844,33,0.40332,1.332,-0.35156,-0.71201,8
844,33,0.11816,1.1914,0.3916,-0.356,5
844,33,0.12109,1.2432,0.31641,-0.356,11
844,33,0.16504,1.25,0.38477,-0.356,14
844,33,0.21094,1.2568,0.4375,-0.356,10
844,33,0,1.2832,-0.49902,-0.356,9
844,33,0.13184,1.3877,-0.18164,-0.356,19
844,33,0.3584,1.3535,-0.31348,-0.356,25
844,33,0.41211,1.376,-0.2832,-0.356,24
844,33,1.4277,0,1.7432,-0.356,10
844,33,0.28809,1.1543,0.56738,0.356,11
844,33,-0.25293,0.97949,-0.88965,-0.356,6
844,33,0.5166,0.50195,-1.1738,-0.356,6
844,33,-0.4834,0.76074,1.0791,-0.356,10
845,28,0,1.29,-0.55859,0,4
845,28,0.3584,1.3877,-0.064453,0,5
845,28,0.36621,1.4102,-0.15039,0,5
845,28,0.19727,1.2246,0.21582,0.356,6
845,28,0.16113,1.2598,0.2168,0.356,10
845,28,0.12402,1.3047,0.13672,0.356,14
845,28,0.12598,1.3369,0.10449,0.356,18
845,28,0.085938,1.373,0.054688,0.356,19
845,28,0,1.3965,0.16016,0.356,18
845,28,0.40332,1.3457,-0.29395,0.356,18
845,28,0.45801,1.3691,-0.24805,0.356,17
845,28,0.3584,1.3428,-0.3584,-0.71201,7
845,28,0.23633,1.2266,0.15723,-0.356,6
845,28,0.20117,1.2666,0.12598,-0.356,11
845,28,0.16504,1.3066,0.052734,-0.356,14
845,28,0.12598,1.3418,0.00097656,-0.356,16
845,28,0.21484,1.3574,-0.077148,-0.356,17
845,28,0.35156,1.3408,-0.23242,-0.356,22
845,28,0.44824,1.3369,-0.2666,-0.356,26
845,28,0.45801,1.3662,-0.25977,-0.356,25
845,28,0.4668,1.3896,-0.28516,-0.356,18
845,28,0.35156,1.3613,0,0,4
845,28,-0.044922,1.3965,0.32617,0.356,16
845,28,-0.045898,1.335,0.59961,0.356,13
845,28,-0.089844,1.2041,0.77539,-0.71201,4
845,28,-0.044922,1.29,0.62793,-0.356,14
845,28,-0.091797,1.1758,0.86914,-0.356,14
845,28,-0.09375,0.91797,1.1748,-0.356,11
846,9,0.27539,1.2285,-0.012695,0.356,7
846,9,0.28223,1.25,0.1377,0.356,9
846,9,0.20605,1.2881,0.18848,0.356,9
846,9,0.25293,1.3066,0.20703,0.356,8
846,9,0.19727,1.2441,-0.0058594,-0.356,6
846,9,0.24121,1.2607,0.11914,-0.356,10
846,9,0.24707,1.292,0.082031,-0.356,10
846,9,0.25293,1.3213,0.069336,-0.356,8
846,9,-0.24707,0.7998,-1.0186,0.356,5
869,13,0.16504,1.2969,0.16992,0.356,8
869,13,0.12598,1.2695,0.43164,0.356,10
869,13,0.21484,1.3018,0.39355,0.356,12
869,13,0.35156,1.3506,0.1709,0.356,16
869,13,0.40332,1.376,0.055664,0.356,19
869,13,0.36621,1.417,0.043945,0.356,15
869,13,0.41992,1.4336,-0.014648,0.356,10
869,13,0.20605,1.2969,0.11328,-0.356,9
869,13,0.16797,1.3027,0.29785,-0.356,11
869,13,0.17188,1.2959,0.43066,-0.356,12
869,13,0.30762,1.3613,0.16602,-0.356,13
869,13,0.40332,1.377,-0.0097656,-0.356,15
869,13,0.41211,1.4043,0.040039,-0.356,13
870,16,0.16113,1.2744,0.10059,0.356,6
870,16,0.12402,1.2959,0.20703,0.356,10
870,16,0.21094,1.3057,0.25488,0.356,14
870,16,0.12891,1.3281,0.33887,0.356,14
870,16,0.17578,1.3496,0.35156,0.356,13
870,16,0.31348,1.3955,0.11133,0.356,11
870,16,0.45801,1.3887,-0.078125,0.356,10
870,16,0.41992,1.4277,-0.12695,0.356,7
870,16,0.20117,1.2705,0.080078,-0.356,7
870,16,0.16504,1.3008,0.13477,-0.356,11
870,16,0.16797,1.3164,0.23438,-0.356,15
870,16,0.12891,1.3545,0.20996,-0.356,15
870,16,0.17578,1.375,0.23242,-0.356,12
870,16,0.22461,1.4033,0.19922,-0.356,9
870,16,0.41211,1.3994,-0.125,-0.356,8
870,16,0.41992,1.4238,-0.16406,-0.356,6
871,14,0.23633,1.2324,0.10938,0.356,10
871,14,0.24121,1.2578,0.13867,0.356,16
871,14,0.24707,1.2832,0.17285,0.356,19
871,14,0.25293,1.3047,0.2207,0.356,17
871,14,0.25781,1.3262,0.2627,0.356,14
871,14,0.21973,1.3525,0.31348,0.356,11
871,14,0.19727,1.2441,0,-0.356,8
871,14,0.24121,1.2646,0.055664,-0.356,14
871,14,0.24707,1.29,0.1084,-0.356,15
871,14,0.29492,1.3125,0.069336,-0.356,13
871,14,0.21484,1.3389,0.23438,-0.356,11
871,14,0.21973,1.3662,0.25,-0.356,9
871,14,-0.16797,0.69434,1.1426,-0.356,8
871,14,-0.12891,0.94824,0.98926,-0.356,7
872,12,0.082031,1.168,0.60547,0.356,9
872,12,0.083984,1.1982,0.61035,0.356,10
872,12,0.17188,1.3047,0.40527,0.356,11
872,12,0.21973,1.3604,0.27734,0.356,12
872,12,0.22461,1.3945,0.25488,0.356,11
872,12,0.082031,1.1934,0.55371,-0.356,9
872,12,0.041992,1.2119,0.58691,-0.356,9
872,12,0.17188,1.3164,0.36426,-0.356,10
872,12,0.17578,1.3545,0.33105,-0.356,10
872,12,-0.41211,0.33789,-1.2051,0.356,5
872,12,-0.41211,0.4873,-1.1533,-0.356,5
872,12,-0.4209,0.62305,-1.1182,-0.356,5
873,8,0.15723,1.2393,-0.16016,0.356,8
873,8,0.16113,1.2773,-0.058594,0.356,7
873,8,0.19727,1.2314,-0.17969,-0.356,7
873,8,0.20117,1.2471,-0.25488,-0.356,7
873,8,-0.23633,0.43262,1.1592,0.356,5
873,8,-0.28223,0.26074,1.2305,0.356,5
873,8,-0.27539,0.21973,1.209,-0.356,4
873,8,-0.28223,0.74121,1.0156,-0.356,4
874,11,0.19238,1.208,-0.12598,0.356,7
874,11,0.19727,1.2363,-0.1377,0.356,12
874,11,0.24121,1.25,-0.19629,0.356,15
874,11,0.24707,1.2783,-0.20605,0.356,12
874,11,0.33691,1.3037,-0.033203,0.356,7
874,11,0.23047,1.2012,-0.13477,-0.356,6
874,11,0.19727,1.2314,-0.17969,-0.356,10
874,11,0.20117,1.2461,-0.26074,-0.356,12
874,11,0.24707,1.2695,-0.25293,-0.356,9
874,11,-0.12598,0.53516,-1.2305,0.356,6
874,11,-0.28809,0.65625,1.1055,-0.356,5
875,11,0.19727,1.2422,-0.06543,0.356,12
875,11,0.24121,1.2656,-0.018555,0.356,17
875,11,0.24707,1.2949,0.0048828,0.356,17
875,11,0.29492,1.3145,0.02832,0.356,12
875,11,0.23633,1.2314,-0.11426,-0.356,11
875,11,0.20117,1.2676,-0.11426,-0.356,15
875,11,0.20605,1.2998,-0.072266,-0.356,15
875,11,0.25293,1.3203,-0.091797,-0.356,11
875,11,0,1.3682,0.43457,-0.356,9
875,11,-0.24707,0.58789,1.1533,-0.356,8
875,11,-0.25293,0.60156,1.1787,-0.356,6
876,32,0.039063,1.1084,0.59668,0,7
876,32,0.040039,1.1641,0.55176,0,17
876,32,0.041016,1.1963,0.55176,0,29
876,32,0.041992,1.2363,0.53418,0,34
876,32,0.042969,1.2695,0.5293,0,29
876,32,0.043945,1.2705,0.59961,0,17
876,32,0,1.3008,0.60547,0,9
876,32,0.15332,1.2178,-0.077148,0.356,7
876,32,0.19727,1.2393,-0.10742,0.356,14
876,32,0.20117,1.2705,-0.073242,0.356,18
876,32,0.24707,1.2939,-0.052734,0.356,17
876,32,0.16797,1.3311,0.12207,0.356,14
876,32,0.17188,1.332,0.2998,0.356,17
876,32,0.17578,1.3594,0.31348,0.356,19
876,32,0.13477,1.3809,0.36621,0.356,15
876,32,0.1377,1.4043,0.39258,0.356,10
876,32,0.079102,1.2422,0.19336,-0.71201,8
876,32,0.080078,1.2373,0.35156,-0.71201,18
876,32,0.082031,1.2559,0.3916,-0.71201,28
876,32,0.083984,1.2822,0.4043,-0.71201,32
876,32,0.085938,1.3008,0.44336,-0.71201,30
876,32,0.043945,1.3389,0.42578,-0.71201,23
876,32,0.089844,1.3574,0.45605,-0.71201,15
876,32,0.15332,1.2158,-0.10449,-0.356,8
876,32,0.11816,1.2441,0.15723,-0.356,22
876,32,0.12109,1.251,0.28418,-0.356,44
876,32,0.082031,1.2578,0.38574,-0.356,64
876,32,0.083984,1.2734,0.43164,-0.356,73
876,32,0.085938,1.2979,0.4502,-0.356,67
876,32,0.087891,1.3369,0.42676,-0.356,50
876,32,0.13477,1.3682,0.41113,-0.356,32
876,32,0.1377,1.4248,0.30762,-0.356,14
877,64,0.038086,1.1025,0.54395,0,12
877,64,0.039063,1.1455,0.52246,0,24
877,64,0.040039,1.1689,0.54199,0,32
877,64,0.082031,1.21,0.51563,0,30
877,64,0.083984,1.2744,0.42773,0,22
877,64,0.17188,1.3467,0.22754,0,17
877,64,0.21973,1.3643,0.26074,0,15
877,64,0.13477,1.3926,0.32129,0,13
877,64,0.1377,1.4248,0.31055,0,12
877,64,0.23047,1.207,0.044922,0.356,11
877,64,0.19727,1.2402,0.10059,0.356,25
877,64,0.20117,1.2646,0.14063,0.356,44
877,64,0.24707,1.2822,0.18164,0.356,59
877,64,0.21094,1.3145,0.20801,0.356,70
877,64,0.17188,1.3447,0.2373,0.356,72
877,64,0.17578,1.3662,0.28027,0.356,66
877,64,0.17969,1.3818,0.3418,0.356,53
877,64,0.18262,1.4014,0.38281,0.356,38
877,64,0.18652,1.4102,0.45508,0.356,23
877,64,0.15723,1.2412,0.1416,0.71201,7
877,64,0.20117,1.2568,0.20215,0.71201,12
877,64,0.24707,1.2734,0.23535,0.71201,17
877,64,0.16797,1.3154,0.2373,0.71201,20
877,64,0.17188,1.3428,0.24805,0.71201,22
877,64,0.13184,1.3613,0.32617,0.71201,20
877,64,0.17969,1.373,0.37695,0.71201,17
877,64,0.1377,1.4004,0.40527,0.71201,13
877,64,0.09375,1.4043,0.50098,0.71201,8
877,64,0,1.1992,0.38379,-1.424,10
877,64,0,1.2334,0.37305,-1.424,18
877,64,0,1.2529,0.4082,-1.424,22
877,64,0,1.2646,0.46484,-1.424,19
877,64,0,1.3076,0.43066,-1.424,11
877,64,0.075195,1.1191,0.42871,-1.068,12
877,64,0.077148,1.1396,0.45801,-1.068,43
877,64,0.039063,1.1729,0.45703,-1.068,87
877,64,0.040039,1.2021,0.46191,-1.068,115
877,64,0.041016,1.2285,0.47461,-1.068,104
877,64,0.041992,1.2578,0.48047,-1.068,66
877,64,0.042969,1.292,0.47168,-1.068,27
877,64,0.075195,1.0918,0.49414,-0.71201,28
877,64,0.077148,1.1172,0.50781,-0.71201,99
877,64,0.039063,1.1543,0.50293,-0.71201,194
877,64,0.040039,1.1826,0.51074,-0.71201,248
877,64,0.041016,1.207,0.52734,-0.71201,215
877,64,0.041992,1.2266,0.55664,-0.71201,121
877,64,0,1.2168,0.64355,-0.71201,37
877,64,0.21973,1.3838,-0.11914,-0.71201,10
877,64,0,2.165,0.89648,-0.71201,8
877,64,0,2.2197,0.83594,-0.71201,7
877,64,0.037109,1.0547,0.57324,-0.356,18
877,64,0.038086,1.0928,0.5625,-0.356,62
877,64,0.039063,1.1201,0.5752,-0.356,125
877,64,0,1.1465,0.58887,-0.356,156
877,64,0,1.1504,0.64355,-0.356,130
877,64,-0.041992,1.1104,0.7627,-0.356,66
877,64,0.25781,1.3486,-0.10156,-0.356,37
877,64,0.21973,1.3799,0.1582,-0.356,41
877,64,0.17969,1.4033,0.23828,-0.356,31
877,64,0.18262,1.4268,0.27441,-0.356,19
877,64,0.22852,1.4131,0.30762,0,12
877,64,0.23633,1.2363,0.02832,0.71201,7
877,64,-0.41309,0.82227,-0.77148,-1.068,7
877,64,-0.38477,0.8916,-0.75488,-1.068,22
878,56,0.20117,1.2705,0.080078,0,6
878,56,0.20605,1.2891,0.17969,0,8
878,56,0.16797,1.2842,0.37012,0,9
878,56,0.12891,1.2314,0.60254,0,8
878,56,0.22461,1.3447,0.44824,0,6
878,56,0.32031,1.417,0.18848,0,8
878,56,0.32715,1.4229,0.31445,0,8
878,56,0.23828,1.4502,0.40039,0,6
878,56,0.15332,1.2197,-0.048828,0.356,7
878,56,0.23633,1.2373,0.0097656,0.356,20
878,56,0.28223,1.2578,0.020508,0.356,33
878,56,0.24707,1.292,0.085938,0.356,38
878,56,0.29492,1.3057,0.15039,0.356,33
878,56,0.25781,1.3242,0.27344,0.356,23
878,56,0.30762,1.3369,0.30762,0.356,18
878,56,0.31348,1.3672,0.30176,0.356,17
878,56,0.27832,2.0762,0.75195,0.356,17
878,56,0.20117,1.2676,0.11719,0.71201,9
878,56,0.24707,1.2842,0.16504,0.71201,11
878,56,0.29492,1.2998,0.19922,0.71201,10
878,56,0.25781,1.3037,0.35742,0.71201,7
878,56,0,1.0098,0.53516,-2.492,10
878,56,0,1.0791,0.45605,-2.492,12
878,56,0,1.0771,0.53125,-2.492,12
878,56,0.038086,1.1211,0.50586,-2.492,11
878,56,0,0.98926,0.57129,-2.136,8
878,56,0,1.0576,0.50391,-2.136,10
878,56,0,1,0.66504,-2.136,10
878,56,0.038086,1.0801,0.58789,-2.136,8
878,56,0,2.0488,0.5,-1.068,17
878,56,0,1.9688,0.83398,-1.068,19
878,56,0.28223,1.2441,-0.18066,-0.71201,5
878,56,0.28809,1.2744,-0.1709,-0.71201,6
878,56,0.27539,1.2236,-0.10938,-0.356,13
878,56,0.28223,1.2529,-0.1123,-0.356,22
878,56,0.28809,1.2842,-0.066406,-0.356,26
878,56,0.29492,1.3145,-0.027344,-0.356,23
878,56,0.30078,1.3428,-0.0068359,-0.356,19
878,56,0.26367,1.3809,-0.0058594,-0.356,18
878,56,0.3584,1.3896,-0.012695,-0.356,18
878,56,-0.38672,1.0703,-0.77441,0,5
878,56,-0.40332,0.77344,-1.1396,0,6
878,56,-0.32031,0.55957,-1.3154,0,7
878,56,-0.28027,0.78516,-1.2393,0,7
878,56,-0.42871,1.1084,-0.95215,0,4
878,56,-0.25781,0.91504,-0.99512,0.356,14
878,56,-0.26367,1.0479,-0.90039,0.356,14
878,56,-0.26953,0.99707,-0.99707,0.356,13
878,56,-0.25781,0.94434,-0.96777,0.71201,5
878,56,-0.16113,1.0527,0.72559,-0.71201,5
878,56,-0.20605,0.82227,1.0088,-0.71201,5
878,56,-0.19727,0.72461,1.0107,-0.356,9
878,56,-0.20117,0.7041,1.0605,-0.356,13
878,56,-0.16504,0.6748,1.1201,-0.356,15
878,56,-0.21094,0,1.335,-0.356,13
878,56,-0.17188,0.625,-1.2148,-0.356,11
879,64,-0.12598,1.0801,0.7959,0,13
879,64,-0.085938,1.1982,0.67188,0,24
879,64,-0.087891,1.2725,0.5918,0,32
879,64,0,1.3584,0.46387,0,29
879,64,0,1.4082,0.40234,0,17
879,64,0.23633,1.2344,-0.087891,0.356,13
879,64,0.24121,1.2295,-0.30078,0.356,17
879,64,0.24707,1.0811,-0.71191,0.356,17
879,64,0.29492,0.94824,0.91016,0.356,17
879,64,0,1.374,0.085938,0.356,16
879,64,0.043945,1.3682,0.32129,0.356,24
879,64,0.044922,1.3457,0.49707,0.356,26
879,64,0,0.83301,0.36133,-2.492,5
879,64,0,0.87695,0.33008,-2.492,9
879,64,0.030273,0.92285,0.28516,-2.492,12
879,64,0,0.94336,0.32031,-2.492,12
879,64,0,0.97559,0.31543,-2.492,9
879,64,0.02832,0.83984,0.34473,-2.136,10
879,64,0.058594,0.86328,0.35938,-2.136,25
879,64,0.030273,0.89453,0.36523,-2.136,40
879,64,0.03125,0.92773,0.36035,-2.136,44
879,64,0.032227,0.95508,0.37109,-2.136,33
879,64,0,0.98047,0.3877,-2.136,16
879,64,0,0.82227,0.21191,-1.78,7
879,64,0,0.85352,0.20996,-1.78,11
879,64,0,0.87012,0.25977,-1.78,15
879,64,0,0.87109,0.3457,-1.78,24
879,64,0,0.89355,0.36914,-1.78,33
879,64,0,0.92188,0.37695,-1.78,33
879,64,0,0.95215,0.38086,-1.78,23
879,64,0,0.98828,0.36719,-1.78,11
879,64,-0.026367,0.82031,0.21973,-1.424,13
879,64,-0.054688,0.83691,0.26074,-1.424,20
879,64,-0.02832,0.86328,0.27832,-1.424,23
879,64,0,0.8877,0.30078,-1.424,22
879,64,0,0.91211,0.32031,-1.424,26
879,64,0,0.94629,0.31152,-1.424,33
879,64,0.032227,0.98047,0.29785,-1.424,35
879,64,0,1.0107,0.2998,-1.424,25
879,64,0.043945,1.3848,0.23633,-1.424,14
879,64,0.044922,1.418,0.21582,-1.424,13
879,64,0.045898,1.457,0.14355,-1.424,9
879,64,0,0.82227,0.21191,-1.068,7
879,64,-0.027344,0.82715,0.29395,-1.068,12
879,64,-0.056641,0.84375,0.33105,-1.068,12
879,64,0,0.88574,0.30566,-1.068,11
879,64,0,0.91602,0.30859,-1.068,16
879,64,0,0.93457,0.34375,-1.068,21
879,64,0,0.9707,0.32813,-1.068,22
879,64,-0.13184,1.2051,0.71191,-1.068,23
879,64,-0.044922,1.3438,0.50195,-1.068,22
879,64,0,1.418,0.36621,-1.068,14
879,64,-0.29102,0.58984,1.4063,-1.068,9
879,64,-0.29688,0.61719,1.4258,-1.068,12
879,64,-0.35254,0.69434,1.4102,-1.068,10
879,64,-0.21094,0.38867,1.2725,-0.71201,26
879,64,-0.12891,1.0732,0.85254,-0.71201,44
879,64,-0.13184,1.2959,0.52832,-0.71201,53
879,64,-0.089844,1.3809,0.38086,-0.71201,48
879,64,0,1.4248,0.33887,-0.71201,30
879,64,0.28223,1.1172,-0.57813,-0.356,13
879,64,0.37109,0.97656,-0.80371,-0.356,18
879,64,-0.16797,0.875,1.0107,-0.356,36
879,64,-0.12891,1.3115,0.39941,-0.356,62
880,64,0.24121,1.1895,0.43262,0,9
880,64,0.24707,1.2031,0.47656,0,13
880,64,0.25293,1.2402,0.46094,0,17
880,64,0.30078,1.2783,0.41113,0,18
880,64,0.26367,1.3496,0.29199,0,15
880,64,0.31348,1.4004,0.032227,0,10
880,64,-0.1377,1.3525,0.54395,0,8
880,64,0,1.3545,0.63086,0,5
880,64,-0.33301,0.82324,1.2373,0,5
880,64,0.28223,1.2158,-0.32031,0.356,12
880,64,-0.12402,1.2051,0.51855,0.356,22
880,64,-0.083984,1.2969,0.35352,0.356,30
880,64,-0.12891,1.3311,0.32617,0.356,30
880,64,-0.13184,1.3867,0.19336,0.356,25
880,64,0,1.3867,0.37109,0.356,22
880,64,0,1.3623,0.53809,0.356,19
880,64,0.41992,1.4082,-0.2666,0.356,19
880,64,0.33301,1.4854,-0.041016,0.356,18
880,64,-0.027344,0.87305,-0.094727,0.71201,8
880,64,0,0.90723,-0.025391,0.71201,14
880,64,-0.058594,0.93359,-0.064453,0.71201,18
880,64,-0.060547,0.96289,-0.054688,0.71201,17
880,64,0,0.99121,-0.09082,0.71201,12
880,64,0,0.9082,0.018555,1.068,12
880,64,-0.058594,0.93555,-0.016602,1.068,17
880,64,0,0.96582,-0.030273,1.068,17
880,64,0,0.99512,-0.029297,1.068,14
880,64,-0.10938,0.8584,-0.15137,1.424,9
880,64,-0.084961,0.88867,-0.16504,1.424,12
880,64,-0.087891,0.9209,-0.14844,1.424,11
880,64,0,0.94824,-0.18652,1.424,7
880,64,-0.10645,0.83594,-0.10254,1.78,6
880,64,-0.082031,0.86328,-0.1416,1.78,11
880,64,-0.11328,0.88281,-0.18066,1.78,15
880,64,-0.11719,0.91211,-0.18066,1.78,15
880,64,-0.12109,0.93945,-0.19043,1.78,11
880,64,-0.09375,0.9707,-0.2002,1.78,7
880,64,-0.10938,0.85645,-0.16406,2.136,10
880,64,-0.11328,0.89063,-0.13379,2.136,15
880,64,-0.087891,0.91406,-0.18848,2.136,18
880,64,-0.09082,0.94141,-0.2002,2.136,15
880,64,-0.09375,0.97363,-0.18652,2.136,9
880,64,0.080078,1.2715,0.19531,-0.71201,6
880,64,0.16504,1.2979,0.15625,-0.71201,10
880,64,0.16797,1.3184,0.21973,-0.71201,11
880,64,0.21484,1.3281,0.28906,-0.71201,12
880,64,0.17578,1.3584,0.31836,-0.71201,11
880,64,0.11816,1.2441,0.15332,-0.356,8
880,64,0.12109,1.2744,0.14453,-0.356,18
880,64,0.082031,1.3037,0.17676,-0.356,26
880,64,0.083984,1.3242,0.23633,-0.356,26
880,64,0.17188,1.3105,0.38574,-0.356,27
880,64,0.17578,1.332,0.41406,-0.356,30
880,64,0.13477,1.3672,0.41602,-0.356,23
880,64,-0.32227,1.1523,0.47852,0,6
880,64,-0.28809,1.1553,0.56543,0,10
880,64,-0.25293,1.2236,0.50488,0,13
880,64,-0.25781,1.3447,0.14063,0,14
880,64,-0.26367,1.2764,-0.52734,0,12
880,64,-0.17969,0.87695,1.1221,0,10
880,64,0.41211,1.2793,-0.58301,0,7
880,64,0.4668,1.3311,-0.49316,0,5
880,64,0.19043,1.5107,0,0,4
880,64,-0.20117,1.0186,0.76367,0.356,12
881,64,0,1.2275,-0.077148,0,8
881,64,0,1.2568,-0.083984,0,24
881,64,0,1.2852,-0.092773,0,47
881,64,0,1.3145,-0.10059,0,64
881,64,0,1.3379,-0.15527,0,63
881,64,0,1.3516,-0.26172,0,52
881,64,0.043945,1.3789,-0.26953,0,48
881,64,0.089844,1.4189,-0.19531,0,47
881,64,0.1377,1.4502,-0.15332,0,38
881,64,0.13965,1.4775,-0.16797,0,22
881,64,0.094727,1.5166,-0.10254,0,9
881,64,0.038086,1.2285,0.045898,0.356,19
881,64,0.039063,1.2588,0.021484,0.356,59
881,64,0.040039,1.2881,0.015625,0.356,115
881,64,0.041016,1.3174,0.0078125,0.356,151
881,64,0.041992,1.3467,-0.0087891,0.356,148
881,64,0.042969,1.375,-0.041992,0.356,113
881,64,0.087891,1.4014,-0.071289,0.356,78
881,64,0.089844,1.4316,-0.054688,0.356,52
881,64,0.091797,1.4609,0.022461,0.356,26
881,64,0,1.2236,0.12598,0.71201,9
881,64,0,1.2588,0.049805,0.71201,29
881,64,0.040039,1.2871,0.041016,0.71201,56
881,64,0.041016,1.3164,0.038086,0.71201,73
881,64,0.041992,1.3467,0.023438,0.71201,68
881,64,0,1.376,-0.018555,0.71201,48
881,64,0.043945,1.4033,-0.070313,0.71201,33
881,64,0.044922,1.4336,-0.036133,0.71201,22
881,64,0.091797,1.4609,0.041016,0.71201,12
881,64,0.069336,2.2246,0.012695,1.068,10
881,64,0,2.2549,-0.05957,1.068,9
881,64,0.069336,2.2246,0.02832,1.424,9
881,64,0,2.2471,0.19141,1.424,8
881,64,0,1.0605,-0.33691,1.78,7
881,64,0,1.0918,-0.33691,1.78,7
881,64,0,1.1377,-0.28125,1.78,6
881,64,0,1.042,-0.29883,2.136,7
881,64,0,1.0742,-0.29102,2.136,9
881,64,0,1.1025,-0.29883,2.136,8
881,64,0,1.1035,-0.39258,2.136,7
881,64,0.12109,1.2822,-0.048828,-0.71201,9
881,64,0.12402,1.3096,-0.082031,-0.71201,12
881,64,0.16797,1.333,-0.094727,-0.71201,13
881,64,0.085938,1.3506,-0.25391,-0.71201,15
881,64,0.13184,1.3652,-0.30957,-0.71201,21
881,64,0.13477,1.3945,-0.30957,-0.71201,28
881,64,0.1377,1.4199,-0.3291,-0.71201,28
881,64,0.13965,1.4424,-0.36133,-0.71201,19
881,64,0.19043,1.4619,-0.38086,-0.71201,9
881,64,0.11816,1.2539,0.013672,-0.356,16
881,64,0.16113,1.2783,0.012695,-0.356,32
881,64,0.16504,1.3076,-0.0078125,-0.356,43
881,64,0.12598,1.3389,-0.075195,-0.356,44
881,64,0.085938,1.3604,-0.19238,-0.356,42
881,64,0.087891,1.3779,-0.26367,-0.356,46
881,64,0.13477,1.3945,-0.31152,-0.356,53
881,64,0.18262,1.4082,-0.35645,-0.356,52
881,64,0.2334,1.4307,-0.35938,-0.356,36
881,64,0.19043,1.4443,-0.44434,-0.356,17
881,64,-0.52344,0.7168,1.2373,0,5
881,64,-0.45801,0.39746,-1.333,0.356,14
881,64,-0.4873,0.23047,0.97363,1.78,4
881,64,-0.53516,0.71289,0.71387,1.78,4
881,64,-0.44043,0.49805,0.85645,2.136,4
882,46,0,1.2598,0,0,6
882,46,0.040039,1.2871,-0.045898,0,27
882,46,0.041016,1.3145,-0.080078,0,59
882,46,0.041992,1.3428,-0.10254,0,86
882,46,0.085938,1.3691,-0.11426,0,90
882,46,0.043945,1.3965,-0.1582,0,67
882,46,0.089844,1.4229,-0.16016,0,36
882,46,0.045898,1.459,-0.11621,0,13
882,46,0,1.2588,0.038086,0.356,24
882,46,0.040039,1.2881,0,0.356,72
882,46,0.041016,1.3164,-0.042969,0.356,138
882,46,0.083984,1.3418,-0.081055,0.356,179
882,46,0.042969,1.3711,-0.11816,0.356,174
882,46,0.043945,1.3945,-0.16992,0.356,118
882,46,0.089844,1.4092,-0.25391,0.356,55
882,46,0.1377,1.3691,-0.50195,0.356,15
882,46,0,1.1914,-0.30762,0.71201,8
882,46,0,1.2275,-0.2832,0.71201,26
882,46,0.040039,1.2666,-0.23145,0.71201,56
882,46,0.041016,1.3037,-0.18945,0.71201,86
882,46,0.041992,1.3389,-0.14355,0.71201,95
882,46,0.042969,1.3711,-0.11426,0.71201,81
882,46,0.043945,1.3984,-0.13477,0.71201,52
882,46,0.044922,1.4199,-0.20215,0.71201,23
882,46,0.038086,1.2207,-0.14551,1.068,6
882,46,0,1.249,-0.15918,1.068,14
882,46,0,1.2793,-0.1582,1.068,24
882,46,0,1.3047,-0.18555,1.068,30
882,46,0,1.335,-0.18457,1.068,27
882,46,0,1.3623,-0.20117,1.068,16
882,46,0,1.3926,-0.19238,1.068,7
882,46,0,1.1709,-0.37793,1.424,7
882,46,0,1.1553,-0.50098,1.424,9
882,46,0.22461,1.4092,-0.15723,-0.71201,7
882,46,0.19727,1.2432,0.041992,-0.356,8
882,46,0.20117,1.2725,0.0039063,-0.356,20
882,46,0.20605,1.3008,-0.052734,-0.356,31
882,46,0.16797,1.3242,-0.18457,-0.356,26
882,46,-0.085938,1.292,-0.46777,-0.356,12
882,46,0.17578,1.3936,0.047852,-0.356,11
882,46,0.22461,1.417,-0.046875,-0.356,16
882,46,0.41211,1.3564,-0.36621,-0.356,13
882,46,-0.3584,0.65918,1.2236,-0.71201,4
882,46,0.30078,0.13477,1.3369,-0.356,9
882,46,-0.26367,0.64258,-1.2227,-0.356,8
882,46,-0.3584,0.081055,1.3877,-0.356,9
883,57,0,1.2461,-0.18555,0,4
883,57,0.040039,1.2842,-0.09668,0,30
883,57,0.041016,1.3145,-0.082031,0,86
883,57,0.041992,1.3438,-0.09082,0,157
883,57,0.042969,1.3721,-0.10156,0,192
883,57,0.087891,1.3984,-0.1084,0,168
883,57,0.089844,1.4258,-0.13281,0,102
883,57,0.091797,1.4541,-0.15039,0,41
883,57,0.09375,1.4834,-0.14648,0,10
883,57,0,2.6943,0,0,6
883,57,0.039063,1.2539,0.10742,0.356,15
883,57,0.040039,1.2881,0.023438,0.356,79
883,57,0.041016,1.3174,-0.014648,0.356,211
883,57,0.041992,1.3457,-0.040039,0.356,367
883,57,0.042969,1.375,-0.060547,0.356,433
883,57,0.043945,1.4023,-0.086914,0.356,376
883,57,0.044922,1.4287,-0.13184,0.356,230
883,57,0.045898,1.4463,-0.22559,0.356,99
883,57,0.046875,1.3984,-0.52246,0.356,31
883,57,0.083984,2.6836,0.22754,0.356,12
883,57,0.084961,2.6924,0.40137,0.356,10
883,57,0.040039,1.2881,-0.0097656,0.71201,32
883,57,0.041016,1.3174,-0.014648,0.71201,87
883,57,0.041992,1.3467,-0.022461,0.71201,154
883,57,0.085938,1.374,-0.017578,0.71201,179
883,57,0.043945,1.4043,-0.035156,0.71201,154
883,57,0.044922,1.4336,-0.053711,0.71201,90
883,57,0.045898,1.459,-0.12305,0.71201,37
883,57,0.046875,1.457,-0.32715,0.71201,10
883,57,0,1.3379,0.15625,1.068,8
883,57,0.042969,1.375,0.047852,1.068,11
883,57,0,1.4004,-0.125,1.068,11
883,57,0,1.4141,-0.24707,1.068,8
883,57,0.083984,1.334,-0.16797,-1.068,7
883,57,0.042969,1.3516,-0.25781,-1.068,7
883,57,0.12109,1.2822,-0.029297,-0.71201,7
883,57,0.082031,1.3145,-0.045898,-0.71201,14
883,57,0.083984,1.3428,-0.079102,-0.71201,20
883,57,0.042969,1.3584,-0.2168,-0.71201,21
883,57,0.043945,1.3408,-0.41992,-0.71201,18
883,57,0,1.2803,-0.64746,-0.71201,13
883,57,0.11816,1.2266,0.25977,-0.356,8
883,57,0.080078,1.2822,0.10352,-0.356,26
883,57,0.082031,1.3154,0.032227,-0.356,54
883,57,0.083984,1.3447,-0.029297,-0.356,78
883,57,0.085938,1.3682,-0.125,-0.356,84
883,57,0.043945,1.377,-0.2793,-0.356,70
883,57,0,1.3379,-0.51855,-0.356,49
883,57,0.50293,1.375,-0.029297,-0.356,37
883,57,0.4668,1.4092,-0.16406,-0.356,29
883,57,-0.51367,0.57129,1.2813,0,6
883,57,0.51367,1.3486,0.38672,0.356,24
883,57,0.51367,1.2773,0.5791,0.71201,7
883,57,0.49316,1.3438,0.10156,-0.71201,10
883,57,0.49316,1.334,0.19434,-0.356,34
883,57,-0.045898,1.166,-0.88477,-0.356,31
883,57,-0.09375,0.75879,-1.2832,-0.356,20
884,36,0,1.2959,-0.2373,0,8
884,36,0,1.3281,-0.22461,0,22
884,36,0.042969,1.3555,-0.2334,0,39
884,36,0.043945,1.3857,-0.23438,0,48
884,36,0.044922,1.4131,-0.24512,0,41
884,36,0.045898,1.4385,-0.26855,0,26
884,36,0,1.4639,-0.29688,0,12
884,36,0.16113,1.2705,0.14551,0.356,15
884,36,0.12402,1.3115,0.035156,0.356,36
884,36,0.083984,1.3428,-0.0625,0.356,70
884,36,0.042969,1.3721,-0.10742,0.356,105
884,36,0.043945,1.3965,-0.15527,0.356,117
884,36,0.044922,1.4189,-0.20898,0.356,97
884,36,0.045898,1.4365,-0.28027,0.356,58
884,36,0.046875,1.4482,-0.3623,0.356,24
884,36,0.082031,1.3145,0.046875,0.71201,11
884,36,0.083984,1.3438,-0.048828,0.71201,24
884,36,0.042969,1.373,-0.087891,0.71201,37
884,36,0.043945,1.3994,-0.12207,0.71201,43
884,36,0,1.4248,-0.16895,0.71201,37
884,36,0,1.4473,-0.22461,0.71201,23
884,36,0,1.4717,-0.25684,0.71201,10
884,36,0.16504,1.3047,-0.083008,-0.71201,7
884,36,0.12598,1.3408,0.024414,-0.71201,9
884,36,0.085938,1.3711,-0.085938,-0.71201,10
884,36,0.087891,1.3965,-0.13672,-0.71201,9
884,36,0.19727,1.2441,0.021484,-0.356,7
884,36,0.24121,1.2646,0.042969,-0.356,16
884,36,0.16504,1.3066,0.044922,-0.356,26
884,36,0.16797,1.3369,0.022461,-0.356,36
884,36,0.12891,1.3701,-0.019531,-0.356,40
884,36,0.087891,1.3965,-0.13672,-0.356,36
884,36,0.089844,1.3848,-0.36719,-0.356,25
884,36,1.4512,0,1.667,-0.356,11
884,36,1.4756,0,1.6416,-0.356,11
884,36,0.51074,1.0576,1.3848,-0.356,6
913,11,0,1.1855,0.57617,0.356,8
913,11,0.041992,1.2441,0.51465,0.356,13
913,11,0,1.2998,0.4541,0.356,14
913,11,0.043945,1.3535,0.37598,0.356,14
913,11,0.044922,1.4229,0.17969,0.356,11
913,11,0,1.2334,0.46484,-0.356,9
913,11,0.041992,1.2881,0.39355,-0.356,14
913,11,0.042969,1.333,0.3418,-0.356,16
913,11,0.043945,1.3721,0.30176,-0.356,14
913,11,0.089844,1.4209,0.17969,-0.356,11
913,11,-0.45313,0.91797,-0.83105,-0.356,5
914,7,0.041016,1.2305,0.47168,0.356,7
914,7,0,1.2539,0.49219,0.356,10
914,7,0,1.3174,0.39844,0.356,10
914,7,0.041016,1.2305,0.47168,-0.356,9
914,7,0,1.248,0.50781,-0.356,12
914,7,0,1.3076,0.43066,-0.356,11
914,7,0.043945,1.3232,0.47363,-0.356,8
915,8,0.041016,1.0889,0.74121,0.356,8
915,8,0.041992,1.1953,0.62012,0.356,10
915,8,0.042969,1.1973,0.67871,0.356,9
915,8,0.080078,1.0537,0.7373,-0.356,6
915,8,0.082031,1.1758,0.58984,-0.356,10
915,8,0.083984,1.2305,0.54199,-0.356,13
915,8,0.042969,1.2969,0.45898,-0.356,11
915,8,0.087891,1.2764,0.58301,-0.356,8
918,2,0.083984,1.2461,0.50488,-0.356,5
918,2,-0.46289,0.8623,-0.92578,-0.356,3
919,24,0.039063,1.1455,0.52246,0,7
919,24,0.080078,1.1885,0.49219,0,15
919,24,0.041016,1.2012,0.54004,0,20
919,24,0.041992,1.252,0.49609,0,19
919,24,0.042969,1.2666,0.53711,0,12
919,24,0.043945,1.2607,0.62012,0,8
919,24,0.089844,1.2207,0.75,0,7
919,24,0,1.2402,0.52637,0.356,8
919,24,0,1.2881,0.48535,0.356,8
919,24,0.040039,1.1963,0.47754,-0.71201,11
919,24,0.041016,1.251,0.41211,-0.71201,15
919,24,0.041992,1.2891,0.39063,-0.71201,14
919,24,0.042969,1.2988,0.4541,-0.71201,10
919,24,0.087891,1.3076,0.50879,-0.71201,11
919,24,0.044922,1.3428,0.50488,-0.71201,9
919,24,0.039063,1.1123,0.58887,-0.356,12
919,24,0.040039,1.1904,0.49219,-0.356,28
919,24,0.041016,1.2275,0.47754,-0.356,40
919,24,0.041992,1.2607,0.47266,-0.356,40
919,24,0,1.3115,0.41992,-0.356,26
919,24,0.087891,1.3027,0.52051,-0.356,19
919,24,0.089844,1.3252,0.54395,-0.356,16
919,24,0.091797,1.3574,0.54102,-0.356,10
919,24,0.37891,0.80566,-1.0107,0.356,5
920,63,0.038086,1.1006,0.54785,0,10
920,63,0.039063,1.124,0.56738,0,18
920,63,0,1.1748,0.53027,0,20
920,63,0,1.2197,0.49902,0,16
920,63,0.087891,1.4014,0.061523,0,9
920,63,0.13477,1.4258,0.086914,0,10
920,63,0.091797,1.4434,0.22754,0,10
920,63,0.13965,1.4434,0.3584,0,9
920,63,0.1123,1.1885,-0.12891,0.356,5
920,63,0.23047,1.208,-0.023438,0.356,18
920,63,0.23633,1.2363,0.02832,0.356,35
920,63,0.24121,1.2627,0.092773,0.356,48
920,63,0.24707,1.2822,0.17676,0.356,47
920,63,0.21094,1.3037,0.2666,0.356,39
920,63,0.17188,1.3311,0.30566,0.356,37
920,63,0.13184,1.3789,0.2373,0.356,37
920,63,0.089844,1.4189,0.19727,0.356,32
920,63,0.091797,1.4355,0.27441,0.356,23
920,63,0.09375,1.4141,0.47363,0.356,16
920,63,0.14258,1.4629,0.40039,0.356,10
920,63,0.19727,1.2412,0.086914,0.71201,10
920,63,0.24121,1.2559,0.16113,0.71201,14
920,63,0.20605,1.2852,0.20801,0.71201,13
920,63,0.16797,1.3027,0.29785,0.71201,11
920,63,0.12891,1.3281,0.33691,0.71201,11
920,63,0.087891,1.3799,0.25586,0.71201,12
920,63,0.044922,1.4023,0.30176,0.71201,11
920,63,0.091797,1.3799,0.4834,0.71201,10
920,63,0.13965,1.4141,0.46094,0.71201,8
920,63,0.040039,1.1719,0.53516,-1.78,9
920,63,0.041016,1.2129,0.51465,-1.78,10
920,63,0.041992,1.208,0.59473,-1.78,8
920,63,0,1.1553,0.50098,-1.424,11
920,63,0,1.1475,0.58594,-1.424,19
920,63,0,1.1816,0.58398,-1.424,22
920,63,0.041992,1.2217,0.56641,-1.424,18
920,63,0.042969,1.2451,0.58496,-1.424,10
920,63,0.075195,1.0918,0.49316,-1.068,14
920,63,0.038086,1.1455,0.44824,-1.068,45
920,63,0.039063,1.1729,0.45801,-1.068,86
920,63,0.040039,1.2002,0.46777,-1.068,107
920,63,0.041016,1.2246,0.48438,-1.068,93
920,63,0.041992,1.2568,0.48438,-1.068,55
920,63,0.042969,1.2754,0.5166,-1.068,20
920,63,0.037109,1.0967,0.4873,-0.71201,29
920,63,0.038086,1.126,0.49414,-0.71201,94
920,63,0.039063,1.1572,0.49512,-0.71201,174
920,63,0.040039,1.1855,0.50293,-0.71201,210
920,63,0.041016,1.2129,0.51367,-0.71201,174
920,63,0.041992,1.2412,0.52148,-0.71201,97
920,63,0.042969,1.2744,0.51855,-0.71201,33
920,63,0.087891,1.3574,0.35645,-0.71201,8
920,63,0.037109,1.0723,0.54004,-0.356,17
920,63,0.038086,1.1074,0.53418,-0.356,58
920,63,0.039063,1.1426,0.5293,-0.356,110
920,63,0,1.1611,0.55859,-0.356,132
920,63,0,1.1895,0.56738,-0.356,109
920,63,0.083984,1.2461,0.50488,-0.356,64
920,63,0.12891,1.3154,0.38574,-0.356,33
920,63,0.13184,1.3721,0.27637,-0.356,22
920,63,0.13477,1.4111,0.22168,-0.356,16
920,63,-0.41309,0.91797,-0.65527,-0.71201,15
920,63,-0.41309,0.92285,-0.64844,-0.356,9
921,59,0.11523,1.2197,-0.10742,0,7
921,59,0.15723,1.2305,-0.2168,0,9
921,59,0.20117,1.2578,-0.19434,0,8
921,59,0.24707,1.292,0.082031,0,10
921,59,0.21094,1.3096,0.23535,0,16
921,59,0.17188,1.334,0.29297,0,19
921,59,0.21973,1.3486,0.33008,0,16
921,59,-0.31348,0.65723,-1.2363,0,8
921,59,0,0.58984,-1.3398,0,5
921,59,0.1875,1.1855,-0.047852,0.356,8
921,59,0.23047,1.1963,-0.1709,0.356,19
921,59,0.23633,1.2246,-0.17578,0.356,26
921,59,0.20117,1.2725,-0.022461,0.356,31
921,59,0.24707,1.2861,0.14453,0.356,48
921,59,0.21094,1.3105,0.22949,0.356,64
921,59,0.21484,1.3301,0.28418,0.356,65
921,59,0.21973,1.3516,0.32031,0.356,45
921,59,0.26953,1.3623,0.36328,0.356,15
921,59,0.045898,1.3232,0.62598,0.356,11
921,59,0.09375,1.4199,0.45313,0.356,17
921,59,0.094727,1.4316,0.51074,0.356,10
921,59,0.15723,1.2422,-0.13574,0.71201,8
921,59,0.20117,1.2725,0.0068359,0.71201,10
921,59,0.16504,1.2939,0.19043,0.71201,14
921,59,0.21094,1.2979,0.2959,0.71201,20
921,59,0.21484,1.3145,0.34668,0.71201,20
921,59,0.09375,1.4258,0.43457,0.71201,11
921,59,0.14258,1.4375,0.48145,0.71201,11
921,59,0.09668,1.4922,0.41602,0.71201,8
921,59,0,0.91211,0.68848,-3.204,6
921,59,0,0.97266,0.59863,-2.848,10
921,59,0,1.04,0.53906,-2.848,13
921,59,0,1.0498,0.58203,-2.848,12
921,59,0,1.0918,0.56641,-2.848,8
921,59,0,1.0342,0.5498,-2.492,10
921,59,0,1.0762,0.5332,-2.492,12
921,59,0,1.0654,0.61523,-2.492,9
921,59,0,1.0693,0.40234,-1.78,6
921,59,0,1.0996,0.4043,-1.78,6
921,59,0.20605,1.2979,0.095703,-0.71201,9
921,59,0.16797,1.3223,0.19531,-0.71201,13
921,59,0.26953,1.167,-0.28027,-0.356,7
921,59,0.23633,1.2168,-0.22559,-0.356,11
921,59,0.24121,1.2656,-0.023438,-0.356,19
921,59,0.20605,1.2979,0.095703,-0.356,32
921,59,0.16797,1.3301,0.13379,-0.356,40
921,59,0.17188,1.3516,0.19727,-0.356,39
921,59,0.087891,1.4004,0.092773,-0.356,27
921,59,0,0.21582,1.4189,-0.356,13
921,59,0.2334,1.4316,0.35645,-0.356,8
921,59,-0.38672,0.61914,-1.167,0,10
921,59,-0.39551,0.74902,-1.1221,0,10
921,59,0.13477,1.3066,0.57715,0,7
921,59,0.50293,1.1016,-0.82422,0,3
921,59,-0.31348,0.89258,-1.0791,0.356,10
921,59,-0.19238,0.97852,0.71973,-0.356,7
921,59,-0.19727,0.87109,0.8877,-0.356,10
921,59,0.62793,0.41895,-1.2207,-0.356,9
921,59,-0.37305,0.71484,-1.2568,-0.356,8
922,64,0,1.2656,0.24121,0,11
922,64,0.041016,1.293,0.25098,0,27
922,64,0.083984,1.3252,0.22559,0,47
922,64,0.085938,1.3506,0.25,0,60
922,64,0.087891,1.377,0.26855,0,57
922,64,0.044922,1.3975,0.32324,0,41
922,64,0.045898,1.4121,0.38477,0,22
922,64,0,1.4053,0.50684,0,9
922,64,0.15723,1.2471,-0.085938,0.356,14
922,64,0.20117,1.2715,0.066406,0.356,20
922,64,0.20605,1.2871,0.19238,0.356,23
922,64,0.25293,1.3164,0.13379,0.356,23
922,64,0.30078,1.3291,-0.19531,0.356,20
922,64,0.35156,1.3301,-0.28809,0.356,21
922,64,0.40332,1.3564,-0.23828,0.356,24
922,64,0.45801,1.373,-0.22559,0.356,22
922,64,0.40332,1.3447,-0.2959,0.71201,8
922,64,0.027344,0.82031,0.31445,-2.136,7
922,64,0.02832,0.8457,0.33008,-2.136,19
922,64,0.029297,0.88184,0.31738,-2.136,31
922,64,0,0.90918,0.32715,-2.136,32
922,64,0,0.93848,0.33301,-2.136,22
922,64,0,0.96094,0.35645,-2.136,9
922,64,0,0.75098,0.24707,-1.78,5
922,64,-0.050781,0.78125,0.24316,-1.78,12
922,64,-0.052734,0.80664,0.25977,-1.78,17
922,64,0,0.8291,0.29199,-1.78,16
922,64,0.02832,0.84863,0.32129,-1.78,30
922,64,0,0.87988,0.32129,-1.78,49
922,64,0,0.91113,0.32324,-1.78,55
922,64,0,0.94336,0.31738,-1.78,42
922,64,0,0.98145,0.29688,-1.78,21
922,64,0,1.3525,0.25781,-1.78,8
922,64,0,1.3721,0.30859,-1.78,10
922,64,0,1.4199,0.21191,-1.78,9
922,64,0,0.76563,0.19727,-1.424,4
922,64,0,0.75586,0.31836,-1.424,9
922,64,-0.080078,0.78906,0.30566,-1.424,12
922,64,-0.1377,0.67188,0.54883,-1.424,7
922,64,0,0.86719,0.26758,-1.424,20
922,64,0,0.89746,0.27051,-1.424,49
922,64,0,0.92676,0.27246,-1.424,67
922,64,0,0.95605,0.2793,-1.424,63
922,64,0,0.98438,0.28516,-1.424,40
922,64,0.083984,1.334,0.16602,-1.424,15
922,64,0.085938,1.3662,0.14063,-1.424,23
922,64,0.087891,1.3945,0.1543,-1.424,26
922,64,0,1.4307,0.1123,-1.424,20
922,64,0,1.4629,0.068359,-1.424,12
922,64,-0.052734,0.83105,0.16504,-1.068,9
922,64,-0.054688,0.8584,0.17871,-1.068,16
922,64,0,0.87793,0.23145,-1.068,25
922,64,0,0.90527,0.24219,-1.068,38
922,64,0,0.92871,0.26758,-1.068,49
922,64,0,0.95313,0.28809,-1.068,47
922,64,0,0.98145,0.29688,-1.068,32
922,64,0.083984,1.3232,0.23926,-1.068,30
922,64,0.085938,1.3535,0.23438,-1.068,45
922,64,0.087891,1.3828,0.23633,-1.068,47
922,64,0.089844,1.416,0.2168,-1.068,33
922,64,0.091797,1.4521,0.16797,-1.068,17
922,64,-0.080078,0.80957,0.24512,-0.71201,9
922,64,-0.082031,0.82813,0.28223,-0.71201,12
922,64,-0.056641,0.86523,0.26953,-0.71201,13
923,64,0,1.2891,0,0,8
923,64,-0.12402,1.2988,-0.18457,0,15
923,64,0.16797,1.2832,0.375,0,19
923,64,0.17188,1.3027,0.40918,0,26
923,64,0.17578,1.3223,0.44531,0,24
923,64,0.17969,1.3594,0.42383,0,16
923,64,-0.12109,1.2178,0.40234,0.356,11
923,64,-0.3291,0.68848,1.0742,0.356,17
923,64,-0.37891,0.28223,1.2617,0.356,25
923,64,0.21484,1.3574,0.078125,0.356,37
923,64,0.26367,1.3779,0.09668,0.356,44
923,64,0.31348,1.3955,0.11426,0.356,40
923,64,0.32031,1.4248,0.10645,0.356,27
923,64,-0.47363,0,-1.3223,0.71201,15
923,64,0.17578,1.3926,0.082031,0.71201,16
923,64,-0.17969,1.2334,-0.71094,0.71201,17
923,64,-0.22852,1.1201,-0.91602,0.71201,16
923,64,-0.28027,0.94824,-1.1191,0.71201,14
923,64,-0.056641,0.88281,-0.20605,1.068,7
923,64,0,0.9248,-0.15234,1.068,9
923,64,-0.060547,0.95313,-0.15137,1.068,11
923,64,-0.03125,0.98828,-0.12012,1.068,11
923,64,-0.064453,1.0215,-0.063477,1.068,11
923,64,-0.06543,1.0479,-0.095703,1.068,11
923,64,-0.027344,0.86914,-0.12305,1.424,9
923,64,0,0.89844,-0.13379,1.424,16
923,64,-0.058594,0.92383,-0.14453,1.424,22
923,64,-0.030273,0.95508,-0.14453,1.424,23
923,64,-0.0625,0.98633,-0.12402,1.424,17
923,64,0,1.0195,-0.11035,1.424,11
923,64,-0.06543,1.0459,-0.11719,1.424,8
923,64,0,0.86816,-0.13379,1.78,9
923,64,-0.084961,0.89063,-0.15625,1.78,15
923,64,-0.058594,0.92676,-0.125,1.78,19
923,64,-0.09082,0.94824,-0.16211,1.78,17
923,64,-0.0625,0.9873,-0.11426,1.78,12
923,64,-0.10938,0.86035,-0.1416,2.136,8
923,64,-0.084961,0.88281,-0.19434,2.136,11
923,64,-0.11719,0.91504,-0.16699,2.136,10
923,64,-0.060547,0.95703,-0.12109,2.136,8
923,64,-0.084961,0.89453,-0.12891,2.492,7
923,64,-0.11719,0.89355,-0.25586,2.492,8
923,64,-0.15137,0.90527,-0.30176,2.492,7
923,64,-0.15527,0.91699,-0.35645,2.492,5
923,64,-0.14648,0.9043,-0.19727,2.848,6
923,64,0.082031,1.3115,0.10547,-0.71201,11
923,64,0.16797,1.3252,0.17871,-0.71201,21
923,64,0.17188,1.3545,0.17773,-0.71201,28
923,64,0.21973,1.3789,0.16309,-0.71201,27
923,64,0.22461,1.4033,0.20117,-0.71201,16
923,64,0.040039,1.2871,0.048828,-0.356,9
923,64,0.12402,1.3008,0.17383,-0.356,26
923,64,0.16797,1.3184,0.22363,-0.356,55
923,64,0.21484,1.3398,0.22852,-0.356,80
923,64,0.26367,1.3643,0.21191,-0.356,78
923,64,0.22461,1.4072,0.17383,-0.356,51
923,64,0.32031,1.4248,0.11133,-0.356,20
923,64,-0.16797,1.292,-0.34473,0,18
923,64,-0.25781,1.2236,-0.5752,0,17
923,64,-0.35156,1.1514,-0.72656,0,13
923,64,0.44336,0.069336,1.208,0.356,6
923,64,0.49414,0.57715,-1.0771,0.356,9
923,64,0.16797,1.3359,0.050781,0.356,22
923,64,-0.43066,0,1.3662,0.356,27
924,64,0.077148,1.2275,-0.015625,0,22
924,64,0.039063,1.2578,-0.053711,0,54
924,64,0.040039,1.2861,-0.069336,0,88
924,64,0.041016,1.3145,-0.091797,0,99
924,64,0.041992,1.3418,-0.11035,0,86
924,64,0.042969,1.3721,-0.10547,0,64
924,64,0.087891,1.4014,-0.06543,0,54
924,64,0.13477,1.4287,-0.033203,0,49
924,64,0.1377,1.458,-0.016602,0,39
924,64,0.13965,1.4863,-0.044922,0,23
924,64,-0.077148,1.2275,0.016602,0.356,26
924,64,-0.039063,1.2588,-0.0068359,0.356,72
924,64,-0.040039,1.2881,0.010742,0.356,121
924,64,0,1.3174,0.027344,0.356,139
924,64,0,1.3467,0.032227,0.356,113
924,64,0,1.375,0.063477,0.356,66
924,64,0,1.3838,0.24902,0.356,33
924,64,0.49316,1.2783,-0.42578,0.356,36
924,64,0.50293,1.3301,-0.35059,0.356,42
924,64,0.4668,1.3799,-0.3291,0.356,35
924,64,0,1.2295,0.022461,0.71201,17
924,64,0,1.2588,0.03418,0.71201,46
924,64,0,1.2881,0.023438,0.71201,78
924,64,0,1.3174,0.026367,0.71201,89
924,64,0,1.3467,0.024414,0.71201,72
924,64,0,1.376,0.022461,0.71201,41
924,64,0,1.3994,0.13672,0.71201,17
924,64,0,1.3105,0.58398,0.71201,11
924,64,0.50293,1.3379,-0.31641,0.71201,13
924,64,0,1.25,-0.15625,1.068,7
924,64,0,1.2871,-0.058594,1.068,9
924,64,0,1.3174,-0.033203,1.068,9
924,64,0,1.085,-0.24609,1.78,8
924,64,0,1.082,-0.36719,1.78,12
924,64,0,1.1094,-0.37598,1.78,12
924,64,0,1.1309,-0.40527,1.78,9
924,64,0,2.248,-0.17578,1.78,6
924,64,0,1.0801,-0.2666,2.136,11
924,64,0,1.1074,-0.2793,2.136,15
924,64,0,1.127,-0.32129,2.136,15
924,64,0,1.1445,-0.36328,2.136,11
924,64,0,1.1514,-0.43359,2.136,6
924,64,0,1.1064,-0.28516,2.492,7
924,64,0,1.127,-0.32129,2.492,6
924,64,0.19238,1.2148,-0.027344,-0.71201,9
924,64,0.15723,1.248,-0.058594,-0.71201,17
924,64,0.16113,1.2744,-0.10059,-0.71201,24
924,64,0.12402,1.3047,-0.1377,-0.71201,24
924,64,0.12598,1.3301,-0.1748,-0.71201,23
924,64,0.12891,1.3545,-0.20996,-0.71201,30
924,64,0.13184,1.3789,-0.24219,-0.71201,43
924,64,0.13477,1.4033,-0.26855,-0.71201,51
924,64,0.1377,1.4219,-0.32031,-0.71201,44
924,64,0.09375,1.4248,-0.43945,-0.71201,26
924,64,0.047852,1.3438,-0.71484,-0.71201,10
924,64,0.15039,1.1914,0,-0.356,7
924,64,0.19238,1.2148,-0.023438,-0.356,28
924,64,0.15723,1.249,-0.042969,-0.356,58
924,64,0.16113,1.2764,-0.073242,-0.356,78
924,64,0.12402,1.3086,-0.10254,-0.356,77
924,64,0.12598,1.3359,-0.125,-0.356,65
924,64,0.085938,1.3594,-0.20117,-0.356,65
924,64,0.13184,1.3828,-0.21973,-0.356,86
924,64,0.13477,1.4063,-0.25195,-0.356,101
925,64,0,1.2285,-0.27539,0,16
925,64,0,1.2646,-0.24609,0,41
925,64,0,1.3008,-0.21191,0,67
925,64,0,1.3359,-0.17773,0,77
925,64,0,1.3691,-0.14355,0,62
925,64,0.043945,1.3984,-0.13867,0,33
925,64,0.089844,1.4131,-0.23438,0,12
925,64,0,1.2998,-0.67383,0,3
925,64,0,1.1641,-0.39648,0.356,10
925,64,0,1.2412,-0.21289,0.356,55
925,64,0,1.2783,-0.16113,0.356,148
925,64,0.041016,1.3115,-0.125,0.356,248
925,64,0.041992,1.3418,-0.11035,0.356,286
925,64,0.042969,1.3721,-0.09668,0.356,227
925,64,0.087891,1.4014,-0.06543,0.356,132
925,64,0.089844,1.4326,0.0029297,0.356,57
925,64,0.1377,1.4531,0.11719,0.356,24
925,64,0.33691,2.6279,-0.49219,0.356,7
925,64,0.34082,2.6641,-0.45313,0.356,8
925,64,0.34375,2.6768,-0.54395,0.356,6
925,64,0,1.1924,-0.30078,0.71201,18
925,64,0,1.2354,-0.24609,0.71201,78
925,64,0,1.2695,-0.2207,0.71201,190
925,64,0,1.3018,-0.20801,0.71201,293
925,64,0.041992,1.333,-0.19336,0.71201,314
925,64,0,1.3633,-0.19336,0.71201,239
925,64,0.043945,1.3936,-0.17871,0.71201,123
925,64,0.044922,1.4277,-0.13574,0.71201,40
925,64,0.045898,1.4482,0.21582,0.71201,8
925,64,0.33301,2.6006,-0.48047,0.71201,9
925,64,0.33691,2.6309,-0.47656,0.71201,14
925,64,0.42578,2.6436,-0.50195,0.71201,15
925,64,0.34375,2.6982,-0.42773,0.71201,10
925,64,0,1.2021,-0.25879,1.068,12
925,64,0,1.2354,-0.24414,1.068,50
925,64,0,1.2656,-0.24121,1.068,110
925,64,0,1.293,-0.25293,1.068,161
925,64,0,1.3213,-0.2627,1.068,163
925,64,0,1.3496,-0.27051,1.068,118
925,64,0,1.376,-0.28711,1.068,57
925,64,0,1.4023,-0.30469,1.068,18
925,64,0.33691,2.6426,-0.4082,1.068,7
925,64,0.34082,2.6729,-0.40234,1.068,7
925,64,0,1.2402,-0.21875,1.424,11
925,64,0,1.2705,-0.21582,1.424,22
925,64,0,1.2939,-0.25,1.424,31
925,64,0,1.3242,-0.24707,1.424,31
925,64,0,1.3467,-0.28613,1.424,23
925,64,0,1.374,-0.2959,1.424,12
925,64,0.20117,1.1777,0.4834,-0.71201,12
925,64,0.16504,1.2432,0.40527,-0.71201,16
925,64,0.12598,1.3037,0.31543,-0.71201,16
925,64,0.085938,1.3516,0.24414,-0.71201,13
925,64,0.087891,1.3838,0.23047,-0.71201,10
925,64,0.23047,1.207,-0.044922,-0.356,10
925,64,0.19727,1.2344,0.1582,-0.356,23
925,64,0.20117,1.2012,0.42188,-0.356,39
925,64,0.16504,1.2344,0.43262,-0.356,50
925,64,0.16797,1.2852,0.36719,-0.356,51
925,64,0.12891,1.3506,0.2334,-0.356,46
925,64,0.13184,1.3896,0.16797,-0.356,39
925,64,0.13477,1.4111,0.22559,-0.356,29
925,64,0.091797,1.4033,0.40918,-0.356,17
925,64,-0.52734,0.39941,1.2402,0,17
926,54,0.11816,1.249,0.10742,0,6
926,54,0.040039,1.2793,-0.14941,0,20
926,54,0.041016,1.2998,-0.21582,0,53
926,54,0.041992,1.3291,-0.21582,0,96
926,54,0.042969,1.3574,-0.22168,0,119
926,54,0,1.3877,-0.22656,0,104
926,54,0.044922,1.4199,-0.20605,0,65
926,54,0.045898,1.4551,-0.1582,0,27
926,54,0.046875,1.4912,-0.080078,0,7
926,54,0.19238,1.2139,0.044922,0.356,14
926,54,0.23633,1.2363,0.037109,0.356,26
926,54,-0.080078,1.1465,-0.58398,0.356,35
926,54,0,1.2871,-0.28516,0.356,102
926,54,0,1.3301,-0.21484,0.356,189
926,54,0.042969,1.3623,-0.19531,0.356,237
926,54,0,1.3906,-0.20605,0.356,211
926,54,0.044922,1.415,-0.2334,0.356,135
926,54,0,1.4258,-0.33398,0.356,60
926,54,0,1.374,-0.58594,0.356,18
926,54,0.23633,1.2324,0.10742,0.71201,7
926,54,0,1.2402,-0.35059,0.71201,15
926,54,0,1.3018,-0.20508,0.71201,48
926,54,0,1.3369,-0.16504,0.71201,90
926,54,0,1.3682,-0.15234,0.71201,113
926,54,0,1.3975,-0.15625,0.71201,101
926,54,0.044922,1.4238,-0.17188,0.71201,65
926,54,0,1.4482,-0.21973,0.71201,29
926,54,0,1.4463,-0.37305,0.71201,9
926,54,0.23633,1.2363,-0.045898,-0.71201,10
926,54,0.24121,1.2656,-0.019531,-0.71201,12
926,54,0.28809,1.2832,-0.082031,-0.71201,11
926,54,0.39551,1.3477,-0.055664,-0.71201,8
926,54,0.40332,1.3594,-0.22168,-0.71201,10
926,54,0.41211,1.3848,-0.23926,-0.71201,9
926,54,0.23047,1.208,-0.023438,-0.356,17
926,54,0.23633,1.2363,-0.039063,-0.356,34
926,54,0.28223,1.2568,-0.030273,-0.356,45
926,54,0.28809,1.2852,-0.050781,-0.356,40
926,54,0.33691,1.3037,0.02832,-0.356,27
926,54,0.43066,1.3076,0.024414,-0.356,23
926,54,0.43945,1.3359,-0.00097656,-0.356,28
926,54,0.44824,1.3613,-0.069336,-0.356,35
926,54,0.41211,1.4023,-0.094727,-0.356,31
926,54,0.41992,1.4229,-0.17188,-0.356,19
926,54,-0.65332,0.57617,1.2129,0,4
926,54,0.32227,1.2285,0.21582,0.356,31
926,54,0.4668,1.3945,0.26465,0.356,13
926,54,0.3623,1.1689,0.40234,0.71201,9
926,54,-0.56055,0,1.3994,0.71201,5
926,54,-0.043945,1.1934,-0.74121,-0.71201,6
926,54,-0.091797,0.56641,-1.3477,-0.71201,5
926,54,-0.12598,1.0332,-0.85547,-0.356,18
926,54,-0.042969,1.2822,-0.49902,-0.356,18
926,54,-0.043945,1.0254,-0.96094,-0.356,17
927,35,0,1.3447,-0.084961,0,6
927,35,0,1.377,0,0,7
927,35,0.30762,1.3525,-0.23145,0,7
927,35,0.40332,1.3574,-0.23438,0,9
927,35,0.45801,1.3867,-0.10742,0,9
927,35,0.23633,1.21,-0.25586,0.356,8
927,35,0.28223,1.1797,-0.43555,0.356,9
927,35,0,1.293,0.25781,0.356,15
927,35,0,1.3467,0.029297,0.356,25
927,35,0,1.3672,-0.16211,0.356,29
927,35,0,1.3535,-0.38184,0.356,24
927,35,0.40332,1.3682,0.1582,0.356,24
927,35,0.36621,1.417,0.045898,0.356,22
927,35,0.041992,1.3457,0.054688,0.71201,8
927,35,0,1.3672,-0.15918,0.71201,9
927,35,0,1.3672,-0.32617,0.71201,8
927,35,0.40332,1.3711,-0.12598,-0.71201,11
927,35,0.23047,1.2061,-0.076172,-0.356,6
927,35,0.23633,1.2139,-0.23633,-0.356,10
927,35,0.28223,1.208,-0.34863,-0.356,11
927,35,-0.041016,1.2637,0.37109,-0.356,11
927,35,0,1.3457,0.073242,-0.356,16
927,35,0,1.3291,-0.35938,-0.356,18
927,35,0.43945,1.335,-0.010742,-0.356,30
927,35,0.44824,1.3633,-0.027344,-0.356,40
927,35,0.41211,1.4033,-0.071289,-0.356,37
927,35,-0.12109,1.1523,0.56445,0.356,7
927,35,0.43945,1.2979,0.31348,0.356,19
927,35,-0.13477,1.2754,-0.64453,0.356,16
927,35,0.35156,1.3057,0.38574,0.71201,5
927,35,-0.16113,1.0566,0.7207,-0.356,7
927,35,0.37109,1.0029,-0.77148,-0.356,9
927,35,0.46289,0,-1.2744,-0.356,10
927,35,0.43066,1.2998,0.14258,-0.356,17
927,35,-0.087891,1.0244,-0.95898,-0.356,16
928,33,0.35156,1.3564,-0.11914,0,7
928,33,0.44824,1.3594,-0.10352,0,9
928,33,0.45801,1.3867,-0.11133,0,8
928,33,0.23633,1.2373,-0.019531,0.356,8
928,33,0.16113,1.2783,-0.036133,0.356,9
928,33,0.12402,1.3018,-0.16504,0.356,8
928,33,0,1.2695,-0.45117,0.356,8
928,33,0.43066,1.291,0.20605,0.356,13
928,33,0.43945,1.334,0.052734,0.356,19
928,33,0.44824,1.3623,-0.037109,0.356,21
928,33,0.45801,1.3906,0.013672,0.356,17
928,33,0.4834,1.3105,-0.16211,-0.71201,9
928,33,0.44824,1.3408,-0.24414,-0.71201,10
928,33,0.19727,1.2354,-0.14258,-0.356,8
928,33,0.20117,1.2705,-0.080078,-0.356,10
928,33,0.24707,1.2939,-0.042969,-0.356,9
928,33,0.37891,1.2617,0.2832,-0.356,9
928,33,0.43066,1.3076,-0.018555,-0.356,19
928,33,0.43945,1.332,-0.098633,-0.356,30
928,33,0.49316,1.3418,-0.12891,-0.356,35
928,33,0.45801,1.3828,-0.14746,-0.356,30
928,33,0.33691,1.2666,0.31348,0.356,7
928,33,-0.042969,1.3018,-0.44629,0.356,12
928,33,-0.043945,1.3604,-0.35059,0.356,16
928,33,-0.044922,1.4316,-0.089844,0.356,16
928,33,-0.045898,0.34473,-1.4229,0.356,13
928,33,-0.087891,0.88867,1.0859,-0.71201,5
928,33,-0.089844,1.1172,0.89648,-0.71201,6
928,33,-0.041992,1.1826,-0.64355,-0.356,8
928,33,-0.085938,1.2627,-0.54199,-0.356,12
928,33,-0.043945,0.83008,1.1338,-0.356,19
928,33,-0.044922,0.72363,1.2383,-0.356,22
928,33,-0.045898,0.83203,1.2041,-0.356,19
929,22,0.35156,1.3594,-0.074219,0,6
929,22,0.31348,1.4004,-0.014648,0,6
929,22,0.36621,1.4141,-0.10156,0,6
929,22,0.28223,1.248,0.15625,0.356,8
929,22,0.28809,1.2813,0.10645,0.356,8
929,22,0.21094,1.3301,0.039063,0.356,9
929,22,0.25781,1.3525,-0.0068359,0.356,16
929,22,0.30762,1.3711,-0.046875,0.356,23
929,22,0.40332,1.377,-0.021484,0.356,25
929,22,0.36621,1.416,-0.070313,0.356,20
929,22,0.41992,1.4316,-0.063477,0.356,13
929,22,0.35156,1.3516,-0.16211,-0.71201,10
929,22,0.3584,1.3809,-0.15625,-0.71201,11
929,22,0.45801,1.3828,-0.14746,-0.71201,10
929,22,0.28223,1.2578,0.012695,-0.356,9
929,22,0.28809,1.2842,-0.066406,-0.356,10
929,22,0.25293,1.3203,-0.084961,-0.356,12
929,22,0.30078,1.3408,-0.087891,-0.356,22
929,22,0.35156,1.3574,-0.10547,-0.356,32
929,22,0.44824,1.3604,-0.086914,-0.356,36
929,22,0.41211,1.4004,-0.12012,-0.356,30
929,22,0.41992,1.4209,-0.18945,-0.356,20
955,8,0.12109,1.2275,0.37402,0.356,5
955,8,0.16504,1.2568,0.36035,0.356,9
955,8,0.083984,1.2861,0.39063,0.356,10
955,8,0.085938,1.3213,0.375,0.356,9
955,8,0.12109,1.2393,0.33105,-0.356,6
955,8,0.12402,1.2676,0.33887,-0.356,10
955,8,0.12598,1.2979,0.33887,-0.356,12
955,8,0.042969,1.335,0.33301,-0.356,10
956,13,0.23633,1.2334,-0.09082,0.356,8
956,13,0.28223,1.2578,-0.0048828,0.356,10
956,13,0.3291,1.2754,-0.046875,0.356,10
956,13,0.33691,1.3018,0.084961,0.356,8
956,13,0.23633,1.2266,-0.15723,-0.356,6
956,13,0.32227,1.2412,-0.13184,-0.356,8
956,13,0.3291,1.2754,-0.051758,-0.356,8
956,13,0,1.1396,0.71777,-0.356,9
956,13,0,1.2451,0.58691,-0.356,8
956,13,-0.12402,0.77734,1.0576,0.356,7
956,13,-0.12598,0.94043,0.95703,0.356,7
956,13,-0.16113,0.6416,1.1055,-0.356,5
956,13,-0.082031,0.98145,0.87598,-0.356,7
957,4,0,1.1074,0.76758,0.356,6
957,4,0,1.1543,0.63574,-0.356,6
957,4,0,1.1523,0.69727,-0.356,8
957,4,0.46289,1.1934,-0.4209,0.356,4
958,1,0.19727,1.207,-0.30273,0.356,7
959,3,0.082031,1.2656,0.35938,0.356,7
959,3,0.16504,1.2891,0.21777,-0.356,8
959,3,0.041992,1.3115,0.30664,-0.356,7
962,30,0,1.2031,0.37207,0,5
962,30,0.040039,1.1777,0.52246,0,11
962,30,0.082031,1.2061,0.52441,0,17
962,30,0.041992,1.2383,0.5293,0,19
962,30,0.042969,1.2471,0.58008,0,17
962,30,0.043945,1.2773,0.58594,0,12
962,30,0.044922,1.3252,0.54883,0,8
962,30,0,1.1553,0.63477,0.356,5
962,30,0.16797,1.2686,0.42188,0.356,8
962,30,0.21484,1.2979,0.40625,0.356,12
962,30,0.13184,1.3311,0.43359,0.356,12
962,30,0.17969,1.3447,0.46875,0.356,11
962,30,0.040039,1.1934,0.4834,-0.71201,8
962,30,0.041016,1.2217,0.49316,-0.71201,13
962,30,0.041992,1.2334,0.54004,-0.71201,15
962,30,0.085938,1.248,0.57324,-0.71201,15
962,30,0.043945,1.2529,0.63672,-0.71201,12
962,30,0.044922,1.3018,0.60156,-0.71201,8
962,30,0.039063,1.1553,0.5,-0.356,9
962,30,0.040039,1.1807,0.51563,-0.356,21
962,30,0.041016,1.2109,0.51953,-0.356,33
962,30,0.041992,1.2227,0.56445,-0.356,37
962,30,0.042969,1.2383,0.59961,-0.356,32
962,30,0.043945,1.2539,0.63477,-0.356,24
962,30,0.089844,1.2783,0.64648,-0.356,17
962,30,0.091797,1.2881,0.69141,-0.356,10
962,30,-0.53516,0.82617,-0.87598,0.356,3
962,30,-0.40234,0.71191,-0.99609,-0.71201,5
962,30,-0.47266,0.80469,-0.84668,-0.356,5
962,30,-0.44336,0.88086,-0.83008,-0.356,11
963,64,0.038086,1.0889,0.57031,0,13
963,64,0.039063,1.1338,0.54785,0,26
963,64,0,1.1621,0.55762,0,33
963,64,0,1.1973,0.55078,0,29
963,64,0,1.2236,0.56445,0,19
963,64,0.043945,1.4053,0.032227,0,9
963,64,0.17969,1.4023,0.24707,0,14
963,64,0.1377,1.416,0.34766,0,14
963,64,0.23633,0.5625,1.1016,0.356,9
963,64,0.28223,1.0713,0.6582,0.356,18
963,64,0.28809,1.2852,0.053711,0.356,25
963,64,0.29492,1.3037,0.16602,0.356,28
963,64,0.25781,1.3145,0.31543,0.356,26
963,64,0.26367,1.3164,0.41602,0.356,21
963,64,0.13477,1.3799,0.37207,0.356,28
963,64,0.1377,1.3984,0.41406,0.356,32
963,64,0.13965,1.4199,0.44238,0.356,23
963,64,0.27441,2.085,0.63574,0.356,8
963,64,0.24707,1.2363,0.38281,0.71201,8
963,64,0.25293,1.3145,0.14941,0.71201,8
963,64,0.25781,1.2734,0.4541,0.71201,7
963,64,0.089844,1.3418,0.50098,0.71201,11
963,64,0.091797,1.3955,0.43457,0.71201,12
963,64,0.09375,1.418,0.46191,0.71201,8
963,64,0.080078,1.0684,0.71582,-1.78,6
963,64,0.041016,1.1641,0.61621,-1.78,8
963,64,0.041992,1.1133,0.75781,-1.78,7
963,64,0,1.0801,0.70215,-1.424,6
963,64,0.082031,1.1006,0.7207,-1.424,9
963,64,0.041992,1.1133,0.75781,-1.424,8
963,64,0.075195,1.1104,0.4502,-1.068,10
963,64,0.038086,1.1494,0.4375,-1.068,34
963,64,0.039063,1.1738,0.45313,-1.068,68
963,64,0.080078,1.1943,0.47656,-1.068,89
963,64,0.041016,1.2256,0.48438,-1.068,80
963,64,0.041992,1.248,0.50488,-1.068,48
963,64,0,1.2588,0.55762,-1.068,18
963,64,0.14258,2.0957,0.89746,-1.068,8
963,64,0.14453,2.1191,0.91699,-1.068,11
963,64,0.073242,2.1494,0.92871,-1.068,11
963,64,0.074219,2.1279,1.0469,-1.068,8
963,64,0.1123,1.0781,0.5166,-0.71201,24
963,64,0.038086,1.127,0.49121,-0.71201,83
963,64,0.079102,1.1543,0.49902,-0.71201,164
963,64,0.040039,1.1895,0.49414,-0.71201,212
963,64,0.041016,1.2197,0.49707,-0.71201,189
963,64,0.041992,1.25,0.50098,-0.71201,112
963,64,0.085938,1.2813,0.49512,-0.71201,42
963,64,0.14258,2.002,1.0908,-0.71201,10
963,64,0.072266,2.041,1.0879,-0.71201,11
963,64,0.073242,1.9736,1.2607,-0.71201,10
963,64,0.037109,1.0664,0.55078,-0.356,17
963,64,0.038086,1.1055,0.53809,-0.356,61
963,64,0.079102,1.1357,0.53809,-0.356,122
963,64,0.080078,1.1738,0.52637,-0.356,159
963,64,0.041016,1.2139,0.5127,-0.356,142
963,64,0.083984,1.2539,0.48535,-0.356,90
963,64,0.17188,1.3066,0.39648,-0.356,45
963,64,0.21973,1.3525,0.3125,-0.356,25
963,64,0.17969,1.3857,0.3291,-0.356,16
963,64,0.068359,2.1162,-0.58496,-0.356,20
963,64,0,1.8506,-1.2363,-0.356,17
963,64,-0.39551,0.66016,-1.1768,0,6
963,64,-0.11816,1.2539,0.021484,0.356,5
964,55,0,1.3174,0.39844,0,7
964,55,0,1.3662,0.33105,0,10
964,55,-0.22461,0,1.4209,0,9
964,55,0.13574,1.9541,0.92676,0,9
964,55,0.1377,2.082,0.68555,0,11
964,55,0.13867,2.0254,0.91309,0,10
964,55,0.14063,2.124,0.74414,0,7
964,55,0.15332,1.2109,-0.15332,0.356,7
964,55,0.11816,1.2529,-0.03418,0.356,12
964,55,0.12109,1.2822,0.049805,0.356,19
964,55,0.12402,1.3096,0.075195,0.356,25
964,55,0.12598,0.92285,0.97363,0.356,19
964,55,0.12891,1.1855,0.68652,0.356,13
964,55,0.17578,1.3701,0.26172,0.356,18
964,55,0.13477,1.4248,0.10352,0.356,17
964,55,0.27051,2.0732,0.56934,0.356,25
964,55,0.20605,2.0957,0.62402,0.356,35
964,55,0.27832,2.1357,0.5625,0.356,35
964,55,0.28223,2.1631,0.57227,0.356,25
964,55,0.28516,2.1934,0.57129,0.356,12
964,55,0.091797,1.4111,0.38184,0.71201,12
964,55,0.18652,1.4287,0.39551,0.71201,14
964,55,0.094727,1.4639,0.4082,0.71201,12
964,55,0.14551,1.4727,0.46973,0.71201,9
964,55,0.20313,2.0176,0.76465,0.71201,8
964,55,0.27441,2.0684,0.6875,0.71201,12
964,55,0.20898,2.1074,0.68457,0.71201,11
964,55,0.21191,2.1143,0.75586,0.71201,8
964,55,0.13965,1.3779,0.55957,1.068,8
964,55,0.14258,1.4697,0.37402,1.068,7
964,55,0,1.0693,0.40234,-2.492,7
964,55,0,1.1025,0.39648,-2.492,7
964,55,0,1.0029,0.48145,-2.136,6
964,55,0,1.2285,0.055664,-0.356,5
964,55,0.11816,1.25,-0.097656,-0.356,9
964,55,0.080078,1.2861,-0.029297,-0.356,13
964,55,0.082031,1.3008,0.19434,-0.356,18
964,55,0.12598,1.168,0.66016,-0.356,21
964,55,0.12891,1.1621,0.72754,-0.356,19
964,55,-0.30762,0.87891,-1.0527,-0.356,17
964,55,-0.26953,0.98242,-1.0117,-0.356,14
964,55,0.33887,2.1367,0.13574,-0.356,10
964,55,0.34277,2.1631,0.16797,-0.356,16
964,55,0.27832,2.1992,0.20117,-0.356,16
964,55,0.35254,2.2012,0.34277,-0.356,12
964,55,-0.47363,0.81836,-1.001,0,7
964,55,0.57129,0.84668,-0.9668,0,6
964,55,-0.37891,1.0586,-0.74219,0.356,13
964,55,-0.34375,1.2002,-0.5791,0.356,11
964,55,-0.32227,0.78906,-0.9668,-0.356,7
964,55,-0.37109,0.82422,-0.95898,-0.356,11
964,55,-0.37891,0.9248,-0.90332,-0.356,15
964,55,-0.38672,0.90625,-0.96094,-0.356,17
964,55,0.26367,1.2783,0.52344,-0.356,13
964,55,0.44824,1.2813,0.46484,-0.356,11
965,64,0.083984,1.3301,0.19727,0,29
965,64,0.085938,1.3623,0.17871,0,45
965,64,0.043945,1.4023,0.094727,0,48
965,64,0.044922,1.4336,0.048828,0,35
965,64,-0.045898,1.4482,-0.21582,0,17
965,64,0.18652,1.4209,0.42285,0,7
965,64,0.23633,1.2021,-0.29297,0.356,11
965,64,0.24121,1.2275,-0.30859,0.356,12
965,64,0.20605,1.2383,-0.40234,0.356,11
965,64,0.13477,1.3691,0.40918,0.356,18
965,64,0.1377,1.3965,0.41992,0.356,19
965,64,0,0.80371,0.27344,-2.136,10
965,64,0,0.83203,0.28223,-2.136,14
965,64,0,0.86523,0.27344,-2.136,14
965,64,0.058594,0.87402,0.33398,-2.136,15
965,64,0.060547,0.90332,0.33691,-2.136,22
965,64,0.03125,0.94043,0.32617,-2.136,21
965,64,0.032227,0.97559,0.31445,-2.136,13
965,64,0,0.76758,0.36426,-1.78,10
965,64,0,0.79199,0.37988,-1.78,15
965,64,0.02832,0.84863,0.32129,-1.78,18
965,64,0.058594,0.88086,0.31445,-1.78,30
965,64,0.030273,0.91016,0.32227,-1.78,43
965,64,0.0625,0.93359,0.33984,-1.78,43
965,64,0.032227,0.96484,0.3457,-1.78,30
965,64,0,1.0117,0.29492,-1.78,13
965,64,0,0.80469,0.15625,-1.424,7
965,64,0,0.82422,0.20605,-1.424,16
965,64,0,0.84082,0.25488,-1.424,21
965,64,0,0.86719,0.26758,-1.424,25
965,64,0,0.89746,0.26855,-1.424,31
965,64,0.030273,0.92188,0.28906,-1.424,40
965,64,0.03125,0.94824,0.30273,-1.424,41
965,64,0.032227,0.97461,0.31445,-1.424,31
965,64,0.13184,1.3535,0.35645,-1.424,16
965,64,0.044922,1.374,0.41309,-1.424,13
965,64,0,0.78223,0.24707,-1.068,8
965,64,0,0.81055,0.25293,-1.068,17
965,64,0,0.84277,0.24805,-1.068,23
965,64,-0.02832,0.86719,0.26758,-1.068,24
965,64,0,0.89941,0.2627,-1.068,18
965,64,0,0.92578,0.27637,-1.068,16
965,64,0,0.94629,0.31152,-1.068,15
965,64,-0.21094,0.79492,1.0664,-1.068,19
965,64,-0.12891,1.0654,0.8623,-1.068,30
965,64,-0.087891,1.2031,0.72266,-1.068,36
965,64,0,1.3193,0.56543,-1.068,32
965,64,0,1.3779,0.49707,-1.068,20
965,64,0,0.78613,0.32227,-0.71201,6
965,64,0,0.84473,0.24219,-0.71201,9
965,64,0,0.88477,0.20215,-0.71201,9
965,64,0,0.89063,0.29297,-0.71201,8
965,64,-0.41211,0,1.2998,-0.71201,21
965,64,-0.25293,0.50293,1.2246,-0.71201,42
965,64,-0.12891,0.9541,0.9834,-0.71201,67
965,64,-0.087891,1.2451,0.64648,-0.71201,77
965,64,-0.089844,1.3516,0.47559,-0.71201,61
965,64,-0.045898,1.4082,0.39844,-0.71201,32
965,64,0,1.3369,0.16699,-0.356,46
965,64,0,1.3643,0.18164,-0.356,82
965,64,0,1.3906,0.20703,-0.356,93
965,64,0,1.4053,0.29297,-0.356,70
965,64,0,1.3555,0.55469,-0.356,34
965,64,-0.32715,1.2139,-0.80664,0,7
966,42,0,1.3467,-0.048828,0,8
966,42,0,1.3682,0.14844,0,11
966,42,0.043945,1.3955,0.16797,0,11
966,42,0,1.2275,-0.077148,0.356,8
966,42,-0.039063,1.2559,-0.079102,0.356,12
966,42,0,1.2549,-0.29395,0.356,11
966,42,0,1.3232,0.25488,0.356,19
966,42,0,1.3711,0.125,0.356,30
966,42,0,1.4043,0.063477,0.356,31
966,42,0,1.4346,0.018555,0.356,25
966,42,0,0.92188,-0.16895,0.71201,6
966,42,0,0.96191,-0.091797,0.71201,6
966,42,0,0.87793,-0.045898,1.068,6
966,42,0,0.90527,-0.066406,1.068,13
966,42,0,0.93359,-0.083984,1.068,17
966,42,0,0.96387,-0.06543,1.068,17
966,42,0,0.99121,-0.094727,1.068,12
966,42,-0.02832,0.90039,-0.11719,1.424,11
966,42,0,0.93262,-0.095703,1.424,13
966,42,-0.060547,0.96289,-0.060547,1.424,13
966,42,0,0.99414,-0.052734,1.424,9
966,42,-0.082031,0.85938,-0.16504,1.78,7
966,42,-0.11328,0.88184,-0.18164,1.78,9
966,42,-0.087891,0.92188,-0.14648,1.78,10
966,42,-0.09082,0.94336,-0.19141,1.78,7
966,42,-0.1377,0.85547,-0.14453,2.136,5
966,42,-0.11328,0.89453,-0.11035,2.136,8
966,42,-0.11719,0.91797,-0.15137,2.136,8
966,42,-0.09082,0.94531,-0.18164,2.136,7
966,42,0,1.3389,-0.1543,-0.71201,9
966,42,0,1.374,-0.076172,-0.71201,13
966,42,0,1.4043,0.068359,-0.71201,14
966,42,0.044922,1.4326,-0.067383,-0.71201,11
966,42,0,1.3174,-0.02832,-0.356,15
966,42,0,1.3477,0.0068359,-0.356,32
966,42,0.042969,1.376,0.023438,-0.356,46
966,42,0.043945,1.4053,0.026367,-0.356,48
966,42,0.044922,1.4346,-0.012695,-0.356,35
966,42,0,1.4629,-0.057617,-0.356,18
966,42,-0.46289,0,1.3174,0,5
966,42,-0.47363,0.074219,-1.291,0,6
966,42,-0.52344,0,-1.2822,0.356,7
967,58,0,1.2295,-0.042969,0,9
967,58,0,1.2588,-0.045898,0,34
967,58,0,1.2871,-0.072266,0,67
967,58,0,1.3145,-0.094727,0,89
967,58,0,1.3408,-0.13574,0,80
967,58,0,1.3623,-0.19629,0,51
967,58,0,1.3594,-0.35742,0,19
967,58,-0.40332,0,-1.3779,0,5
967,58,0.091797,1.4561,-0.125,0,6
967,58,0,1.2305,0,0.356,23
967,58,0.039063,1.2588,-0.011719,0.356,81
967,58,0.040039,1.2881,-0.022461,0.356,159
967,58,0.041016,1.3164,-0.041016,0.356,210
967,58,0.041992,1.3457,-0.058594,0.356,191
967,58,0,1.374,-0.089844,0.356,116
967,58,0,1.4033,-0.086914,0.356,43
967,58,0.038086,1.2236,0.11914,0.71201,12
967,58,0.039063,1.2578,0.057617,0.71201,45
967,58,0,1.2891,0.011719,0.71201,91
967,58,0.041016,1.3174,0.0068359,0.71201,123
967,58,0.041992,1.3467,-0.0048828,0.71201,115
967,58,0,1.376,-0.040039,0.71201,72
967,58,0,1.4053,-0.046875,0.71201,30
967,58,0,2.2256,0,1.424,7
967,58,0,2.2549,-0.057617,1.424,8
967,58,0,2.2832,0.075195,1.424,6
967,58,0,2.2529,-0.10156,1.78,7
967,58,0.15723,1.249,-0.010742,-0.71201,9
967,58,0.24121,1.2656,0.040039,-0.71201,18
967,58,0.20605,1.3018,0.03125,-0.71201,23
967,58,0.21094,1.3301,0.037109,-0.71201,19
967,58,0.21484,1.3594,-0.011719,-0.71201,11
967,58,0.087891,1.3809,-0.25098,-0.71201,7
967,58,0.17969,1.4004,-0.25879,-0.71201,10
967,58,0.1377,1.4463,-0.18359,-0.71201,11
967,58,0.13965,1.4805,-0.13574,-0.71201,10
967,58,0.094727,1.5078,-0.19043,-0.71201,6
967,58,0.15332,1.2178,0.083984,-0.356,9
967,58,0.19727,1.2402,0.092773,-0.356,28
967,58,0.20117,1.2695,0.09082,-0.356,53
967,58,0.20605,1.2979,0.10254,-0.356,66
967,58,0.25293,1.3174,0.12598,-0.356,57
967,58,0.25781,1.3447,0.1416,-0.356,27
967,58,0.13184,1.3691,-0.29004,-0.356,10
967,58,0.17969,1.3936,-0.29395,-0.356,14
967,58,0.1377,1.4521,-0.12891,-0.356,15
967,58,0.13965,1.4873,-0.026367,-0.356,14
967,58,0.089844,1.4072,-0.26953,0,4
967,58,-0.50293,0,-1.4092,0,4
967,58,-0.39551,0.47559,1.2627,-0.71201,5
967,58,-0.41211,0.43652,1.3359,-0.71201,7
967,58,-0.41992,0.70605,1.2471,-0.71201,6
967,58,-0.47559,0.56348,1.333,-0.71201,4
967,58,-0.21484,0.75586,-1.1299,-0.356,14
967,58,-0.4834,0.58594,1.1826,-0.356,8
967,58,-0.44824,0.49414,1.2705,-0.356,9
967,58,-0.41211,0.37012,1.3555,-0.356,9
967,58,-0.37305,0,-1.4941,-0.356,9
968,51,0.28223,1.2295,0.26563,0,5
968,51,0.20605,1.2725,0.27734,0,6
968,51,0,1.3398,-0.1377,0,5
968,51,0,1.3301,-0.35352,0,8
968,51,-0.087891,1.3232,-0.4668,0,8
968,51,0,1.3662,-0.44141,0,5
968,51,0.091797,1.4453,-0.21875,0,6
968,51,0.039063,1.2207,-0.30566,0.356,20
968,51,0.040039,1.2627,-0.25391,0.356,47
968,51,0.041016,1.293,-0.25,0.356,70
968,51,0.041992,1.3271,-0.22754,0.356,70
968,51,0.085938,1.3613,-0.1875,0.356,45
968,51,0.17578,1.3936,0.06543,0.356,19
968,51,0,1.1914,-0.30762,0.71201,9
968,51,0,1.2256,-0.28906,0.71201,38
968,51,0,1.2598,-0.27051,0.71201,90
968,51,0,1.291,-0.26563,0.71201,136
968,51,0,1.3193,-0.27246,0.71201,141
968,51,0.042969,1.3486,-0.27539,0.71201,102
968,51,0,1.374,-0.2998,0.71201,47
968,51,0.044922,1.4014,-0.30566,0.71201,12
968,51,0,1.1953,-0.28906,1.068,7
968,51,0,1.2324,-0.26074,1.068,26
968,51,0,1.2627,-0.25684,1.068,57
968,51,0,1.2949,-0.24414,1.068,84
968,51,0,1.3242,-0.24609,1.068,88
968,51,0,1.3555,-0.24219,1.068,64
968,51,0,1.3818,-0.25879,1.068,31
968,51,0,1.4229,-0.19141,1.068,10
968,51,0,1.2344,-0.25195,1.424,8
968,51,0,1.25,-0.31348,1.424,12
968,51,0,1.2881,-0.28125,1.424,13
968,51,0,1.3184,-0.27637,1.424,10
968,51,0.24121,1.2559,0.16113,-0.71201,7
968,51,0.28809,1.2617,0.24707,-0.71201,10
968,51,0.25293,1.3125,0.16797,-0.71201,9
968,51,0.21484,1.3584,0.052734,-0.71201,6
968,51,0.27539,1.1992,0.2666,-0.356,14
968,51,0.24121,1.2422,0.24219,-0.356,25
968,51,0.24707,1.2725,0.23633,-0.356,33
968,51,0.25293,1.3037,0.22559,-0.356,31
968,51,0.34375,1.3154,0.21191,-0.356,22
968,51,0.26367,1.3809,0.024414,-0.356,15
968,51,0.13477,1.4063,-0.25488,-0.356,18
968,51,0.22852,1.4268,-0.23926,-0.356,18
968,51,-0.12109,0.92773,-0.88574,0,3
968,51,0.21094,1.3301,0.023438,0,5
968,51,-0.41211,0.57617,-1.2822,0,4
968,51,-0.57129,0.63281,1.1182,0.356,11
968,51,-1.4355,0,-0.29395,0.71201,9
968,51,-1.4355,0,-0.3584,1.068,6
969,31,0,1.3135,-0.11133,0,8
969,31,0,1.335,-0.18457,0,13
969,31,0,1.3691,-0.13867,0,13
969,31,0,1.4043,-0.069336,0,8
969,31,0.17969,1.4102,-0.19727,0,8
969,31,0.22852,1.4297,-0.2168,0,9
969,31,0.19727,1.2441,0.015625,0.356,14
969,31,0.12109,1.2773,-0.11719,0.356,24
969,31,0.082031,1.3086,-0.13672,0.356,36
969,31,0.041992,1.3418,-0.10938,0.356,45
969,31,0.042969,1.374,-0.071289,0.356,42
969,31,0.043945,1.4053,-0.014648,0.356,25
969,31,0.044922,1.415,-0.23438,0.356,15
969,31,0,1.4365,-0.28516,0.356,18
969,31,0.12109,1.2813,0.058594,0.71201,8
969,31,0.041016,1.3105,-0.13477,0.71201,14
969,31,0.041992,1.3447,-0.077148,0.71201,20
969,31,0.042969,1.374,-0.068359,0.71201,20
969,31,0,1.4023,0.094727,0.71201,11
969,31,0.045898,1.4482,-0.21191,0.71201,7
969,31,0.15332,1.2188,-0.061523,-0.356,6
969,31,0.19727,1.2354,-0.14258,-0.356,15
969,31,0.20117,1.2666,-0.12695,-0.356,22
969,31,0.20605,1.2783,-0.24707,-0.356,25
969,31,0.16797,1.3252,-0.1748,-0.356,23
969,31,0.17188,1.3574,-0.14844,-0.356,18
969,31,0.26367,1.375,-0.12891,-0.356,14
969,31,0.44824,1.3633,0.0019531,-0.356,19
969,31,-0.52734,0.61816,1.1475,0,5
969,31,0.53809,1.2783,0.36914,0.356,12
969,31,0.54883,1.3477,-0.16699,0.356,12
970,40,0.041016,1.3174,-0.014648,0,8
970,40,0,1.3398,-0.1377,0,19
970,40,0,1.3652,-0.17969,0,32
970,40,0.043945,1.3945,-0.17383,0,39
970,40,0,1.4297,-0.13086,0,33
970,40,0,1.4629,-0.0625,0,21
970,40,0.23633,1.2129,0.24512,0.356,6
970,40,0.24121,1.2314,0.29297,0.356,12
970,40,0.24707,1.2627,0.28711,0.356,15
970,40,0,1.3311,-0.20898,0.356,44
970,40,0,1.3652,-0.17871,0.356,79
970,40,0.043945,1.3916,-0.19238,0.356,95
970,40,0,1.4141,-0.24609,0.356,77
970,40,0,1.4189,-0.36328,0.356,44
970,40,0,1.3389,-0.15039,0.71201,16
970,40,0,1.3701,-0.1377,0.71201,27
970,40,0,1.3984,-0.14648,0.71201,33
970,40,0.044922,1.4219,-0.19141,0.71201,28
970,40,0,1.4434,-0.24805,0.71201,16
970,40,0.35156,1.3584,-0.080078,-0.71201,9
970,40,0.40332,1.3682,-0.15918,-0.71201,10
970,40,0.19727,1.2139,0.27344,-0.356,8
970,40,0.24121,1.2373,0.26758,-0.356,16
970,40,0.28809,1.2559,0.27637,-0.356,21
970,40,0.29492,1.291,0.24707,-0.356,21
970,40,0.30078,1.3389,0.1123,-0.356,25
970,40,0.35156,1.3613,0.012695,-0.356,30
970,40,0.44824,1.3613,-0.073242,-0.356,34
970,40,0.45801,1.3818,-0.15723,-0.356,30
970,40,1.4277,0,1.6699,-0.356,10
970,40,1.4512,0,1.6221,-0.356,12
970,40,1.4756,0,1.6455,-0.356,10
970,40,-0.082031,1.2422,-0.43359,0.356,15
970,40,-0.044922,1.1016,-0.91895,-0.71201,6
970,40,-0.12598,1.165,-0.66504,-0.356,13
970,40,0.043945,1.334,-0.44043,-0.356,28
970,40,0,1.2432,-0.71777,-0.356,22
970,40,0.54883,0,1.7178,-0.356,7
970,40,0.61426,0.92773,1.3984,-0.356,9
970,40,0.56738,0.80664,1.5254,-0.356,7
971,14,0.19727,1.2178,0.25586,0.356,7
971,14,0.16113,1.2178,0.39063,0.356,11
971,14,0.24707,1.2334,0.39453,0.356,13
971,14,0.25293,1.293,0.28223,0.356,11
971,14,0.30078,1.3428,-0.022461,0.356,15
971,14,0.35156,1.3594,-0.072266,0.356,20
971,14,0.3584,1.3877,-0.073242,0.356,19
971,14,0.19727,1.2295,0.18848,-0.356,9
971,14,0.20117,1.2461,0.25977,-0.356,14
971,14,0.24707,1.2598,0.29785,-0.356,16
971,14,0.25293,1.2979,0.25977,-0.356,14
971,14,0.34375,1.333,0.013672,-0.356,19
971,14,0.39551,1.3457,-0.097656,-0.356,26
971,14,0.40332,1.3643,-0.18848,-0.356,25
972,14,0.19727,1.2432,0.054688,0.356,8
972,14,0.20117,1.2676,0.12109,0.356,11
972,14,0.24707,1.2871,0.13672,0.356,11
972,14,0.25293,1.2236,0.50488,0.356,8
972,14,0.19727,1.2432,-0.040039,-0.356,9
972,14,0.24121,1.2656,0.020508,-0.356,12
972,14,0.24707,1.2939,0.029297,-0.356,12
972,14,0.25293,1.2617,0.40039,-0.356,9
972,14,0,1.3379,-0.32324,-0.356,8
972,14,0,1.3818,-0.25879,-0.356,12
972,14,-0.16797,1.25,-0.47461,0.356,5
972,14,-0.16797,1.1934,-0.60254,-0.356,6
972,14,0.34375,1.2715,0.39844,-0.356,8
972,14,0.43945,1.1689,0.64648,-0.356,8
997,2,0.23633,1.2373,-0.0048828,-0.356,5
997,2,-0.15723,0.81836,0.94434,-0.356,3
998,6,0.041016,1.2568,0.39355,0.356,8
998,6,0.041992,1.2461,0.51172,0.356,10
998,6,0,1.2217,0.63379,0.356,8
998,6,0.082031,1.2637,0.36523,-0.356,9
998,6,0.041992,1.2793,0.4209,-0.356,11
998,6,0.042969,1.2813,0.50293,-0.356,9
999,2,0.041992,1.2793,0.4209,0.356,6
999,2,0.041992,1.2793,0.4209,-0.356,6
1004,6,0.082031,1.2676,0.35156,0.356,7
1004,6,0.041992,1.2578,0.48145,0.356,7
1004,6,0.12109,1.249,0.29297,-0.356,6
1004,6,0.082031,1.2764,0.31934,-0.356,9
1004,6,0.083984,1.2939,0.36719,-0.356,10
1004,6,0.042969,1.2881,0.48438,-0.356,8
1005,27,0,1.1855,0.50488,0,9
1005,27,0.041016,1.2256,0.48242,0,13
1005,27,0.041992,1.251,0.49902,0,14
1005,27,0.085938,1.2695,0.52539,0,12
1005,27,0.043945,1.2939,0.54883,0,11
1005,27,0.089844,1.3125,0.57422,0,9
1005,27,0.16504,1.2041,0.51074,0.356,7
1005,27,0.12598,1.2891,0.37012,0.356,9
1005,27,0.085938,1.3359,0.32227,0.356,11
1005,27,0.087891,1.3496,0.38281,0.356,11
1005,27,0,1.1953,0.55664,-0.71201,9
1005,27,0,1.2285,0.55273,-0.71201,10
1005,27,0.042969,1.3047,0.43555,-0.71201,10
1005,27,0.043945,1.3223,0.47656,-0.71201,10
1005,27,0.13477,1.3457,0.48047,-0.71201,9
1005,27,0.039063,1.041,0.70801,-0.356,10
1005,27,0.040039,1.1289,0.62109,-0.356,19
1005,27,0.041016,1.1729,0.59863,-0.356,26
1005,27,0,1.2129,0.58691,-0.356,26
1005,27,0.042969,1.2852,0.49121,-0.356,25
1005,27,0.13184,1.3408,0.40234,-0.356,26
1005,27,0.13477,1.3604,0.43848,-0.356,22
1005,27,0.1377,1.3643,0.51465,-0.356,13
1005,27,-0.33691,0.67578,-1.1152,0.356,5
1005,27,-0.34375,0.69141,-1.1396,0.356,6
1005,27,-0.45313,0.84277,-0.90625,-0.71201,5
1005,27,-0.44336,0.94434,-0.75781,-0.356,10
1006,59,0.075195,1.0771,0.52539,0,9
1006,59,0.038086,1.1143,0.51953,0,32
1006,59,0.039063,1.1387,0.53613,0,63
1006,59,0.040039,1.1572,0.56641,0,81
1006,59,0,1.1738,0.59961,0,70
1006,59,0,1.1533,0.69531,0,39
1006,59,0.17578,1.3936,0.055664,0,11
1006,59,0.13477,1.4219,0.1416,0,11
1006,59,0.091797,1.4336,0.28613,0,10
1006,59,0.13965,1.4355,0.38672,0,10
1006,59,0.23828,1.4434,0.42188,0,9
1006,59,0.15332,1.2109,0.15332,0.356,13
1006,59,0.15723,1.2256,0.24512,0.356,25
1006,59,0.24121,1.2275,0.30957,0.356,35
1006,59,0.28809,1.2373,0.35059,0.356,37
1006,59,0.25293,1.2891,0.29883,0.356,37
1006,59,0.17188,1.3496,0.20801,0.356,43
1006,59,0.17578,1.3867,0.1543,0.356,45
1006,59,0.17969,1.416,0.15039,0.356,38
1006,59,0.1377,1.4453,0.18945,0.356,29
1006,59,0.09375,1.4551,0.32617,0.356,22
1006,59,0.19043,1.4463,0.43652,0.356,17
1006,59,0.24121,1.2109,0.36914,0.71201,10
1006,59,0.24707,1.2119,0.45508,0.71201,11
1006,59,0.25293,1.2813,0.33008,0.71201,12
1006,59,0.17188,1.3447,0.23633,0.71201,13
1006,59,0.13184,1.3828,0.21777,0.71201,14
1006,59,0.089844,1.4131,0.23145,0.71201,12
1006,59,0.091797,1.4414,0.24121,0.71201,11
1006,59,0.09375,1.3975,0.51855,0.71201,10
1006,59,0.19043,1.4512,0.4209,0.71201,8
1006,59,0.038086,1.1484,0.44043,-1.068,13
1006,59,0.039063,1.1895,0.41113,-1.068,27
1006,59,0.040039,1.2197,0.41406,-1.068,39
1006,59,0.041016,1.2334,0.46387,-1.068,39
1006,59,0.041992,1.2441,0.51465,-1.068,28
1006,59,0.042969,1.252,0.57129,-1.068,14
1006,59,0.075195,1.1182,0.43066,-0.71201,17
1006,59,0.077148,1.1387,0.45801,-0.71201,62
1006,59,0.039063,1.1738,0.45313,-0.71201,124
1006,59,0.040039,1.207,0.44922,-0.71201,164
1006,59,0.082031,1.2334,0.45605,-0.71201,151
1006,59,0.041992,1.2715,0.44336,-0.71201,95
1006,59,0.042969,1.3105,0.41895,-0.71201,40
1006,59,0.087891,1.3809,0.25,-0.71201,12
1006,59,0.14453,2.1221,0.91113,-0.71201,8
1006,59,0.075195,1.0635,0.55273,-0.356,20
1006,59,0.038086,1.1152,0.51758,-0.356,71
1006,59,0.039063,1.1543,0.50098,-0.356,145
1006,59,0.080078,1.1865,0.49609,-0.356,191
1006,59,0.082031,1.2266,0.47461,-0.356,176
1006,59,0.041992,1.2793,0.4209,-0.356,114
1006,59,0.12891,1.3301,0.3291,-0.356,57
1006,59,0.17578,1.3857,0.1582,-0.356,30
1006,59,0.17969,1.4238,0.0087891,-0.356,19
1006,59,-0.41309,0.86426,-0.72363,0,5
1006,59,-0.35156,0.3418,-1.3174,0,6
1006,59,-0.41309,0.79883,-0.7959,-0.71201,9
1006,59,-0.375,0.90234,-0.69824,-0.356,11
1007,64,0,0.92676,0.66797,0,6
1007,64,0,0.99512,0.61816,0,13
1007,64,0,1.0205,0.63281,0,17
1007,64,0,1.0938,0.56348,0,15
1007,64,0,1.2109,0.3457,0,9
1007,64,0.26367,1.3438,0.31934,0,18
1007,64,0.26953,1.3877,0.24902,0,18
1007,64,0.22852,1.4355,0.17578,0,14
1007,64,0.13965,1.459,0.28613,0,12
1007,64,0.19043,1.4727,0.33984,0,10
1007,64,0.1377,0.84863,-2.0215,0,5
1007,64,0.13867,1.0684,1.9473,0,4
1007,64,0,0.96875,0.65918,0.356,5
1007,64,0,1.0771,0.53125,0.356,7
1007,64,0.15332,1.2129,-0.13281,0.356,10
1007,64,0.31445,0.10352,1.2148,0.356,9
1007,64,0.28223,1.1162,0.57813,0.356,25
1007,64,0.28809,1.2236,0.39648,0.356,39
1007,64,0.16797,1.3213,0.20313,0.356,35
1007,64,0.17188,1.3447,0.23633,0.356,36
1007,64,0.26367,1.3652,0.20801,0.356,51
1007,64,0.26953,1.3955,0.19922,0.356,51
1007,64,0.22852,1.4307,0.21387,0.356,39
1007,64,0.2334,1.4561,0.23828,0.356,31
1007,64,0.23828,1.4814,0.26172,0.356,25
1007,64,0.28223,1.1191,0.57422,0.71201,8
1007,64,0.20605,1.2471,0.37305,0.71201,12
1007,64,0.16797,1.3145,0.24414,0.71201,11
1007,64,0.17188,1.333,0.29785,0.71201,11
1007,64,0.26367,1.3496,0.29199,0.71201,16
1007,64,0.26953,1.377,0.30078,0.71201,16
1007,64,0.22852,1.4102,0.32227,0.71201,17
1007,64,0.2334,1.4375,0.33203,0.71201,20
1007,64,0.19043,1.4619,0.38086,0.71201,17
1007,64,0.19434,1.4902,0.3877,0.71201,11
1007,64,0,1.1152,0.51953,-2.848,9
1007,64,0.039063,1.1055,0.60156,-2.848,8
1007,64,0,1.0479,0.4541,-2.492,7
1007,64,0.036133,1.1182,0.34961,-2.492,10
1007,64,0,1.1494,0.34766,-2.492,10
1007,64,0.079102,0.89258,0.88574,-2.492,9
1007,64,0,1.0479,0.375,-2.136,9
1007,64,0.036133,1.0498,0.44824,-2.136,28
1007,64,0.036133,1.0801,0.45313,-2.136,50
1007,64,0.037109,1.1123,0.45117,-2.136,59
1007,64,0.038086,1.1416,0.45801,-2.136,48
1007,64,0.039063,1.1777,0.44336,-2.136,25
1007,64,0.035156,1.0254,0.43164,-1.78,27
1007,64,0.036133,1.0479,0.45215,-1.78,90
1007,64,0.036133,1.0771,0.45996,-1.78,168
1007,64,0.037109,1.1055,0.46777,-1.78,211
1007,64,0.038086,1.1328,0.47754,-1.78,177
1007,64,0.039063,1.1602,0.48926,-1.78,99
1007,64,0,1.1992,0.47168,-1.78,31
1007,64,0.035156,1.0146,0.45703,-1.424,28
1007,64,0.036133,1.0332,0.48633,-1.424,96
1007,64,0.036133,1.0605,0.49609,-1.424,185
1007,64,0.037109,1.0889,0.50586,-1.424,233
1007,64,0.038086,1.1172,0.51367,-1.424,199
1007,64,0.039063,1.1494,0.5127,-1.424,113
1007,64,0.040039,1.1885,0.49707,-1.424,38
1007,64,0,1.0186,0.44727,-1.068,9
1007,64,0.036133,1.0127,0.52734,-1.068,31
1007,64,0.036133,1.0439,0.53027,-1.068,61
1008,64,0.040039,1.2334,0.37109,0,10
1008,64,0.12402,1.2861,0.26074,0,19
1008,64,0.12598,1.3086,0.29297,0,21
1008,64,0.17188,1.251,0.54688,0,16
1008,64,-0.26367,1.0654,0.87891,0,14
1008,64,-0.089844,1.4297,0.082031,0,14
1008,64,0,1.4629,-0.068359,0,13
1008,64,0.23047,1.207,-0.049805,0.356,8
1008,64,0.23633,1.2373,0.010742,0.356,22
1008,64,0.24121,1.2646,0.05957,0.356,40
1008,64,0.24707,1.2881,0.12891,0.356,51
1008,64,0.29492,1.2813,0.2959,0.356,45
1008,64,0.30078,1.1328,0.72168,0.356,29
1008,64,0.30762,1.2686,0.52246,0.356,24
1008,64,0.20117,1.2578,0.19434,0.71201,11
1008,64,0.24707,1.2705,0.24902,0.71201,15
1008,64,0.25293,1.2715,0.36719,0.71201,13
1008,64,0.25781,1.1729,0.67383,0.71201,9
1008,64,0.09082,0.88184,0.38477,-2.848,12
1008,64,0.09375,0.8877,0.44043,-2.848,16
1008,64,0.064453,0.92969,0.42773,-2.848,15
1008,64,0.06543,0.96875,0.41113,-2.848,10
1008,64,0.026367,0.78711,0.31836,-2.492,7
1008,64,0,0.81543,0.32617,-2.492,12
1008,64,0.02832,0.8252,0.37695,-2.492,17
1008,64,0.029297,0.86035,0.37207,-2.492,21
1008,64,0.060547,0.87695,0.40137,-2.492,28
1008,64,0.09375,0.89844,0.41895,-2.492,34
1008,64,0.064453,0.9375,0.41016,-2.492,31
1008,64,0.06543,0.96094,0.42871,-2.492,21
1008,64,0.067383,1.0127,0.37988,-2.492,9
1008,64,0,0.78223,0.33203,-2.136,8
1008,64,0,0.81055,0.33789,-2.136,17
1008,64,0,0.83398,0.35938,-2.136,22
1008,64,0.029297,0.86523,0.35938,-2.136,22
1008,64,0.030273,0.86719,0.4248,-2.136,21
1008,64,0.0625,0.89258,0.43652,-2.136,22
1008,64,0.032227,0.94336,0.40039,-2.136,22
1008,64,0.06543,0.97266,0.40234,-2.136,19
1008,64,0.03418,1.0117,0.3877,-2.136,10
1008,64,0,0.82031,0.31445,-1.78,8
1008,64,0.02832,0.84961,0.31934,-1.78,12
1008,64,0,0.89063,0.29102,-1.78,12
1008,64,0,0.95898,0.11719,-1.78,8
1008,64,0.095703,0.93164,0.41602,-1.78,11
1008,64,0,0.89941,0.2627,-1.424,10
1008,64,0.030273,0.91992,0.29492,-1.424,13
1008,64,0,0.94238,0.32227,-1.424,11
1008,64,0.032227,0.9873,0.27441,-1.424,8
1008,64,-0.43066,0,1.3545,-1.424,8
1008,64,-0.43945,0,-1.3623,-1.424,9
1008,64,0,1.0166,0.27832,-1.068,7
1008,64,-0.12891,0.56445,1.249,-1.068,12
1008,64,0,1.0078,0.31152,-0.71201,6
1008,64,0.4209,1.1162,-0.625,-0.71201,15
1008,64,-0.12891,0.66406,1.1992,-0.71201,18
1008,64,-0.21973,0.58105,1.2617,-0.71201,16
1008,64,-0.22461,0.5791,1.2939,-0.71201,11
1008,64,0.27539,1.2217,-0.13086,-0.356,19
1008,64,0.32227,1.2432,-0.10645,-0.356,31
1008,64,0.37109,1.2471,-0.21094,-0.356,33
1008,64,0.4209,1.1953,-0.45801,-0.356,24
1008,64,0,1.3691,-0.14355,-0.356,17
1008,64,0.26367,1.3496,0.29199,-0.356,16
1009,64,0.040039,1.2705,0.21289,0,8
1009,64,0.082031,1.3096,0.12305,0,11
1009,64,0.041992,1.3428,0.099609,0,17
1009,64,0.042969,1.3721,0.10254,0,23
1009,64,0,1.3887,0.21973,0,21
1009,64,0.44824,1.3281,-0.30859,0,19
1009,64,0.41211,1.3672,-0.3252,0,20
1009,64,0.32715,1.4141,-0.35254,0,16
1009,64,0.33301,1.4365,-0.37988,0,11
1009,64,0.23633,1.2363,0.051758,0.356,8
1009,64,0.24121,1.2607,0.11035,0.356,15
1009,64,0.24707,1.292,0.082031,0.356,18
1009,64,0.33691,1.3027,-0.071289,0.356,18
1009,64,0.38672,1.2969,-0.25293,0.356,27
1009,64,0.43945,1.3037,-0.29102,0.356,44
1009,64,0.40332,1.3467,-0.28711,0.356,57
1009,64,0.41211,1.3828,-0.25195,0.356,60
1009,64,0.37305,1.4258,-0.24219,0.356,50
1009,64,0.40332,1.3447,-0.29688,0.71201,18
1009,64,0.32031,1.4023,-0.27539,0.71201,19
1009,64,0.28027,1.4541,-0.19824,0.71201,19
1009,64,0.23828,1.4814,-0.25879,0.71201,16
1009,64,0,0.87207,-0.10449,1.068,8
1009,64,0,0.90625,-0.050781,1.068,12
1009,64,0,0.93652,-0.046875,1.068,12
1009,64,0,0.95801,-0.125,1.068,8
1009,64,0,0.9375,0,1.424,6
1009,64,0,0.96191,-0.094727,1.424,7
1009,64,0,0.99023,-0.10156,1.424,6
1009,64,0,0.81055,-0.25488,1.78,6
1009,64,-0.082031,0.84961,-0.20898,1.78,9
1009,64,-0.084961,0.86523,-0.26367,1.78,9
1009,64,-0.080078,0.83008,-0.15918,2.136,10
1009,64,-0.082031,0.85449,-0.18555,2.136,16
1009,64,-0.084961,0.88281,-0.19238,2.136,17
1009,64,-0.087891,0.91211,-0.19629,2.136,13
1009,64,-0.030273,0.91797,-0.30176,2.136,6
1009,64,-0.10645,0.82129,-0.18848,2.492,7
1009,64,-0.10938,0.85449,-0.1748,2.492,12
1009,64,-0.084961,0.87891,-0.21094,2.492,14
1009,64,-0.087891,0.91113,-0.2002,2.492,12
1009,64,0,0.94824,-0.18555,2.492,6
1009,64,-0.11328,0.86035,-0.26758,2.848,5
1009,64,0.16113,1.2666,-0.17773,-0.71201,7
1009,64,0.12402,1.3125,-0.010742,-0.71201,10
1009,64,0.083984,1.3447,0.016602,-0.71201,13
1009,64,0.12891,1.3701,-0.017578,-0.71201,14
1009,64,0.043945,1.4023,0.087891,-0.71201,10
1009,64,0.19727,1.2441,0,-0.356,11
1009,64,0.16113,1.2783,-0.0019531,-0.356,18
1009,64,0.12402,1.3115,0.025391,-0.356,25
1009,64,0.12598,1.3408,0.012695,-0.356,30
1009,64,0.085938,1.374,0.029297,-0.356,28
1009,64,0.35156,1.3076,-0.37695,-0.356,24
1009,64,0.44824,1.3057,-0.39258,-0.356,26
1009,64,0.41211,1.3711,-0.30762,-0.356,26
1009,64,1.373,0,-1.7354,-0.356,9
1009,64,1.4512,0,1.7461,-0.356,11
1009,64,1.4189,0,1.7334,-0.356,9
1009,64,-0.44336,0,-1.2324,0,5
1009,64,-0.45313,0,1.3135,0,8
1009,64,-0.46289,0,-1.3418,0,11
1009,64,-0.43066,0,1.3291,0,12
1009,64,0.4834,1.2959,-0.25098,0,14
1010,64,0.038086,1.2295,-0.017578,0,17
1010,64,0.039063,1.2578,-0.044922,0,52
1010,64,0.040039,1.2871,-0.053711,0,98
1010,64,0.082031,1.3145,-0.038086,0,127
1010,64,0.083984,1.3438,-0.050781,0,112
1010,64,0.085938,1.3721,-0.067383,0,68
1010,64,0.087891,1.3955,-0.14453,0,32
1010,64,0.13477,1.4141,-0.20605,0,20
1010,64,0.091797,1.4541,-0.15234,0,11
1010,64,0,1.2305,0,0.356,25
1010,64,0,1.2588,-0.032227,0.356,79
1010,64,0,1.2871,-0.066406,0.356,151
1010,64,0,1.3135,-0.1084,0.356,197
1010,64,0,1.3369,-0.16699,0.356,173
1010,64,0,1.3574,-0.22852,0.356,104
1010,64,0.087891,1.3984,-0.11426,0.356,38
1010,64,0.44824,1.3438,-0.23242,0.356,20
1010,64,0.45801,1.3701,-0.24219,0.356,27
1010,64,0,1.2295,0.020508,0.71201,14
1010,64,0,1.2598,-0.00097656,0.71201,46
1010,64,0,1.2891,-0.0078125,0.71201,90
1010,64,0,1.3174,-0.047852,0.71201,115
1010,64,0.041992,1.3447,-0.067383,0.71201,105
1010,64,0.042969,1.3711,-0.11621,0.71201,65
1010,64,0.087891,1.3984,-0.11523,0.71201,25
1010,64,-1.3457,0.47852,-0.1416,0.71201,8
1010,64,0.070313,2.2539,-0.00097656,0.71201,12
1010,64,0.040039,1.2881,0.012695,1.068,6
1010,64,0.082031,1.3115,0.10547,1.068,9
1010,64,0.083984,1.3438,0.045898,1.068,8
1010,64,0.085938,1.373,0.03125,1.068,6
1010,64,0.069336,2.2246,0.024414,1.068,9
1010,64,0.070313,2.2539,0.012695,1.068,11
1010,64,0.071289,2.2822,0.081055,1.068,10
1010,64,0.069336,2.2119,0.23926,1.424,6
1010,64,0,2.251,0.13184,1.424,8
1010,64,0.071289,2.2764,0.18359,1.424,8
1010,64,0.15723,1.249,0.03125,-0.71201,13
1010,64,0.16113,1.2773,0.057617,-0.71201,25
1010,64,0.16504,1.3037,0.10449,-0.71201,33
1010,64,0.16797,1.332,0.11523,-0.71201,30
1010,64,0.12891,1.3701,-0.0029297,-0.71201,21
1010,64,0.13184,1.3447,-0.38965,-0.71201,14
1010,64,0.26953,1.3848,-0.26465,-0.71201,11
1010,64,0.32031,1.3945,-0.31348,-0.71201,8
1010,64,0.15332,1.2197,0.033203,-0.356,15
1010,64,0.15723,1.2461,0.085938,-0.356,46
1010,64,0.20117,1.2686,0.10547,-0.356,88
1010,64,0.20605,1.2969,0.11719,-0.356,114
1010,64,0.16797,1.3271,0.1582,-0.356,101
1010,64,0.12891,1.3643,0.12988,-0.356,62
1010,64,0.13184,1.3438,-0.39063,-0.356,34
1010,64,0.26953,1.377,-0.30371,-0.356,26
1010,64,0.41211,1.3828,-0.25293,-0.356,26
1010,64,-0.43066,0,1.3467,0,35
1010,64,-0.43945,0.21777,1.3174,0,20
1010,64,-0.40332,0.22656,1.3584,0,13
1010,64,-0.45801,0.50293,1.2969,0,7
1010,64,-1.3184,0.47266,-0.12598,0.356,21
1010,64,0,1.3184,0.56738,0.356,15
1010,64,-0.045898,0.85449,1.1885,0.356,20
1010,64,-0.4834,0.35742,1.2705,0.71201,14
1010,64,0.3584,1.3857,-0.098633,0.71201,7
1010,64,-0.46289,0,-1.2959,1.068,5
1011,51,0,1.2402,-0.2168,0,9
1011,51,0,1.2656,-0.24219,0,33
1011,51,0.041016,1.2988,-0.22266,0,67
1011,51,0.041992,1.3291,-0.21777,0,89
1011,51,0.042969,1.3604,-0.20898,0,82
1011,51,0.043945,1.3896,-0.20898,0,51
1011,51,0.044922,1.4209,-0.19727,0,19
1011,51,0.077148,1.2275,-0.0068359,0.356,7
1011,51,0.11816,1.2539,0.027344,0.356,36
1011,51,0.080078,1.2861,0.0039063,0.356,99
1011,51,0.082031,1.3154,-0.0048828,0.356,175
1011,51,0.041992,1.3457,-0.037109,0.356,204
1011,51,0.085938,1.3721,-0.06543,0.356,167
1011,51,0.087891,1.3975,-0.12988,0.356,86
1011,51,0,1.4111,-0.25977,0.356,24
1011,51,0,1.2393,-0.22363,0.71201,23
1011,51,0,1.2783,-0.16113,0.71201,64
1011,51,0.041016,1.3115,-0.12598,0.71201,112
1011,51,0.041992,1.3418,-0.11816,0.71201,131
1011,51,0.042969,1.3711,-0.11719,0.71201,108
1011,51,0.043945,1.3994,-0.12988,0.71201,58
1011,51,0.044922,1.4238,-0.1748,0.71201,18
1011,51,0.039063,1.2461,-0.17969,1.068,18
1011,51,0.040039,1.2646,-0.24316,1.068,45
1011,51,0,1.291,-0.26367,1.068,74
1011,51,0,1.3193,-0.27148,1.068,90
1011,51,0.042969,1.3457,-0.28711,1.068,76
1011,51,0,1.3721,-0.30664,1.068,46
1011,51,0,1.3975,-0.32715,1.068,18
1011,51,0.039063,1.2568,-0.0625,1.424,7
1011,51,0,1.2754,-0.1875,1.424,17
1011,51,0,1.3018,-0.20605,1.424,29
1011,51,0,1.3271,-0.23438,1.424,34
1011,51,0,1.3545,-0.24414,1.424,30
1011,51,0,1.3838,-0.25,1.424,18
1011,51,0,1.4199,-0.21191,1.424,7
1011,51,0.15723,1.249,0.043945,-0.71201,7
1011,51,0.20117,1.2666,0.12402,-0.71201,15
1011,51,0.20605,1.293,0.15332,-0.71201,21
1011,51,0.25293,1.3057,0.21582,-0.71201,20
1011,51,0.21484,1.3379,0.24219,-0.71201,13
1011,51,0.19238,1.2148,-0.0058594,-0.356,7
1011,51,0.19727,1.2393,0.10645,-0.356,25
1011,51,0.24121,1.2529,0.18066,-0.356,52
1011,51,0.24707,1.2734,0.23145,-0.356,72
1011,51,0.25293,1.2959,0.2666,-0.356,67
1011,51,0.21484,1.3359,0.25293,-0.356,44
1011,51,0.17578,1.3887,0.13086,-0.356,24
1011,51,0.13477,1.4287,-0.027344,-0.356,14
1011,51,-0.53809,0.42773,1.2598,0.356,14
1011,51,1.3906,0.26563,-0.23633,1.424,4
1012,44,0,1.2949,-0.24707,0,13
1012,44,0.041992,1.334,-0.18164,0,32
1012,44,0.085938,1.3633,-0.17383,0,55
1012,44,0.087891,1.3877,-0.20703,0,70
1012,44,0.089844,1.4111,-0.24707,0,68
1012,44,0.091797,1.4375,-0.26172,0,49
1012,44,0.09375,1.4658,-0.26953,0,26
1012,44,0.094727,1.501,-0.23828,0,10
1012,44,0.15723,1.2168,0.28418,0.356,7
1012,44,0.12109,1.2529,0.27734,0.356,22
1012,44,0.12402,1.2949,0.21094,0.356,53
1012,44,0.083984,1.3389,0.12891,0.356,93
1012,44,0.085938,1.374,0.0039063,0.356,130
1012,44,0.087891,1.3984,-0.11328,0.356,145
1012,44,0.089844,1.4209,-0.18262,0.356,132
1012,44,0.091797,1.4482,-0.2002,0.356,95
1012,44,0.09375,1.4727,-0.22949,0.356,50
1012,44,0.047852,1.4902,-0.31055,0.356,19
1012,44,0.082031,1.2949,0.23145,0.71201,17
1012,44,0.083984,1.333,0.17969,0.71201,32
1012,44,0.085938,1.373,-0.052734,0.71201,48
1012,44,0.043945,1.3955,-0.16211,0.71201,57
1012,44,0.089844,1.4209,-0.17773,0.71201,54
1012,44,0.091797,1.4521,-0.16211,0.71201,38
1012,44,0.046875,1.4775,-0.21484,0.71201,20
1012,44,0.047852,1.5146,-0.15625,0.71201,8
1012,44,0.083984,1.3438,0.054688,1.068,6
1012,44,0,1.3721,-0.11621,1.068,8
1012,44,0,1.3984,-0.14355,1.068,9
1012,44,0,1.4141,-0.24707,1.068,8
1012,44,0.16113,1.2705,0.14063,-0.71201,6
1012,44,0.16504,1.29,0.21191,-0.71201,10
1012,44,0.16797,1.3281,0.1543,-0.71201,12
1012,44,0.12891,1.3682,0.086914,-0.71201,11
1012,44,0.043945,1.4053,0.024414,-0.71201,7
1012,44,0.15723,1.207,0.32324,-0.356,9
1012,44,0.20117,1.2461,0.25879,-0.356,22
1012,44,0.20605,1.2832,0.21973,-0.356,36
1012,44,0.16797,1.3291,0.13867,-0.356,44
1012,44,0.12891,1.3691,0.0625,-0.356,43
1012,44,0.087891,1.4023,-0.032227,-0.356,32
1012,44,0.044922,1.4316,-0.09082,-0.356,19
1012,44,0,1.4639,0.027344,-0.356,11
1012,44,0.45801,1.2031,-0.69922,-0.356,9
1013,36,0,1.3613,-0.20313,0,7
1013,36,0.043945,1.3887,-0.21289,0,12
1013,36,0.044922,1.418,-0.2168,0,13
1013,36,0.045898,1.4414,-0.25293,0,10
1013,36,0,1.4463,-0.37305,0,6
1013,36,0.15332,1.2188,0.064453,0.356,7
1013,36,0.19727,1.2373,0.12891,0.356,16
1013,36,0.20117,1.2695,0.095703,0.356,25
1013,36,0.20605,1.2959,0.11914,0.356,27
1013,36,0.21094,1.3203,0.16797,0.356,19
1013,36,-0.085938,1.3506,-0.25098,0.356,21
1013,36,0,1.3926,-0.19043,0.356,37
1013,36,0,1.4268,-0.1543,0.356,43
1013,36,0,1.457,-0.15137,0.356,37
1013,36,0,1.4883,-0.12695,0.356,23
1013,36,0.16113,1.2715,0.13184,0.71201,7
1013,36,0.24707,1.2764,0.2168,0.71201,8
1013,36,0,1.333,-0.34375,0.71201,7
1013,36,0,1.3965,-0.15918,0.71201,11
1013,36,0,1.4316,-0.10059,0.71201,13
1013,36,0,1.4619,-0.09375,0.71201,11
1013,36,0,1.4941,0,0.71201,7
1013,36,0.16113,1.2783,0,-0.71201,6
1013,36,0.24707,1.29,0.10547,-0.71201,8
1013,36,0.15332,1.2207,0,-0.356,6
1013,36,0.23633,1.2373,-0.016602,-0.356,15
1013,36,0.20117,1.2715,0.053711,-0.356,24
1013,36,0.24707,1.292,0.084961,-0.356,27
1013,36,0.25293,1.3184,0.11621,-0.356,21
1013,36,0.34375,1.3213,0.17871,-0.356,12
1013,36,0,1.3574,-0.36621,-0.356,18
1013,36,0,1.4072,-0.28223,-0.356,23
1013,36,0,1.4531,-0.18262,-0.356,21
1013,36,-0.21094,0.55664,-1.209,0.356,11
1013,36,0.38672,0.79297,1.0566,0.356,11
1013,36,-0.17188,1.2402,-0.57129,-0.356,11
1014,10,0.15723,1.249,-0.041016,0.356,12
1014,10,0.16113,1.2783,0.022461,0.356,18
1014,10,0.16504,1.3066,0.042969,0.356,21
1014,10,0.16797,1.3369,0.015625,0.356,18
1014,10,0.085938,1.374,-0.0087891,0.356,13
1014,10,0.15723,1.2461,-0.088867,-0.356,10
1014,10,0.20117,1.2715,-0.051758,-0.356,16
1014,10,0.16504,1.3076,0,-0.356,18
1014,10,0.12598,1.3408,-0.045898,-0.356,15
1014,10,0.042969,1.375,-0.051758,-0.356,10
1039,7,0,0.99805,0.90527,0.356,8
1039,7,0.17578,1.3887,0.13184,0.356,9
1039,7,0.31348,1.3926,0.14941,0.356,8
1039,7,0.083984,1.2002,0.60645,-0.356,10
1039,7,0.042969,1.3623,0.18945,-0.356,10
1039,7,0.17578,1.3896,0.11914,-0.356,8
1039,7,0.26953,1.4072,0.079102,-0.356,6
1040,16,0.19727,1.2344,0.1582,0.356,7
1040,16,0.16113,1.2754,0.094727,0.356,11
1040,16,0.12402,1.2979,0.19629,0.356,14
1040,16,0.083984,1.2695,0.44336,0.356,14
1040,16,0.085938,1.2148,0.64063,0.356,13
1040,16,0,1.1787,0.7666,0.356,10
1040,16,0.44824,1.3457,-0.21582,0.356,9
1040,16,0.23633,1.2363,-0.02832,-0.356,7
1040,16,0.16113,1.2783,0.012695,-0.356,11
1040,16,0.12402,1.3057,0.13574,-0.356,14
1040,16,0.083984,1.29,0.37988,-0.356,15
1040,16,0.042969,1.2734,0.52051,-0.356,14
1040,16,0.043945,1.21,0.71387,-0.356,11
1040,16,0.43945,1.3184,-0.21289,0.356,8
1040,16,0,1.1377,0.87402,0.356,8
1040,16,0.4834,1.2578,-0.40039,-0.356,7
1041,10,0.20605,1.2861,0.2002,0.356,8
1041,10,0.16797,1.3242,0.18262,0.356,9
1041,10,0.25781,1.3496,0.085938,0.356,9
1041,10,0.21973,1.3848,0.10742,0.356,8
1041,10,0.20117,1.2627,0.16113,-0.356,6
1041,10,0.28809,1.2813,0.1123,-0.356,9
1041,10,0.16797,1.335,0.071289,-0.356,9
1041,10,0.17188,1.3643,0.070313,-0.356,9
1041,10,0.21973,1.3867,0.063477,-0.356,8
1041,10,0.30762,1.3721,0,-0.356,8
1045,5,0.15723,1.2275,-0.23535,0.356,5
1045,5,0.20117,1.2686,-0.10938,0.356,7
1045,5,0.24707,1.293,-0.073242,0.356,6
1045,5,0.28223,1.2393,-0.21289,-0.356,7
1045,5,-0.27539,0.42676,1.1523,0.356,3
1047,11,0.15723,1.2461,-0.098633,0.356,6
1047,11,0.20117,1.2705,-0.071289,0.356,9
1047,11,0.20605,1.3008,-0.052734,0.356,9
1047,11,0.16797,1.3369,-0.023438,0.356,8
1047,11,0.043945,1.3516,0.38379,0.356,8
1047,11,0.20117,1.2637,-0.15234,-0.356,8
1047,11,0.24707,1.291,-0.098633,-0.356,9
1047,11,0.21094,1.3301,-0.030273,-0.356,9
1047,11,0.085938,1.3633,0.17188,-0.356,10
1047,11,0.087891,1.3574,0.35645,-0.356,11
1047,11,0.044922,1.3887,0.3584,-0.356,9
1048,48,0.038086,1.168,0.38477,0,5
1048,48,0.039063,1.1523,0.50781,0,17
1048,48,0.080078,1.1729,0.52832,0,34
1048,48,0.041016,1.209,0.52246,0,45
1048,48,0.041992,1.2412,0.52148,0,46
1048,48,0.042969,1.2686,0.53125,0,35
1048,48,0.087891,1.3086,0.50586,0,21
1048,48,0.089844,1.3486,0.4834,0,11
1048,48,0.19727,1.2148,-0.26855,0.356,10
1048,48,0.24121,1.1992,-0.4043,0.356,12
1048,48,0.20605,1.0977,-0.7002,0.356,6
1048,48,0.25781,1.2861,0.41699,0.356,14
1048,48,0.21973,1.3027,0.47949,0.356,16
1048,48,0.17969,1.3311,0.50586,0.356,16
1048,48,0.091797,1.3818,0.47656,0.356,14
1048,48,0.09375,1.3955,0.52344,0.356,11
1048,48,0.041992,1.248,0.50586,-1.068,6
1048,48,0.042969,1.2627,0.54688,-1.068,10
1048,48,0.043945,1.2646,0.61328,-1.068,11
1048,48,0.13477,1.2666,0.66113,-1.068,9
1048,48,0.039063,1.1777,0.44336,-0.71201,16
1048,48,0.040039,1.2061,0.45215,-0.71201,31
1048,48,0.041016,1.2432,0.4375,-0.71201,39
1048,48,0.083984,1.29,0.37793,-0.71201,33
1048,48,0.085938,1.3535,0.23535,-0.71201,18
1048,48,0.087891,1.4004,0.086914,-0.71201,11
1048,48,0.089844,1.3447,0.49219,-0.71201,10
1048,48,0,1.0957,0.55957,-0.356,6
1048,48,0.039063,1.1592,0.49121,-0.356,29
1048,48,0.040039,1.1895,0.49414,-0.356,60
1048,48,0.041016,1.2295,0.47363,-0.356,82
1048,48,0.083984,1.2695,0.44434,-0.356,83
1048,48,0.085938,1.3135,0.40234,-0.356,64
1048,48,0.13184,1.3496,0.37207,-0.356,46
1048,48,0.13477,1.374,0.39258,-0.356,32
1048,48,0.1377,1.4023,0.40039,-0.356,19
1048,48,-0.3457,0.85156,-0.81836,0,3
1048,48,-0.40332,0.92676,-1.0195,0,6
1048,48,-0.12402,1.0215,0.82422,0.356,4
1048,48,-0.25781,1.0088,-0.90039,0.356,8
1048,48,-0.26367,1.1797,-0.71777,0.356,10
1048,48,-0.3584,1.1504,-0.7793,0.356,9
1048,48,-0.46289,0.89844,-0.89063,-0.71201,17
1048,48,-0.47363,0.83984,-0.98242,-0.71201,11
1048,48,-0.46094,0.77441,-0.83691,-0.356,4
1048,48,-0.43262,0.81836,-0.85352,-0.356,15
1048,48,-0.40332,0.96094,-0.98633,-0.356,17
1048,48,-0.45801,1.0273,-0.9375,-0.356,10
1049,64,0,0.9873,0.68359,0,9
1049,64,0,1.0342,0.66602,0,17
1049,64,0,1.0703,0.66406,0,20
1049,64,0,1.0908,0.68652,0,17
1049,64,0.12402,1.2441,0.41699,0,15
1049,64,0.12598,1.3311,0.16602,0,19
1049,64,0.12891,1.3555,0.2041,0,25
1049,64,0.13184,1.3809,0.22852,0,29
1049,64,0.13477,1.4033,0.26953,0,27
1049,64,0.091797,1.4248,0.3252,0,18
1049,64,0.09375,1.4346,0.40723,0,9
1049,64,0.1377,2.168,0.32813,0,9
1049,64,0.13867,2.1973,0.32715,0,8
1049,64,0.19238,1.1064,-0.50098,0.356,10
1049,64,0.23633,1.2217,-0.19727,0.356,23
1049,64,0.24121,1.2656,-0.024414,0.356,37
1049,64,0.24707,1.291,0.10156,0.356,47
1049,64,0.16797,1.3174,0.22461,0.356,64
1049,64,0.12891,1.3418,0.2793,0.356,86
1049,64,0.087891,1.3643,0.32715,0.356,97
1049,64,0.13477,1.3887,0.33496,0.356,82
1049,64,0.091797,1.417,0.35742,0.356,49
1049,64,0.13965,1.4541,0.3125,0.356,19
1049,64,0.20117,1.2705,0.080078,0.71201,10
1049,64,0.20605,1.2881,0.1875,0.71201,14
1049,64,0.16797,1.3076,0.2793,0.71201,20
1049,64,0.12891,1.3359,0.30762,0.71201,29
1049,64,0.087891,1.3555,0.36426,0.71201,33
1049,64,0.089844,1.374,0.40332,0.71201,29
1049,64,0.091797,1.4023,0.41113,0.71201,18
1049,64,0.09375,1.4111,0.48145,0.71201,9
1049,64,0.077148,1.0273,0.67285,-2.848,10
1049,64,0.039063,1.0898,0.62891,-2.848,11
1049,64,0.040039,0.98926,0.8252,-2.848,9
1049,64,0,1.0781,0.45898,-2.492,11
1049,64,0.037109,1.0703,0.54297,-2.492,23
1049,64,0.077148,1.1113,0.52246,-2.492,31
1049,64,0.079102,1.1367,0.53516,-2.492,29
1049,64,0.040039,1.1357,0.60742,-2.492,18
1049,64,0.041016,1.1406,0.6582,-2.492,8
1049,64,0.036133,1.0469,0.52344,-2.136,12
1049,64,0.075195,1.0879,0.50293,-2.136,28
1049,64,0.077148,1.0977,0.54883,-2.136,42
1049,64,0.039063,1.1289,0.55762,-2.136,43
1049,64,0.040039,1.1582,0.56348,-2.136,31
1049,64,0,1.1953,0.55469,-2.136,14
1049,64,0.036133,1.0957,0.41406,-1.78,24
1049,64,0.037109,1.1191,0.43262,-1.78,71
1049,64,0.038086,1.1484,0.43945,-1.78,120
1049,64,0.039063,1.1777,0.44434,-1.78,136
1049,64,0.040039,1.207,0.4502,-1.78,107
1049,64,0.041016,1.2373,0.45313,-1.78,54
1049,64,0,1.2695,0.45117,-1.78,16
1049,64,0.071289,1.0244,0.5,-1.424,11
1049,64,0.073242,1.0557,0.50391,-1.424,74
1049,64,0.037109,1.0967,0.48828,-1.424,212
1049,64,0.038086,1.126,0.49316,-1.424,368
1049,64,0.039063,1.1553,0.5,-1.424,420
1049,64,0.040039,1.1846,0.50586,-1.424,322
1049,64,0.041016,1.2168,0.50586,-1.424,164
1049,64,0,1.2578,0.4834,-1.424,48
1049,64,0.071289,0.97168,0.59668,-1.068,8
1049,64,0.036133,1.0498,0.51855,-1.068,55
1049,64,0.037109,1.0791,0.52539,-1.068,161
1050,64,0.16113,1.2568,0.23242,0,9
1050,64,0.24707,1.2578,0.30664,0,15
1050,64,0.21094,1.2861,0.34277,0,18
1050,64,0.042969,1.3721,0.10352,0,22
1050,64,0.087891,1.3945,0.15137,0,23
1050,64,0.089844,1.4023,0.29102,0,18
1050,64,0.091797,1.3545,0.54883,0,12
1050,64,0.13965,1.4268,0.41992,0,13
1050,64,0.094727,1.4727,0.375,0,12
1050,64,0.19434,1.5107,0.29785,0,8
1050,64,0.15723,1.249,-0.014648,0.356,12
1050,64,0.20117,1.2246,0.34668,0.356,24
1050,64,0.24707,1.2441,0.3584,0.356,35
1050,64,0.25293,1.2705,0.37012,0.356,40
1050,64,0.25781,1.2939,0.39355,0.356,35
1050,64,0.043945,1.1895,0.74805,0.356,29
1050,64,0.044922,1.3105,0.58301,0.356,35
1050,64,0.045898,1.3828,0.48145,0.356,41
1050,64,0.09375,1.4248,0.43848,0.356,41
1050,64,0.14258,1.4668,0.38379,0.356,33
1050,64,0.19434,1.502,0.34082,0.356,20
1050,64,0.20605,1.2422,0.38867,0.71201,11
1050,64,0.25293,1.2461,0.44434,0.71201,13
1050,64,0.21484,1.2598,0.51074,0.71201,11
1050,64,0.087891,1.2891,0.55371,0.71201,9
1050,64,0.089844,1.3193,0.55664,0.71201,12
1050,64,0.091797,1.3906,0.45117,0.71201,16
1050,64,0.09375,1.4355,0.4043,0.71201,19
1050,64,0.094727,1.4658,0.40137,0.71201,17
1050,64,0.09668,1.5088,0.35254,0.71201,11
1050,64,0,2.4912,0.37207,-3.56,7
1050,64,0,2.5205,0.37598,-3.56,7
1050,64,0.060547,0.83691,0.47949,-3.204,6
1050,64,0.0625,0.9209,0.37305,-3.204,7
1050,64,0.064453,0.94824,0.38477,-3.204,7
1050,64,0.0625,0.89648,0.42969,-2.848,13
1050,64,0.064453,0.92578,0.43457,-2.848,22
1050,64,0.06543,0.94922,0.4541,-2.848,24
1050,64,0.067383,0.98438,0.44727,-2.848,19
1050,64,0.035156,1.0059,0.47461,-2.848,9
1050,64,0.029297,0.88184,0.31543,-2.492,6
1050,64,0.0625,0.85742,0.50195,-2.492,8
1050,64,0.064453,0.84863,0.57227,-2.492,15
1050,64,0.033203,0.92188,0.51074,-2.492,16
1050,64,0.03418,0.93262,0.55078,-2.492,12
1050,64,0.0625,0.95215,0.28516,-2.136,8
1050,64,0.064453,0.96191,0.34863,-2.136,15
1050,64,0.098633,0.9834,0.36816,-2.136,21
1050,64,0.10156,1.0225,0.34473,-2.136,19
1050,64,0.09375,0.87207,0.4707,-1.78,7
1050,64,0.095703,0.91309,0.45605,-1.78,15
1050,64,0.06543,0.94434,0.46484,-1.78,19
1050,64,0.067383,0.97949,0.45996,-1.78,17
1050,64,0.10449,1.0117,0.45313,-1.78,10
1050,64,-0.38672,0,-1.3652,-1.068,17
1050,64,-0.39551,0,-1.377,-1.068,20
1050,64,-0.40332,0,-1.4316,-1.068,16
1050,64,-0.25293,0.67969,1.1357,-0.71201,15
1050,64,-0.34375,0.24609,1.3096,-0.71201,22
1050,64,-0.35156,0,1.3867,-0.71201,23
1050,64,-0.40332,0,-1.4053,-0.71201,17
1050,64,0.091797,1.4609,-0.041016,-0.71201,10
1050,64,0.041016,1.1064,0.71484,-0.356,17
1050,64,0,1.2148,0.58301,-0.356,37
1051,64,0,0.84863,0.022461,0,5
1051,64,0,0.87793,0.035156,0,9
1051,64,0,0.90723,0.021484,0,10
1051,64,0,0.93652,0.02832,0,9
1051,64,0,0.96387,0.067383,0,6
1051,64,-0.20117,0.57129,1.1377,0,33
1051,64,-0.20605,0.68555,1.1064,0,49
1051,64,-0.21094,0.61035,1.1826,0,53
1051,64,-0.25781,0.33691,1.3096,0,41
1051,64,0.21973,1.377,0.18262,0,27
1051,64,0.13477,1.4111,0.22656,0,19
1051,64,0.091797,1.4541,0.14551,0,11
1051,64,0,0.84766,0.053711,0.356,8
1051,64,0,0.87695,0.055664,0.356,15
1051,64,0,0.90723,0.03125,0.356,18
1051,64,0,0.93652,0.046875,0.356,14
1051,64,0.030273,0.96484,0.039063,0.356,9
1051,64,0.35156,1.3564,0.11621,0.356,22
1051,64,0.31348,1.3955,0.11621,0.356,25
1051,64,0.36621,1.4014,0.21582,0.356,18
1051,64,1.5322,0,-1.415,0.356,12
1051,64,-0.052734,0.84766,0.019531,0.71201,7
1051,64,-0.054688,0.87598,-0.047852,0.71201,10
1051,64,0,0.90527,-0.06543,0.71201,10
1051,64,-0.029297,0.93652,-0.0097656,0.71201,9
1051,64,0,0.96484,-0.060547,0.71201,7
1051,64,-0.077148,0.81445,-0.057617,1.068,9
1051,64,-0.052734,0.84668,-0.046875,1.068,16
1051,64,-0.082031,0.87207,-0.075195,1.068,18
1051,64,-0.056641,0.90332,-0.077148,1.068,16
1051,64,0,0.93164,-0.097656,1.068,10
1051,64,-0.077148,0.8125,-0.080078,1.424,12
1051,64,-0.080078,0.84277,-0.066406,1.424,22
1051,64,-0.054688,0.87305,-0.082031,1.424,27
1051,64,-0.056641,0.89941,-0.1084,1.424,24
1051,64,-0.058594,0.92969,-0.10254,1.424,15
1051,64,0,0.94922,-0.18457,1.424,7
1051,64,-0.077148,0.81055,-0.098633,1.78,7
1051,64,-0.080078,0.8418,-0.078125,1.78,14
1051,64,-0.082031,0.87109,-0.083984,1.78,19
1051,64,-0.056641,0.90332,-0.075195,1.78,19
1051,64,0,0.93457,-0.075195,1.78,14
1051,64,-0.060547,0.95996,-0.095703,1.78,8
1051,64,-0.15723,0.50586,1.1426,-0.71201,14
1051,64,-0.20117,0.63965,1.1006,-0.71201,31
1051,64,-0.16504,0.72754,1.0859,-0.71201,46
1051,64,-0.21094,0.71094,1.125,-0.71201,46
1051,64,-0.21484,0.6084,1.2158,-0.71201,36
1051,64,0.26367,1.3809,-0.012695,-0.71201,23
1051,64,0.17969,1.4229,0.049805,-0.71201,18
1051,64,-0.15723,0.18652,-1.2354,-0.356,30
1051,64,-0.16113,0.60449,1.127,-0.356,65
1051,64,-0.16504,0.69043,1.1104,-0.356,95
1051,64,-0.21094,0.63574,1.1689,-0.356,102
1051,64,-0.21484,0.4541,1.2813,-0.356,80
1051,64,0.26367,1.3799,0.056641,-0.356,64
1051,64,0.22461,1.4141,0.10352,-0.356,52
1051,64,0.22852,1.4404,0.12695,-0.356,30
1051,64,0.32227,1.123,0.54395,0,24
1051,64,0.3291,1.1777,-0.49219,0,33
1051,64,0.33691,1.2588,-0.34082,0,36
1051,64,0.25781,1.3516,-0.03125,0,32
1051,64,-0.30762,0.25684,-1.3477,0,25
1051,64,-0.40332,0.61035,-1.2344,0,11
1052,64,0.039063,1.2588,0.015625,0,12
1052,64,0.080078,1.2852,0.057617,0,29
1052,64,0.12402,1.3096,0.086914,0,47
1052,64,0.12598,1.3359,0.11816,0,55
1052,64,0.085938,1.3643,0.16211,0,46
1052,64,0.087891,1.3994,0.10352,0,27
1052,64,0.17969,1.4238,0.018555,0,18
1052,64,0.18262,1.4492,-0.10156,0,17
1052,64,0.13965,1.4805,-0.13867,0,13
1052,64,0.070313,2.1865,0.54785,0,7
1052,64,0.12109,1.2754,0.13672,0.356,15
1052,64,0.082031,1.3027,0.18164,0.356,33
1052,64,0.083984,1.334,0.16797,0.356,57
1052,64,0.042969,1.3711,0.12012,0.356,68
1052,64,0,1.4043,0.069336,0.356,63
1052,64,-0.044922,1.4346,0.027344,0.356,46
1052,64,-0.091797,1.3301,0.60449,0.356,26
1052,64,0.13867,2.1406,0.5957,0.356,19
1052,64,0.14063,2.1924,0.50781,0.356,17
1052,64,0,1.2578,-0.056641,0.71201,7
1052,64,0,1.2852,-0.089844,0.71201,9
1052,64,0.12402,1.2334,-0.44629,0.71201,6
1052,64,0.083984,1.1865,0.63281,0.71201,8
1052,64,0,1.3516,0.26367,0.71201,17
1052,64,0,1.4004,0.125,0.71201,20
1052,64,0,1.4268,0.15527,0.71201,17
1052,64,0.067383,2.165,-0.086914,1.068,7
1052,64,0.068359,2.1953,-0.026367,1.068,14
1052,64,0.069336,2.2246,0.013672,1.068,18
1052,64,0.070313,2.2539,-0.00097656,1.068,16
1052,64,0,2.2842,0,1.068,10
1052,64,0.067383,2.1641,-0.10156,1.424,8
1052,64,0,2.1953,0.064453,1.424,14
1052,64,0.069336,2.2246,0.033203,1.424,18
1052,64,0,2.252,0.12402,1.424,16
1052,64,0.071289,2.2803,0.11914,1.424,10
1052,64,0,1.0391,-0.30957,2.492,6
1052,64,0,1.0664,-0.31738,2.492,7
1052,64,0,1.0791,-0.375,2.492,6
1052,64,0.041992,1.3398,-0.13867,-1.068,7
1052,64,0.079102,1.2549,-0.078125,-0.71201,7
1052,64,0.16113,1.2773,0.058594,-0.71201,21
1052,64,0.082031,1.3154,0.025391,-0.71201,38
1052,64,0.12598,1.3398,0.06543,-0.71201,52
1052,64,0.085938,1.373,0.036133,-0.71201,52
1052,64,0.087891,1.4033,-0.027344,-0.71201,47
1052,64,0.13477,1.4238,-0.11914,-0.71201,41
1052,64,0.18262,1.4365,-0.21777,-0.71201,33
1052,64,0.13965,1.4678,-0.23926,-0.71201,21
1052,64,0.11816,1.2529,0.043945,-0.356,24
1052,64,0.12109,1.2813,0.060547,-0.356,64
1052,64,0.12402,1.3105,0.067383,-0.356,118
1052,64,0.12598,1.3389,0.079102,-0.356,155
1052,64,0.085938,1.3721,0.077148,-0.356,150
1052,64,0.087891,1.4023,0.03418,-0.356,111
1052,64,0.089844,1.4326,0.0058594,-0.356,71
1052,64,0.091797,1.46,0.077148,-0.356,49
1052,64,0.13965,1.4756,0.18262,-0.356,34
1052,64,-0.3584,0,-1.3896,0,10
1052,64,-0.41992,0.27832,-1.4063,0,8
1052,64,0.49316,1.291,-0.3877,0.356,30
1052,64,0.45801,1.3721,-0.23145,0.356,25
1052,64,-0.52344,0.25391,1.1504,0.71201,5
1052,64,0.65918,0,1.2266,0.71201,5
1053,63,0,0.33105,1.2148,0,6
1053,63,0,1.2061,-0.4541,0,18
1053,63,0,1.3164,-0.073242,0,35
1053,63,0.041992,1.3457,-0.053711,0,50
1053,63,0.042969,1.375,-0.053711,0,52
1053,63,0.087891,1.4023,-0.035156,0,42
1053,63,0.089844,1.4326,0.014648,0,26
1053,63,0.045898,1.4189,0.35938,0,14
1053,63,0.19238,1.2129,0.077148,0.356,8
1053,63,0.23633,1.2314,0.11621,0.356,25
1053,63,0.080078,1.2803,-0.11914,0.356,55
1053,63,0.041016,1.3076,-0.16113,0.356,105
1053,63,0.041992,1.3379,-0.15039,0.356,142
1053,63,0.042969,1.3691,-0.14063,0.356,140
1053,63,0.043945,1.4004,-0.11914,0.356,99
1053,63,0,1.4316,-0.10059,0.356,52
1053,63,0,1.4639,-0.024414,0.356,27
1053,63,0.51367,1.3564,-0.35645,0.356,18
1053,63,-0.038086,1.168,-0.38477,0.71201,11
1053,63,0,1.2256,-0.29004,0.71201,45
1053,63,0.040039,1.2656,-0.24121,0.71201,108
1053,63,0,1.2979,-0.22949,0.71201,173
1053,63,0.041992,1.3311,-0.20508,0.71201,192
1053,63,0.042969,1.3623,-0.19336,0.71201,153
1053,63,0.043945,1.3945,-0.17383,0.71201,87
1053,63,0,1.4287,-0.14063,0.71201,34
1053,63,0,1.4639,-0.047852,0.71201,11
1053,63,0,1.2002,-0.27051,1.068,10
1053,63,0,1.2383,-0.22754,1.068,41
1053,63,0,1.2705,-0.2168,1.068,94
1053,63,0,1.2998,-0.21875,1.068,142
1053,63,0,1.3281,-0.22363,1.068,147
1053,63,0.042969,1.3564,-0.23242,1.068,107
1053,63,0,1.3838,-0.24707,1.068,52
1053,63,0,1.4033,-0.30273,1.068,16
1053,63,0,1.2324,-0.26074,1.424,12
1053,63,0,1.2607,-0.26855,1.424,26
1053,63,0,1.291,-0.26367,1.424,37
1053,63,0,1.3252,-0.24316,1.424,39
1053,63,0,1.3535,-0.25098,1.424,29
1053,63,0,1.3828,-0.25195,1.424,15
1053,63,0,1.2744,-0.19043,1.78,8
1053,63,0,1.2764,-0.3291,1.78,10
1053,63,0,1.3223,-0.25879,1.78,9
1053,63,0.23633,1.2344,-0.084961,-0.71201,10
1053,63,0.20117,1.2725,-0.0078125,-0.71201,16
1053,63,0.24707,1.2939,-0.046875,-0.71201,18
1053,63,0.29492,1.3115,-0.083984,-0.71201,13
1053,63,0.18262,1.3916,-0.41797,-0.71201,9
1053,63,0.19238,1.2148,-0.040039,-0.356,12
1053,63,0.23633,1.2363,0.029297,-0.356,34
1053,63,0.24121,1.2656,0.024414,-0.356,57
1053,63,0.24707,1.2939,0.037109,-0.356,66
1053,63,0.29492,1.3145,0.017578,-0.356,49
1053,63,0.30078,1.3428,-0.014648,-0.356,21
1053,63,0.31348,1.3086,0.49805,-0.356,16
1053,63,0.27441,1.3428,0.51563,-0.356,20
1053,63,0.50293,1.2891,-0.47949,0.356,22
1053,63,-0.046875,0.51758,1.4004,0.356,17
1053,63,0.50293,0.8877,-1.0508,0.71201,6
1053,63,-0.21094,0,-1.3408,-0.71201,7
1053,63,-0.16797,0.56445,-1.2119,-0.356,26
1053,63,-0.12891,0.88672,-1.0449,-0.356,17
1054,46,0,1.2832,-0.11426,0,11
1054,46,0.041016,1.2783,-0.31738,0,35
1054,46,0.041992,1.3047,-0.33496,0,72
1054,46,0.042969,1.3389,-0.31543,0,102
1054,46,0.043945,1.375,-0.29102,0,104
1054,46,0.044922,1.4082,-0.27246,0,73
1054,46,0.045898,1.4434,-0.24512,0,34
1054,46,0.09375,1.4795,-0.18652,0,9
1054,46,0,1.2871,0.054688,0.356,13
1054,46,0.041016,1.3047,-0.17969,0.356,53
1054,46,0.041992,1.3301,-0.21094,0.356,123
1054,46,0.042969,1.3604,-0.2041,0.356,191
1054,46,0.043945,1.3926,-0.18848,0.356,200
1054,46,0.089844,1.4248,-0.14453,0.356,147
1054,46,0.1377,1.4561,-0.076172,0.356,72
1054,46,0.18652,1.4824,-0.0068359,0.356,23
1054,46,0,1.2832,-0.12207,0.71201,9
1054,46,0,1.3037,-0.19043,0.71201,34
1054,46,0.041992,1.333,-0.18945,0.71201,75
1054,46,0.042969,1.3652,-0.16895,0.71201,109
1054,46,0.043945,1.3975,-0.14844,0.71201,110
1054,46,0.044922,1.4307,-0.10352,0.71201,75
1054,46,0.045898,1.4639,0,0.71201,32
1054,46,0,1.3418,-0.30566,1.068,9
1054,46,0,1.3613,-0.35156,1.068,9
1054,46,0,1.3633,-0.44922,1.068,8
1054,46,0,1.3965,-0.44043,1.068,6
1054,46,0.34375,1.3145,0.21973,-0.71201,7
1054,46,0.30762,1.3711,0.03125,-0.71201,8
1054,46,0.3584,1.3799,-0.16113,-0.71201,9
1054,46,0.040039,0.44629,-1.208,-0.356,9
1054,46,0.041016,0.10254,1.3135,-0.356,15
1054,46,0,0.54297,-1.2334,-0.356,18
1054,46,0.34375,1.2998,0.29688,-0.356,20
1054,46,0.35156,1.3574,0.10547,-0.356,25
1054,46,0.3584,1.3887,-0.041016,-0.356,30
1054,46,0.36621,1.4121,-0.13281,-0.356,28
1054,46,0.41992,1.4199,-0.19434,-0.356,20
1054,46,-0.4668,0.55273,1.3066,0,5
1054,46,-0.41992,0,1.4854,0.356,12
1054,46,-0.21484,0.94531,-0.97754,-0.71201,4
1054,46,-0.44336,0.43848,1.1279,-0.356,5
1054,46,-0.45313,0,-1.2881,-0.356,8
1054,46,0.29492,1.1816,0.57715,-0.356,14
1054,46,-0.085938,0.85156,-1.0781,-0.356,18
1054,46,-0.17578,0.80762,-1.1377,-0.356,15
1055,42,0.12402,1.3115,0.052734,0,5
1055,42,0.083984,1.3438,-0.040039,0,9
1055,42,0.042969,1.3613,-0.19824,0,15
1055,42,0.043945,1.3584,-0.36035,0,19
1055,42,0.044922,1.3633,-0.44727,0,19
1055,42,0.045898,1.3828,-0.47852,0,14
1055,42,0.046875,1.4092,-0.49219,0,8
1055,42,0.23633,1.2334,0.10059,0.356,15
1055,42,0.24121,1.2578,0.13867,0.356,25
1055,42,0.28809,1.2666,0.22559,0.356,30
1055,42,0.29492,1.2393,0.4375,0.356,22
1055,42,0,1.3701,-0.13574,0.356,34
1055,42,0,1.4053,-0.022461,0.356,48
1055,42,0.044922,1.4336,0.045898,0.356,50
1055,42,0.045898,1.4609,0.091797,0.356,39
1055,42,0.16113,1.2695,0.14844,0.71201,6
1055,42,0.24707,1.2578,0.30566,0.71201,8
1055,42,0,1.374,-0.079102,0.71201,11
1055,42,0,1.4063,-0.013672,0.71201,15
1055,42,0.044922,1.4336,0.058594,0.71201,16
1055,42,0,1.4639,0.051758,0.71201,12
1055,42,0.24121,1.2656,0.039063,-0.71201,9
1055,42,0.28809,1.2842,0.077148,-0.71201,11
1055,42,0.29492,1.2969,0.21582,-0.71201,9
1055,42,0.44824,1.3369,-0.26465,-0.71201,10
1055,42,0.19238,1.2148,-0.040039,-0.356,6
1055,42,0.23633,1.2373,0.0048828,-0.356,17
1055,42,0.24121,1.2646,0.050781,-0.356,32
1055,42,0.28809,1.2822,0.10254,-0.356,38
1055,42,0.25293,1.3096,0.1875,-0.356,30
1055,42,0.34375,0.71484,1.125,-0.356,15
1055,42,0.4834,1.2734,-0.34668,-0.356,24
1055,42,0.44824,1.3291,-0.30566,-0.356,32
1055,42,0.50293,1.3447,-0.28711,-0.356,28
1055,42,0.44824,1.3545,0.1582,0,10
1055,42,-0.12598,1.2578,-0.46484,0.356,19
1055,42,-0.089844,1.3359,0.5166,-0.71201,6
1055,42,-0.21094,0.98438,-0.89551,-0.356,16
1055,42,-0.085938,1.3564,-0.21875,-0.356,15
1055,42,-0.087891,1.3838,0.23047,-0.356,19
1055,42,-0.044922,1.3408,0.51074,-0.356,23
1055,42,-0.045898,1.3174,0.63672,-0.356,23
1056,36,0.34375,1.3281,-0.10742,0,4
1056,36,0.39551,1.3486,0,0,7
1056,36,0.40332,1.3701,-0.1416,0,8
1056,36,0.45801,1.3828,-0.14746,0,7
1056,36,0.32715,1.4365,-0.24609,0,4
1056,36,1.3955,0,1.7861,0,5
1056,36,0.12109,1.2646,0.21875,0.356,6
1056,36,0.16504,1.2871,0.22949,0.356,8
1056,36,0.21094,1.3135,0.21191,0.356,10
1056,36,0.30078,1.3428,0.036133,0.356,12
1056,36,0.39551,1.3486,-0.027344,0.356,16
1056,36,0.40332,1.375,-0.084961,0.356,17
1056,36,0.41211,1.3936,-0.18262,0.356,14
1056,36,1.4277,0,-1.751,0.356,11
1056,36,1.4512,0,-1.7725,0.356,14
1056,36,1.4756,0,1.7373,0.356,12
1056,36,0.39551,1.3408,-0.14551,-0.71201,8
1056,36,0.49316,1.335,-0.18848,-0.71201,9
1056,36,0.45801,1.3545,-0.31738,-0.71201,8
1056,36,0.16504,1.2754,0.28613,-0.356,8
1056,36,0.25293,1.3203,0.083984,-0.356,11
1056,36,0.34375,1.3311,-0.064453,-0.356,18
1056,36,0.43945,1.3301,-0.11523,-0.356,27
1056,36,0.44824,1.3535,-0.16113,-0.356,30
1056,36,0.50293,1.3643,-0.17285,-0.356,25
1056,36,0.4668,1.3818,-0.32422,-0.356,18
1056,36,1.4277,0,1.5576,-0.356,18
1056,36,1.4512,0,1.6484,-0.356,22
1056,36,1.5322,0,1.6699,-0.356,20
1056,36,0.54883,1.3496,-0.15039,0,7
1056,36,-0.13965,0.85938,1.2139,0,3
1056,36,-0.1377,0.72559,1.2646,0.356,8
1056,36,0.54883,0.64941,1.5381,0.356,6
1056,36,-0.091797,0.73145,1.2656,-0.356,15
1056,36,-0.09375,0.90723,1.1826,-0.356,12
1056,36,0.61426,1.0742,1.2891,-0.356,12
1057,16,0.19727,1.2344,-0.15723,0.356,5
1057,16,0.24121,1.2588,-0.13672,0.356,8
1057,16,0.20605,1.2666,-0.29883,0.356,7
1057,16,1.373,0,1.6875,0.356,6
1057,16,1.3955,0,-1.6504,0.356,7
1057,16,0.20117,1.2529,-0.22363,-0.356,8
1057,16,0.28809,1.2744,-0.17383,-0.356,9
1057,16,0.35156,1.3506,-0.16797,-0.356,7
1057,16,0.44824,1.334,-0.28027,-0.356,10
1057,16,1.373,0,-1.7266,-0.356,8
1057,16,1.4512,0,1.7832,-0.356,9
1057,16,1.4756,0,1.7744,-0.356,7
1057,16,0.55859,0,1.7021,0.356,4
1057,16,0.60449,1.2559,1.0713,-0.356,5
1057,16,0.50293,0.76953,1.5322,-0.356,5
1057,16,0.51074,0.64941,1.6172,-0.356,4
1058,8,0.19727,1.2402,-0.089844,0.356,10
1058,8,0.16113,1.2783,-0.03125,0.356,14
1058,8,0.24707,1.2939,-0.039063,0.356,14
1058,8,0.21094,1.3281,-0.079102,0.356,8
1058,8,0.19727,1.2383,-0.12207,-0.356,11
1058,8,0.20117,1.2666,-0.12207,-0.356,15
1058,8,0.20605,1.2881,-0.18652,-0.356,14
1058,8,0.25293,1.3125,-0.16797,-0.356,9
1084,15,0.12402,1.2158,0.49414,0.356,7
1084,15,0.083984,1.29,0.37988,0.356,11
1084,15,0.042969,1.3066,0.43066,0.356,11
1084,15,0,1.043,0.98633,0.356,7
1084,15,0.45801,1.3447,-0.35645,0.356,8
1084,15,0.082031,1.2285,0.4707,-0.356,8
1084,15,0.12598,1.292,0.36133,-0.356,13
1084,15,0.042969,1.3164,0.39941,-0.356,13
1084,15,0.043945,1.1748,0.77051,-0.356,10
1084,15,0,1.1396,0.87305,-0.356,8
1084,15,0.50293,1.3184,-0.3916,-0.356,7
1084,15,0.44824,1.3301,-0.30078,0.356,7
1084,15,-0.045898,1.0479,1.0215,0.356,6
1084,15,0.49316,1.2842,-0.40918,-0.356,7
1084,15,-0.091797,1.1943,0.8418,-0.356,6
1085,8,0.041016,1.2715,0.3457,0.356,9
1085,8,0.041992,1.248,0.50586,0.356,12
1085,8,0.085938,1.2461,0.57813,0.356,12
1085,8,0,1.2695,0.22168,-0.356,4
1085,8,0.082031,1.2598,0.37793,-0.356,11
1085,8,0.041992,1.2754,0.43262,-0.356,15
1085,8,0.042969,1.3066,0.43066,-0.356,14
1085,8,-0.40234,0.47656,-1.1279,-0.356,3
1086,16,0.19727,1.2422,-0.063477,0.356,6
1086,16,0.20117,1.2686,-0.10059,0.356,6
1086,16,0,1.0557,0.83691,0.356,7
1086,16,0.042969,1.1953,0.68164,0.356,10
1086,16,0.043945,1.2275,0.68359,0.356,9
1086,16,0.19727,1.2354,-0.14844,-0.356,5
1086,16,0.28223,1.25,-0.13574,-0.356,6
1086,16,0,0.98242,0.87793,-0.356,7
1086,16,0,1.1777,0.65527,-0.356,11
1086,16,0.042969,1.2344,0.60742,-0.356,12
1086,16,0,1.2686,0.60547,-0.356,10
1086,16,-0.16113,0.41992,1.208,0.356,4
1086,16,0.4209,1.2773,-0.083984,0.356,4
1086,16,-0.23633,0.66211,1.0449,-0.356,3
1086,16,-0.16113,0.6543,1.0986,-0.356,4
1086,16,0.37109,1.2598,-0.1123,-0.356,5
1087,9,0.23633,1.2363,0.052734,0.356,8
1087,9,0.20117,1.2676,0.11426,0.356,11
1087,9,0.20605,1.2939,0.14746,0.356,12
1087,9,0.16797,1.3213,0.20117,0.356,9
1087,9,0.17188,1.3545,0.17773,0.356,6
1087,9,0.27539,1.2285,-0.037109,-0.356,8
1087,9,0.20117,1.2725,0.043945,-0.356,10
1087,9,0.20605,1.292,0.15625,-0.356,11
1087,9,0.16797,1.3135,0.24609,-0.356,9
1088,6,0.041992,1.2705,0.44629,0.356,6
1088,6,0.085938,1.2969,0.4541,0.356,7
1088,6,0.043945,1.3584,0.3584,0.356,6
1088,6,0.083984,1.3096,0.30664,-0.356,8
1088,6,0.085938,1.3213,0.375,-0.356,8
1088,6,0.043945,1.374,0.29492,-0.356,6
1091,20,0,1.209,0.52441,0,5
1091,20,0.041992,1.2256,0.55859,0,7
1091,20,0.042969,1.2451,0.58496,0,7
1091,20,0,1.2549,0.63281,0,7
1091,20,0.13477,1.2832,0.62793,0,8
1091,20,0.12109,1.2109,0.42285,0.356,5
1091,20,0.20605,1.2217,0.4502,0.356,8
1091,20,0.21094,1.2305,0.50586,0.356,8
1091,20,0.12891,1.3037,0.42285,0.356,9
1091,20,0.13184,1.3271,0.44336,0.356,13
1091,20,0.089844,1.3672,0.42676,0.356,12
1091,20,0.091797,1.4063,0.39941,0.356,7
1091,20,0.044922,1.335,0.52441,-0.71201,6
1091,20,0.040039,1.2783,0.15625,-0.356,8
1091,20,0,1.2998,0.21777,-0.356,11
1091,20,0,1.3174,0.2832,-0.356,10
1091,20,0,1.1553,0.74902,-0.356,8
1091,20,0.087891,1.3164,0.48535,-0.356,16
1091,20,0.13477,1.3545,0.45508,-0.356,18
1091,20,0.1377,1.3564,0.53516,-0.356,13
1092,64,0.038086,1.082,0.58496,0,19
1092,64,0.039063,1.126,0.5625,0,51
1092,64,0.040039,1.1514,0.57715,0,84
1092,64,0.082031,1.1787,0.58398,0,93
1092,64,0.083984,1.2041,0.59863,0,70
1092,64,0.042969,1.2559,0.5625,0,34
1092,64,0.17578,1.3018,0.50098,0,13
1092,64,0.13477,1.3545,0.45605,0,12
1092,64,0.1377,1.376,0.48047,0,11
1092,64,0.18652,1.418,0.43262,0,8
1092,64,0.19238,1.2051,0.15137,0.356,10
1092,64,0.19727,1.2148,0.26758,0.356,27
1092,64,0.20117,1.2227,0.35254,0.356,47
1092,64,0.20605,1.2344,0.41211,0.356,61
1092,64,0.21094,1.2461,0.46582,0.356,61
1092,64,0.21484,1.2852,0.44238,0.356,49
1092,64,0.26367,1.3555,0.2666,0.356,35
1092,64,0.31348,1.3916,0.16016,0.356,27
1092,64,0.22852,1.4033,0.34961,0.356,23
1092,64,0.18652,1.4219,0.41699,0.356,17
1092,64,0.15723,1.2139,0.29785,0.71201,8
1092,64,0.16113,1.2285,0.35352,0.71201,14
1092,64,0.20605,1.2246,0.44141,0.71201,18
1092,64,0.21094,1.2334,0.50098,0.71201,18
1092,64,0.21484,1.291,0.42578,0.71201,14
1092,64,0.26367,1.3516,0.28516,0.71201,10
1092,64,0.26953,1.3594,0.37402,0.71201,9
1092,64,0.18262,1.3848,0.43945,0.71201,9
1092,64,0.18652,1.3926,0.50586,0.71201,7
1092,64,0.042969,0.88184,1.0566,-1.78,8
1092,64,0.039063,1.167,0.47266,-1.068,16
1092,64,0.080078,1.1953,0.47363,-1.068,28
1092,64,0.082031,1.2188,0.49414,-1.068,34
1092,64,0.041992,1.251,0.49902,-1.068,29
1092,64,0.12891,1.2793,0.49121,-1.068,19
1092,64,0.13184,1.3535,0.3584,-1.068,9
1092,64,0.077148,1.1455,0.44238,-0.71201,33
1092,64,0.039063,1.1699,0.46582,-0.71201,86
1092,64,0.080078,1.1992,0.46484,-0.71201,140
1092,64,0.082031,1.2275,0.47168,-0.71201,154
1092,64,0.041992,1.2588,0.47754,-0.71201,112
1092,64,0.042969,1.2783,0.50879,-0.71201,52
1092,64,0,1.2354,0.66992,-0.71201,13
1092,64,0.1123,1.1396,0.36035,-0.356,9
1092,64,0.11523,1.1279,0.47656,-0.356,45
1092,64,0.11816,1.1582,0.48047,-0.356,111
1092,64,0.080078,1.1963,0.47363,-0.356,177
1092,64,0.082031,1.2246,0.48047,-0.356,186
1092,64,0.041992,1.2598,0.47559,-0.356,129
1092,64,0,1.2861,0.49121,-0.356,55
1092,64,0.30762,1.3721,0.012695,-0.356,23
1092,64,0.3584,1.3896,-0.025391,-0.356,17
1092,64,0.45801,1.3799,-0.1748,-0.356,10
1092,64,-0.38477,0.95996,-0.66602,0,10
1092,64,0.12891,1.2471,0.56836,0,34
1092,64,-0.22461,0.57324,-1.2969,0.356,17
1092,64,-0.31348,0.72461,-1.1982,0.71201,5
1092,64,0.18262,1.3848,0.43945,0.71201,9
1092,64,-0.38477,0.89063,-0.75586,-0.71201,17
1092,64,-0.41309,0.99805,-0.52539,-0.356,5
1092,64,-0.3457,0.97949,-0.65918,-0.356,23
1092,64,-0.13184,0.9043,-1.0684,-0.356,19
1092,64,-0.22461,0.92285,-1.0762,-0.356,11
1092,64,-0.1377,0.90625,1.1416,-0.356,9
1093,64,0.15723,1.1953,0.36426,0,9
1093,64,0.20117,1.2236,0.35156,0,23
1093,64,0.20605,1.2646,0.30957,0,40
1093,64,0.16797,1.3057,0.28613,0,50
1093,64,0.17188,1.3467,0.22852,0,49
1093,64,0.17578,1.3848,0.16602,0,41
1093,64,0.13477,1.418,0.17969,0,31
1093,64,0.18262,1.4316,0.24609,0,20
1093,64,0.09375,1.4297,0.42188,0,12
1093,64,0.047852,1.4512,0.45996,0,7
1093,64,0.15332,1.2129,-0.13965,0.356,13
1093,64,0.19727,1.2031,0.31445,0.356,32
1093,64,0.20117,1.209,0.39746,0.356,66
1093,64,0.20605,1.2539,0.34961,0.356,108
1093,64,0.16797,1.2949,0.33105,0.356,125
1093,64,0.17188,1.3389,0.26758,0.356,115
1093,64,0.17578,1.3789,0.21289,0.356,95
1093,64,0.17969,1.4053,0.22754,0.356,71
1093,64,0.22852,1.4199,0.27441,0.356,41
1093,64,0.19727,1.1738,0.41211,0.71201,10
1093,64,0.20117,1.1924,0.44434,0.71201,22
1093,64,0.20605,1.2461,0.37695,0.71201,36
1093,64,0.16797,1.2881,0.35742,0.71201,43
1093,64,0.17188,1.3301,0.31152,0.71201,40
1093,64,0.17578,1.3701,0.25977,0.71201,33
1093,64,0.13477,1.417,0.18652,0.71201,20
1093,64,0.13965,1.4473,0.33984,0.71201,15
1093,64,0.14258,1.459,0.41309,0.71201,15
1093,64,0.19434,1.4775,0.43457,0.71201,9
1093,64,0.16797,1.2939,0.33691,1.068,6
1093,64,0.13477,1.3643,0.42578,1.068,11
1093,64,0.1377,1.3994,0.41016,1.068,15
1093,64,0.18652,1.416,0.43848,1.068,16
1093,64,0.14258,1.46,0.40918,1.068,12
1093,64,0,1.1162,0.35449,-2.136,8
1093,64,0,1.1328,0.39746,-2.136,11
1093,64,0,1.1582,0.41602,-2.136,10
1093,64,0,1.2002,0.38086,-2.136,6
1093,64,0,1.0869,0.35059,-1.78,9
1093,64,0,1.082,0.44922,-1.78,19
1093,64,0.037109,1.1064,0.46484,-1.78,27
1093,64,0.038086,1.1396,0.46094,-1.78,25
1093,64,0,1.1709,0.46484,-1.78,16
1093,64,0,1.1787,0.52148,-1.78,6
1093,64,0,1.0459,0.45898,-1.424,6
1093,64,0,1.0693,0.47754,-1.424,14
1093,64,0,1.084,0.51563,-1.424,19
1093,64,0,1.1152,0.51953,-1.424,17
1093,64,0,1.1348,0.5459,-1.424,10
1093,64,0.24707,1.2842,0.16504,-0.71201,9
1093,64,0.21094,1.3145,0.20801,-0.71201,8
1093,64,0.15332,1.2021,-0.21191,-0.356,9
1093,64,0.19727,1.2324,-0.16602,-0.356,17
1093,64,0.24121,1.2324,0.28809,-0.356,28
1093,64,0.24707,1.2705,0.25098,-0.356,37
1093,64,0.25293,1.3086,0.2002,-0.356,39
1093,64,0.21484,1.3486,0.17285,-0.356,30
1093,64,0.26367,1.3721,0.15625,-0.356,25
1093,64,0.26953,1.3965,0.19531,-0.356,24
1093,64,0.27441,1.417,0.24902,-0.356,15
1093,64,-0.16504,0.85645,0.98828,-0.71201,5
1093,64,-0.30762,0.38867,1.126,-0.356,5
1093,64,-0.35156,0.375,-1.3086,-0.356,14
1093,64,-0.26953,0.50488,-1.3164,-0.356,13
1094,64,0.083984,1.3281,0.20996,0,23
1094,64,0.085938,1.3604,0.19434,0,36
1094,64,0.087891,1.3916,0.17969,0,42
1094,64,0.089844,1.4219,0.17383,0,38
1094,64,0.045898,1.459,0.12109,0,27
1094,64,0.046875,1.4922,0.051758,0,18
1094,64,0.047852,1.5215,0.044922,0,10
1094,64,0.19727,1.2432,-0.049805,0.356,12
1094,64,0.20117,1.2705,0.080078,0.356,16
1094,64,0.16504,1.2842,0.24707,0.356,17
1094,64,0.21094,1.2881,0.33398,0.356,18
1094,64,0.17188,1.2969,0.42773,0.356,19
1094,64,0.13184,1.3105,0.49023,0.356,22
1094,64,0.044922,1.3799,0.39063,0.356,28
1094,64,0,1.458,0.13574,0.356,32
1094,64,0,1.4941,-0.012695,0.356,29
1094,64,0,1.3096,0.51172,0.71201,12
1094,64,0,1.3936,0.3418,0.71201,19
1094,64,0,1.4521,0.18848,0.71201,23
1094,64,0,1.4912,0.09082,0.71201,20
1094,64,0,0.8457,0.40332,-2.848,7
1094,64,0,0.88672,0.38379,-2.848,10
1094,64,0.03125,0.92188,0.375,-2.848,12
1094,64,0,0.96875,0.33496,-2.848,10
1094,64,0,0.78809,0.3877,-2.492,8
1094,64,0,0.79492,0.4375,-2.492,8
1094,64,0.029297,0.84863,0.39648,-2.492,17
1094,64,0.030273,0.87891,0.40039,-2.492,31
1094,64,0.03125,0.90918,0.4043,-2.492,41
1094,64,0.064453,0.93652,0.41309,-2.492,37
1094,64,0.033203,0.96973,0.41406,-2.492,22
1094,64,0.03418,1.0137,0.38184,-2.492,8
1094,64,0,0.75684,0.38672,-2.136,5
1094,64,-0.027344,0.78223,0.40039,-2.136,8
1094,64,0,0.83301,0.36133,-2.136,9
1094,64,0.058594,0.86523,0.35547,-2.136,21
1094,64,0.060547,0.88281,0.38867,-2.136,39
1094,64,0.03125,0.9209,0.37891,-2.136,50
1094,64,0.032227,0.94629,0.39258,-2.136,45
1094,64,0.033203,0.97559,0.39941,-2.136,27
1094,64,0,1.04,0.30469,-2.136,10
1094,64,0,0.82227,0.30957,-1.78,8
1094,64,0,0.83301,0.36133,-1.78,13
1094,64,0,0.86719,0.35645,-1.78,21
1094,64,0.030273,0.89453,0.36426,-1.78,33
1094,64,0.03125,0.92285,0.37305,-1.78,43
1094,64,0.032227,0.95605,0.36914,-1.78,41
1094,64,0.033203,0.9873,0.36914,-1.78,29
1094,64,0,1.0352,0.32031,-1.78,13
1094,64,0,0.83301,0.36133,-1.424,7
1094,64,0,0.86719,0.35547,-1.424,11
1094,64,0.030273,0.89551,0.3623,-1.424,16
1094,64,0.03125,0.92676,0.3623,-1.424,23
1094,64,0,0.96582,0.34277,-1.424,24
1094,64,0.033203,0.99609,0.34277,-1.424,20
1094,64,-0.43066,0,-1.3213,-1.424,15
1094,64,-0.43945,0.2832,-1.3047,-1.424,18
1094,64,-0.40332,0.20215,-1.3623,-1.424,16
1094,64,0.1377,1.4453,0.19531,-1.424,10
1094,64,0,0.96387,0.24902,-1.068,7
1094,64,0,0.98438,0.28613,-1.068,11
1094,64,0,1.0156,0.28223,-1.068,12
1094,64,0,1.042,0.29785,-1.068,9
1094,64,-0.38672,0,-1.3311,-1.068,25
1095,64,0.15723,1.2471,0.072266,0,7
1095,64,0.16113,1.2666,0.17188,0,14
1095,64,0.12402,1.292,0.23145,0,22
1095,64,0.12598,1.3252,0.20605,0,30
1095,64,0.12891,1.3643,0.12891,0,35
1095,64,0.087891,1.4033,0.0019531,0,29
1095,64,0.13477,1.4199,-0.15723,0,19
1095,64,0.32031,1.4063,-0.25098,0,11
1095,64,0.19238,1.2061,-0.14551,0.356,9
1095,64,0.23633,1.2246,-0.17285,0.356,21
1095,64,0.28223,1.2334,-0.24414,0.356,31
1095,64,0.3291,1.2422,-0.29102,0.356,34
1095,64,-0.083984,1.2158,0.57422,0.356,34
1095,64,-0.085938,1.2803,0.49902,0.356,40
1095,64,-0.043945,1.2207,0.69531,0.356,41
1095,64,0.44824,1.3496,-0.18945,0.356,43
1095,64,0.41211,1.3984,-0.14063,0.356,40
1095,64,0.41992,1.4326,-0.045898,0.356,27
1095,64,0,0.87598,-0.074219,0.71201,7
1095,64,0,0.90625,-0.057617,0.71201,12
1095,64,0,0.93652,-0.032227,0.71201,14
1095,64,0,0.96191,-0.091797,0.71201,12
1095,64,0,0.99219,-0.087891,0.71201,7
1095,64,0,0.30371,1.4023,0.71201,15
1095,64,-0.1377,0.31934,1.4229,0.71201,13
1095,64,-0.18652,0.43457,1.417,0.71201,12
1095,64,0.068359,2.1191,0.57324,0.71201,12
1095,64,0.069336,2.1514,0.56738,0.71201,11
1095,64,0,0.87891,-0.012695,1.068,13
1095,64,0,0.90723,-0.021484,1.068,21
1095,64,0,0.93652,-0.038086,1.068,26
1095,64,0,0.96582,-0.043945,1.068,22
1095,64,0,0.99512,-0.044922,1.068,15
1095,64,0,0.87793,-0.040039,1.424,7
1095,64,-0.056641,0.9043,-0.0625,1.424,11
1095,64,-0.029297,0.93555,-0.039063,1.424,14
1095,64,0,0.96582,-0.027344,1.424,13
1095,64,0,0.99316,-0.069336,1.424,9
1095,64,0,0.81152,-0.12109,1.78,5
1095,64,-0.052734,0.83887,-0.125,1.78,13
1095,64,-0.082031,0.86426,-0.13477,1.78,19
1095,64,-0.056641,0.8916,-0.16406,1.78,20
1095,64,-0.087891,0.91406,-0.18555,1.78,15
1095,64,-0.09082,0.95117,-0.14258,1.78,8
1095,64,-0.10254,0.80957,-0.083984,2.136,5
1095,64,-0.080078,0.83691,-0.12012,2.136,13
1095,64,-0.082031,0.8623,-0.14453,2.136,20
1095,64,-0.084961,0.89063,-0.15723,2.136,22
1095,64,-0.087891,0.91602,-0.17773,2.136,19
1095,64,-0.060547,0.94727,-0.18164,2.136,12
1095,64,-0.10938,0.8584,-0.15137,2.492,9
1095,64,-0.084961,0.8877,-0.16992,2.492,12
1095,64,-0.087891,0.91992,-0.1582,2.492,12
1095,64,-0.09082,0.94727,-0.1709,2.492,9
1095,64,0.20117,1.2725,-0.0087891,-0.71201,7
1095,64,0.082031,1.3057,0.16016,-0.71201,17
1095,64,0.041992,1.3379,0.15234,-0.71201,27
1095,64,0.085938,1.3682,0.12402,-0.71201,33
1095,64,0.087891,1.3975,0.12207,-0.71201,28
1095,64,0.044922,1.4131,0.24805,-0.71201,17
1095,64,0.23047,1.1982,-0.15332,-0.356,6
1095,64,0.27539,1.2197,-0.1543,-0.356,13
1095,64,0.24121,1.2646,-0.043945,-0.356,18
1095,64,0.082031,1.293,0.24316,-0.356,44
1096,64,0,1.2295,-0.038086,0,11
1096,64,0.039063,1.2588,-0.025391,0,32
1096,64,0.040039,1.2871,-0.058594,0,53
1096,64,0.041016,1.3145,-0.087891,0,54
1096,64,0.041992,1.3418,-0.11426,0,29
1096,64,0.12891,1.3066,-0.41309,0,20
1096,64,0.087891,1.3838,-0.23242,0,40
1096,64,0.089844,1.418,-0.2002,0,42
1096,64,0.091797,1.4531,-0.15918,0,30
1096,64,0.09375,1.4814,-0.16992,0,16
1096,64,0,1.2285,0.066406,0.356,14
1096,64,0,1.2588,0.027344,0.356,47
1096,64,0.040039,1.2881,0.033203,0.356,87
1096,64,0.041016,1.3154,0.072266,0.356,109
1096,64,0.12598,1.3369,0.10938,0.356,95
1096,64,0.17188,1.3613,0.1123,0.356,78
1096,64,0.17578,1.3936,0.056641,0.356,66
1096,64,0.13477,1.4277,-0.054688,0.356,52
1096,64,0.1377,1.458,-0.023438,0.356,32
1096,64,1.3955,0,1.7568,0.356,12
1096,64,1.4189,0,1.7852,0.356,15
1096,64,1.3838,0,-1.8174,0.356,12
1096,64,0,1.2305,0.016602,0.71201,7
1096,64,0,1.2568,0.080078,0.71201,28
1096,64,0.040039,1.2861,0.0625,0.71201,54
1096,64,0.041016,1.3145,0.089844,0.71201,65
1096,64,0.083984,1.3408,0.10059,0.71201,52
1096,64,0.17188,1.3613,0.11523,0.71201,36
1096,64,0.17578,1.3945,0.046875,0.71201,30
1096,64,0.044922,1.4209,-0.19727,0.71201,26
1096,64,0.045898,1.458,-0.125,0.71201,15
1096,64,0.070313,2.2529,0.083008,1.424,7
1096,64,0,1.1416,-0.26465,1.78,5
1096,64,0,1.0771,-0.27832,2.136,9
1096,64,0,1.1094,-0.27051,2.136,11
1096,64,0,1.1348,-0.29297,2.136,11
1096,64,0,1.1738,-0.25293,2.136,7
1096,64,0,1.0869,-0.23926,2.492,6
1096,64,0,1.0967,-0.31836,2.492,8
1096,64,0,1.1455,-0.24609,2.492,7
1096,64,0.15723,1.249,0.033203,-0.71201,8
1096,64,0.16113,1.2773,-0.046875,-0.71201,11
1096,64,0.12402,1.3125,0.018555,-0.71201,10
1096,64,0.16797,1.3203,0.20996,-0.71201,13
1096,64,0.17188,1.3389,0.26758,-0.71201,17
1096,64,0.17578,1.3936,0.063477,-0.71201,18
1096,64,0.13477,1.4141,-0.20313,-0.71201,17
1096,64,0.091797,1.4365,-0.26855,-0.71201,16
1096,64,0.11523,1.2217,0.083984,-0.356,12
1096,64,0.15723,1.249,0.040039,-0.356,29
1096,64,0.16113,1.2783,0.0058594,-0.356,40
1096,64,0.16504,1.3076,0.033203,-0.356,38
1096,64,0.16797,1.3213,0.20313,-0.356,43
1096,64,0.21484,1.3311,0.27734,-0.356,56
1096,64,0.21973,1.3652,0.25391,-0.356,54
1096,64,0.17969,1.4209,0.091797,-0.356,39
1096,64,0.1377,1.4434,-0.20605,-0.356,29
1096,64,-0.50488,0.2627,1.2207,0,23
1096,64,-0.43066,0.50879,1.2041,0,17
1096,64,-0.4209,0,1.334,0.356,57
1096,64,-0.38672,0,-1.3271,0.356,54
1096,64,-0.30762,0.80078,-1.1133,0.356,46
1096,64,0.61426,0.92773,1.3984,0.356,7
1096,64,0.56738,0.67188,1.5889,0.356,8
1097,63,0.039063,1.2549,-0.10059,0,18
1097,63,0.040039,1.2832,-0.11523,0,54
1097,63,0.041016,1.3096,-0.14648,0,100
1097,63,0.041992,1.3369,-0.16406,0,131
1097,63,0.042969,1.3643,-0.18066,0,123
1097,63,0.043945,1.3926,-0.19043,0,85
1097,63,0.089844,1.4209,-0.17969,0,43
1097,63,0.091797,1.4551,-0.13574,0,17
1097,63,-1.874,0,-0.27637,0,5
1097,63,1.8447,0.39941,-0.25195,0,4
1097,63,0,1.168,-0.38477,0.356,8
1097,63,0,1.2344,-0.25,0.356,46
1097,63,0,1.2744,-0.19434,0.356,136
1097,63,0,1.3076,-0.16406,0.356,257
1097,63,0.041992,1.3398,-0.1377,0.356,337
1097,63,0.042969,1.3701,-0.12793,0.356,328
1097,63,0.087891,1.3975,-0.12207,0.356,228
1097,63,0.089844,1.4248,-0.14844,0.356,117
1097,63,0.091797,1.4453,-0.21777,0.356,42
1097,63,-1.874,0,-0.21094,0.356,9
1097,63,1.8447,0.43555,-0.18164,0.356,7
1097,63,0,1.167,-0.38867,0.71201,11
1097,63,0,1.2314,-0.2627,0.71201,53
1097,63,0,1.2715,-0.20996,0.71201,138
1097,63,0,1.3047,-0.18555,0.71201,233
1097,63,0,1.3369,-0.16797,0.71201,273
1097,63,0.042969,1.3682,-0.15039,0.71201,235
1097,63,0.087891,1.3955,-0.1416,0.71201,140
1097,63,0.089844,1.4248,-0.14648,0.71201,60
1097,63,0.045898,1.4404,-0.25879,0.71201,17
1097,63,0,1.2324,-0.26074,1.068,13
1097,63,0,1.2695,-0.22363,1.068,35
1097,63,0,1.3037,-0.19434,1.068,56
1097,63,0,1.3311,-0.20703,1.068,62
1097,63,0,1.3604,-0.20996,1.068,45
1097,63,0,1.3809,-0.26563,1.068,20
1097,63,0,1.2461,-0.33008,1.424,14
1097,63,0,1.2705,-0.35156,1.424,17
1097,63,0,1.3047,-0.33691,1.424,14
1097,63,0,1.2881,-0.48535,1.424,7
1097,63,0.24121,1.2646,-0.060547,-0.71201,12
1097,63,0.20605,1.2822,0.22461,-0.71201,12
1097,63,0.16797,1.2939,0.33691,-0.71201,10
1097,63,0.12891,1.3662,0.10254,-0.71201,12
1097,63,0.13184,1.3994,-0.016602,-0.71201,12
1097,63,0.089844,1.4258,-0.1377,-0.71201,8
1097,63,0.19238,1.2148,0.010742,-0.356,9
1097,63,0.19727,1.2432,0.029297,-0.356,25
1097,63,0.20117,1.2725,0.025391,-0.356,40
1097,63,0.24707,1.2783,0.20313,-0.356,40
1097,63,0.16797,1.2979,0.32031,-0.356,34
1097,63,0.12891,1.3643,0.12891,-0.356,43
1097,63,0.13184,1.3994,0.0058594,-0.356,45
1097,63,0.17969,1.4219,-0.070313,-0.356,31
1097,63,0.1377,1.4258,0.30566,-0.356,16
1097,63,-0.49316,0.38574,1.291,0,22
1097,63,-0.45801,0.10547,1.3867,0,9
1097,63,1.0547,0,1.6406,0,3
1097,63,1.0713,0,1.666,0,3
1097,63,0.23047,0.78613,-0.91797,0.356,6
1097,63,1.1133,0,1.7578,0.356,7
1097,63,1.1299,0,1.8799,0.356,6
1097,63,0.68848,0.72559,0.94629,1.424,4
1098,35,-0.082031,1.3047,-0.16504,0,6
1098,35,0,1.3467,0.053711,0,11
1098,35,0,1.374,0.091797,0,16
1098,35,0,1.4023,0.097656,0,15
1098,35,0,1.4336,-0.064453,0,10
1098,35,0.23633,1.2139,0.24023,0.356,18
1098,35,0.20117,1.2461,0.25977,0.356,34
1098,35,0.20605,1.2666,0.30176,0.356,46
1098,35,0.16797,1.3047,0.29199,0.356,49
1098,35,0.085938,1.3594,0.19629,0.356,43
1098,35,0.043945,1.3975,0.15137,0.356,30
1098,35,0.044922,1.3955,0.33398,0.356,16
1098,35,0.16113,1.2139,0.40332,0.71201,8
1098,35,0.20605,1.1699,0.57031,0.71201,11
1098,35,0.16797,1.2324,0.5166,0.71201,10
1098,35,0,1.376,-0.022461,0.71201,7
1098,35,0,1.3867,-0.23242,0.71201,7
1098,35,0.7627,0.75391,0.9541,0.71201,7
1098,35,0.24121,1.2598,0.12695,-0.71201,12
1098,35,0.24707,1.2861,0.15234,-0.71201,15
1098,35,0.25293,1.3076,0.20605,-0.71201,13
1098,35,0.21484,1.3584,0.060547,-0.71201,8
1098,35,0.15332,1.2148,0.11719,-0.356,6
1098,35,0.23633,1.2295,0.14063,-0.356,22
1098,35,0.24121,1.2529,0.17773,-0.356,41
1098,35,0.24707,1.2803,0.19336,-0.356,52
1098,35,0.25293,1.3096,0.18945,-0.356,46
1098,35,0.21484,1.3564,0.09375,-0.356,28
1098,35,0.17578,1.3916,-0.09668,-0.356,12
1098,35,0.3291,1.2725,0.10254,0,5
1098,35,0.67285,1.1357,0.56348,0.356,10
1098,35,0.73145,0,1.2354,0.71201,4
1098,35,0.74707,0.44434,1.1055,0.71201,6
1098,35,-0.58301,0.7832,1.0518,0.71201,5
1098,35,-0.43945,0.21191,1.3184,-0.356,8
1099,26,0,1.3096,-0.31445,0,11
1099,26,0,1.3428,-0.30176,0,19
1099,26,0.043945,1.3721,-0.30469,0,24
1099,26,0.044922,1.4004,-0.31152,0,22
1099,26,0.045898,1.4238,-0.34082,0,15
1099,26,0.16113,1.2695,0.15039,0.356,10
1099,26,0.12402,1.3066,0.11816,0.356,16
1099,26,0.041992,1.3398,-0.13574,0.356,31
1099,26,0.085938,1.3682,-0.12988,0.356,55
1099,26,0.043945,1.4023,-0.095703,0.356,73
1099,26,0.089844,1.4316,-0.040039,0.356,69
1099,26,0.091797,1.4609,0.049805,0.356,47
1099,26,0,1.3467,-0.042969,0.71201,10
1099,26,0,1.373,-0.10156,0.71201,18
1099,26,0,1.4023,-0.094727,0.71201,23
1099,26,0.044922,1.4336,-0.038086,0.71201,22
1099,26,0.045898,1.4629,0.056641,0.71201,15
1099,26,0.31348,1.3857,-0.20117,-0.71201,9
1099,26,0.23633,1.2373,-0.0048828,-0.356,6
1099,26,0.24121,1.2656,-0.023438,-0.356,12
1099,26,0.24707,1.2949,0.0097656,-0.356,16
1099,26,0.16797,1.335,-0.06543,-0.356,18
1099,26,0.085938,1.373,-0.049805,-0.356,24
1099,26,0.087891,1.4023,0.052734,-0.356,31
1099,26,0.31348,1.3887,-0.17773,-0.356,33
1099,26,0.41211,1.3848,-0.23926,-0.356,34
1100,35,0.3584,1.3896,0,0,6
1100,35,0.45801,1.3887,-0.081055,0,6
1100,35,0.19727,1.2266,0.20801,0.356,7
1100,35,0.16113,1.2734,0.11914,0.356,10
1100,35,0.16504,1.3076,0.033203,0.356,12
1100,35,0.083984,1.3447,0.0029297,0.356,13
1100,35,0.042969,1.374,-0.067383,0.356,18
1100,35,0,1.3955,-0.16992,0.356,24
1100,35,0,1.3945,-0.33789,0.356,27
1100,35,0.45801,1.3877,-0.092773,0.356,25
1100,35,0.4668,1.4131,-0.12793,0.356,18
1100,35,0.49316,1.3389,-0.1543,-0.71201,10
1100,35,0.45801,1.376,-0.2041,-0.71201,10
1100,35,0.15723,1.25,0,-0.356,6
1100,35,0.16113,1.2783,0.041016,-0.356,10
1100,35,0.20605,1.3018,-0.0039063,-0.356,12
1100,35,0.083984,1.3438,-0.033203,-0.356,12
1100,35,0,1.3574,-0.22754,-0.356,16
1100,35,0,1.3457,-0.40723,-0.356,24
1100,35,0.44824,1.3584,-0.11914,-0.356,33
1100,35,0.45801,1.3809,-0.1709,-0.356,33
1100,35,0.4668,1.4033,-0.21191,-0.356,25
1100,35,0.52344,1.4141,-0.21387,-0.356,14
1100,35,0.43945,1.3311,0.10547,0.356,17
1100,35,0.49316,1.3467,-0.046875,0.356,25
1100,35,-0.045898,1.3838,-0.47754,0.356,23
1100,35,-0.09375,0.65137,1.3408,0.356,14
1100,35,-0.044922,0.49707,1.3457,-0.71201,9
1100,35,-0.091797,0.70313,1.2813,-0.71201,7
1100,35,0.47363,1.2813,0.17188,-0.356,11
1100,35,0.4834,1.3193,-0.037109,-0.356,24
1100,35,-0.044922,1.1855,-0.80762,-0.356,27
1100,35,-0.045898,0.39746,1.4092,-0.356,25
1100,35,-0.09375,0.59277,1.3682,-0.356,17
1100,35,-0.14258,0.78418,1.2979,-0.356,9
1101,12,0.15723,1.2471,-0.079102,0.356,6
1101,12,0.16113,1.2744,-0.10059,0.356,8
1101,12,0.16504,1.3076,-0.035156,0.356,8
1101,12,0.44824,1.3623,-0.057617,0.356,8
1101,12,0.15723,1.2236,-0.25195,-0.356,7
1101,12,0.24121,1.251,-0.19629,-0.356,10
1101,12,0.20605,1.2832,-0.21973,-0.356,9
1101,12,0.4834,1.3193,-0.055664,-0.356,8
1101,12,0.49316,1.3457,-0.069336,-0.356,10
1101,12,0.41211,1.3984,-0.14258,-0.356,7
1101,12,-0.19727,0.3916,1.1807,-0.356,4
1101,12,0,1.3477,0.57227,-0.356,5
1132,1,0,1.3047,0.33691,-0.356,5
1136,12,0,1.2061,0.4541,0,4
1136,12,0,1.2197,0.49902,0,5
1136,12,0,1.1895,0.56738,0.356,6
1136,12,0,1.1553,0.50098,-0.356,7
1136,12,0.040039,1.1758,0.52539,-0.356,13
1136,12,0,1.2148,0.51172,-0.356,15
1136,12,0.041992,1.2627,0.46875,-0.356,12
1136,12,0.042969,1.3232,0.37598,-0.356,9
1136,12,0.043945,1.3711,0.30566,-0.356,9
1136,12,0.089844,1.3574,0.45605,-0.356,7
1136,12,-0.41211,0.80566,-0.95898,0,3
1136,12,-0.49316,0.72852,-1.1338,-0.356,4
1137,55,0,1.0928,0.49902,0,6
1137,55,0.038086,1.1338,0.47656,0,19
1137,55,0.039063,1.165,0.47656,0,39
1137,55,0.040039,1.1992,0.46973,0,50
1137,55,0.041016,1.2227,0.49121,0,43
1137,55,0.083984,1.2646,0.45703,0,26
1137,55,0.042969,1.3066,0.43066,0,10
1137,55,0.17578,1.3584,0.31543,0,6
1137,55,0.13477,1.3828,0.35938,0,8
1137,55,0.1377,1.4043,0.39063,0,10
1137,55,0.18652,1.4346,0.37305,0,10
1137,55,0.094727,1.4814,0.33984,0,7
1137,55,0.15332,1.2197,0.048828,0.356,7
1137,55,0.23633,1.2246,0.17383,0.356,17
1137,55,0.24121,1.249,0.2041,0.356,27
1137,55,0.24707,1.2715,0.24609,0.356,32
1137,55,0.21094,1.2949,0.30859,0.356,32
1137,55,0.21484,1.3271,0.29395,0.356,34
1137,55,0.17578,1.3652,0.28613,0.356,35
1137,55,0.17969,1.3838,0.33398,0.356,33
1137,55,0.1377,1.4053,0.3877,0.356,29
1137,55,0.13965,1.4189,0.44629,0.356,24
1137,55,0.14258,1.4424,0.46777,0.356,17
1137,55,0.20117,1.2666,0.12598,0.71201,7
1137,55,0.16504,1.2656,0.3291,0.71201,8
1137,55,0.21094,1.2959,0.30371,0.71201,8
1137,55,0.12891,1.3398,0.28711,0.71201,9
1137,55,0.13184,1.3545,0.35156,0.71201,10
1137,55,0.13477,1.3721,0.39746,0.71201,10
1137,55,0.1377,1.4141,0.35449,0.71201,10
1137,55,0.09375,1.4229,0.44336,0.71201,8
1137,55,0,1.2148,0.43164,-1.068,8
1137,55,0.041016,1.2559,0.39746,-1.068,14
1137,55,0.041992,1.2471,0.50879,-1.068,17
1137,55,0.085938,1.2783,0.50293,-1.068,15
1137,55,0.087891,1.333,0.43848,-1.068,9
1137,55,0.038086,1.1357,0.46973,-0.71201,20
1137,55,0.039063,1.1729,0.45605,-0.71201,41
1137,55,0.040039,1.2031,0.46094,-0.71201,56
1137,55,0.041016,1.2236,0.4873,-0.71201,53
1137,55,0,1.2236,0.56348,-0.71201,36
1137,55,0,1.1445,0.76465,-0.71201,17
1137,55,0.037109,1.0654,0.55273,-0.356,10
1137,55,0,1.1182,0.5127,-0.356,34
1137,55,0.039063,1.1484,0.5166,-0.356,68
1137,55,0.040039,1.1729,0.53125,-0.356,89
1137,55,0,1.1836,0.58008,-0.356,78
1137,55,-0.041992,1.1563,0.69043,-0.356,46
1137,55,-0.12891,1.0039,-0.93262,-0.356,20
1137,55,0.17578,1.3857,0.16211,-0.356,22
1137,55,0.13477,1.4111,0.2207,-0.356,18
1137,55,0.18262,1.418,0.31836,-0.356,12
1137,55,-0.30078,1.0566,-0.83008,0.71201,5
1137,55,-0.42285,0.8623,-0.76855,-0.71201,11
1137,55,0.30078,1.3418,0.0625,-0.356,18
1138,64,0,1.0264,0.62305,0,6
1138,64,0,0.9375,0.79688,0,6
1138,64,0.19727,1.1289,0.52246,0,7
1138,64,0.24121,1.2393,0.25879,0,12
1138,64,0.28809,1.2607,0.25195,0,16
1138,64,0.29492,1.2959,0.22168,0,14
1138,64,0.25781,1.332,0.23438,0,10
1138,64,0.17578,1.374,0.24219,0,11
1138,64,0.17969,1.3828,0.33984,0,13
1138,64,0.18262,1.4219,0.2998,0,13
1138,64,0.13965,1.4639,0.26465,0,10
1138,64,0.20605,2.1436,0.43262,0,10
1138,64,0.20898,2.1602,0.49316,0,8
1138,64,0.19238,1.209,0.12598,0.356,12
1138,64,0.23633,1.2227,0.18945,0.356,31
1138,64,0.24121,1.2432,0.24023,0.356,55
1138,64,0.24707,1.2686,0.25781,0.356,69
1138,64,0.25293,1.2969,0.26367,0.356,60
1138,64,0.25781,1.3369,0.20508,0.356,38
1138,64,0.21973,1.3789,0.16602,0.356,29
1138,64,0.22461,1.4043,0.19238,0.356,27
1138,64,0.18262,1.4297,0.25684,0.356,25
1138,64,0.18652,1.4531,0.29297,0.356,20
1138,64,0.23633,1.21,0.25586,0.71201,9
1138,64,0.24121,1.2285,0.30664,0.71201,17
1138,64,0.24707,1.2637,0.28027,0.71201,22
1138,64,0.21094,1.2939,0.30859,0.71201,18
1138,64,0.21484,1.3291,0.28516,0.71201,13
1138,64,0.21973,1.3525,0.31445,0.71201,11
1138,64,0.17969,1.3955,0.28125,0.71201,10
1138,64,0.18262,1.4297,0.25879,0.71201,9
1138,64,0,1.0635,0.41699,-2.492,12
1138,64,0.036133,1.0811,0.45117,-2.492,22
1138,64,0,1.1045,0.4707,-2.492,26
1138,64,0,1.1133,0.52246,-2.492,21
1138,64,0,1.168,0.4707,-2.492,11
1138,64,0,1.0752,0.38574,-2.136,15
1138,64,0,1.0693,0.47852,-2.136,28
1138,64,0.037109,1.1074,0.46387,-2.136,36
1138,64,0.038086,1.1289,0.4873,-2.136,31
1138,64,0,1.1484,0.5166,-2.136,17
1138,64,0,1.0771,0.38184,-1.78,29
1138,64,0,1.0986,0.40625,-1.78,73
1138,64,0,1.126,0.41797,-1.78,114
1138,64,0,1.1504,0.43555,-1.78,119
1138,64,0,1.1797,0.44141,-1.78,83
1138,64,0.040039,1.208,0.44824,-1.78,38
1138,64,0,1.2451,0.43262,-1.78,9
1138,64,0,1.0303,0.42188,-1.424,11
1138,64,0.036133,1.043,0.46484,-1.424,60
1138,64,0,1.0771,0.46094,-1.424,149
1138,64,0,1.1025,0.47656,-1.424,230
1138,64,0.038086,1.124,0.49707,-1.424,239
1138,64,0.039063,1.1514,0.50781,-1.424,169
1138,64,0.040039,1.1846,0.50488,-1.424,76
1138,64,0,1.2432,0.43652,-1.424,17
1138,64,0,1.041,0.46973,-1.068,30
1138,64,0,1.0576,0.50293,-1.068,76
1138,64,0,1.085,0.51465,-1.068,118
1138,64,0,1.1084,0.5332,-1.068,122
1138,64,0,1.1348,0.54688,-1.068,85
1138,64,0,1.165,0.55176,-1.068,38
1138,64,0,1.1689,0.6084,-1.068,8
1138,64,0.15723,1.2305,0.2168,-0.71201,6
1139,64,0.12109,1.2803,0.080078,0,8
1139,64,0.085938,1.3662,0.1416,0,15
1139,64,0.087891,1.3838,0.23242,0,15
1139,64,0.26953,1.4053,0.11328,0,11
1139,64,0.22852,1.4297,0.21973,0,9
1139,64,0.09375,1.4863,0.11914,0,9
1139,64,0.23047,1.1973,-0.16309,0.356,13
1139,64,0.19727,1.2412,-0.084961,0.356,23
1139,64,0.24121,1.2656,-0.027344,0.356,29
1139,64,0.24707,1.2939,0.029297,0.356,26
1139,64,0.29492,1.3125,0.074219,0.356,22
1139,64,0.30078,1.3398,0.10156,0.356,35
1139,64,0.35156,1.3574,0.097656,0.356,48
1139,64,0.40332,1.374,0.091797,0.356,45
1139,64,0.36621,1.4072,0.1709,0.356,30
1139,64,0.31152,2.4355,-0.41113,0.356,7
1139,64,0.15723,1.2432,-0.12891,0.71201,6
1139,64,0.16113,1.2783,0.012695,0.71201,8
1139,64,0.24707,1.2891,0.11719,0.71201,8
1139,64,0.25293,1.3125,0.16797,0.71201,7
1139,64,0.25781,1.3389,0.19141,0.71201,11
1139,64,0.30762,1.3535,0.22266,0.71201,16
1139,64,0.3584,1.3584,0.29102,0.71201,17
1139,64,0.36621,1.3574,0.41016,0.71201,13
1139,64,0.03125,0.91211,0.39941,-2.848,8
1139,64,0,0.94531,0.39648,-2.848,9
1139,64,0.033203,0.95117,0.45508,-2.848,8
1139,64,0,0.82227,0.30957,-2.492,7
1139,64,0,0.85254,0.31348,-2.492,9
1139,64,0,0.84277,0.41016,-2.492,9
1139,64,0.060547,0.875,0.40625,-2.492,13
1139,64,0.0625,0.89844,0.42578,-2.492,17
1139,64,0.064453,0.93848,0.40723,-2.492,19
1139,64,0.033203,0.95117,0.45313,-2.492,14
1139,64,0,0.99414,0.43066,-2.492,7
1139,64,0,0.80859,0.34375,-2.136,8
1139,64,0,0.83398,0.3584,-2.136,12
1139,64,0,0.87109,0.34668,-2.136,15
1139,64,0.030273,0.89551,0.3623,-2.136,18
1139,64,0.03125,0.9248,0.36914,-2.136,22
1139,64,0.032227,0.95898,0.36133,-2.136,23
1139,64,0.06543,0.97363,0.39844,-2.136,19
1139,64,0.03418,0.98535,0.44922,-2.136,10
1139,64,0,0.83984,0.3457,-1.78,9
1139,64,0,0.87695,0.33008,-1.78,12
1139,64,0,0.9043,0.34082,-1.78,14
1139,64,0,0.93848,0.33301,-1.78,15
1139,64,0.032227,0.96094,0.35645,-1.78,13
1139,64,0,0.92383,0.28516,-1.424,7
1139,64,0.043945,1.4014,-0.10059,-1.424,11
1139,64,0,1.4346,-0.021484,-1.424,10
1139,64,-0.087891,1.3594,-0.3457,-1.068,17
1139,64,0.3252,2.0254,0.34277,-1.068,7
1139,64,0.26367,2.0313,0.5,-1.068,9
1139,64,0.26758,2.0391,0.58398,-1.068,8
1139,64,-0.29492,0.40234,-1.252,-0.71201,12
1139,64,-0.21484,0.48926,-1.2686,-0.71201,23
1139,64,-0.21973,0,-1.4043,-0.71201,28
1139,64,-0.22461,0.5166,1.3203,-0.71201,23
1139,64,-0.22852,0.77734,1.2197,-0.71201,12
1139,64,0.26367,1.9287,0.81152,-0.71201,9
1139,64,0.33398,1.8691,0.9834,-0.71201,8
1139,64,0.15332,1.2021,-0.21191,-0.356,8
1139,64,0.23633,1.2217,-0.19727,-0.356,14
1140,64,0.19727,1.2295,-0.18652,0,8
1140,64,0.28223,1.2441,-0.18066,0,12
1140,64,0,1.2266,0.48242,0,22
1140,64,0.083984,1.3115,0.2959,0,41
1140,64,0.12891,1.3438,0.26855,0,53
1140,64,0.087891,1.374,0.28516,0,46
1140,64,0.13477,1.375,0.38965,0,29
1140,64,0.045898,1.3086,0.65527,0,13
1140,64,-0.027344,0.87793,-0.020508,0.356,8
1140,64,0,0.90723,-0.024414,0.356,11
1140,64,-0.029297,0.93652,-0.0048828,0.356,12
1140,64,0,0.96582,-0.021484,0.356,8
1140,64,0,1.2139,-0.43359,0.356,26
1140,64,0.041016,1.3164,-0.056641,0.356,34
1140,64,0.12598,1.3213,0.22852,0.356,43
1140,64,0.21484,1.3408,0.22656,0.356,57
1140,64,0.30762,1.3643,0.14453,0.356,69
1140,64,0.3584,1.3877,0.077148,0.356,68
1140,64,0.41211,1.4053,0.016602,0.356,54
1140,64,0.4668,1.4189,-0.021484,0.356,34
1140,64,0,0.84863,-0.022461,0.71201,6
1140,64,0,0.87793,0.021484,0.71201,13
1140,64,0,0.9082,0.0078125,0.71201,19
1140,64,0,0.9375,0.0097656,0.71201,18
1140,64,0,0.9668,0,0.71201,12
1140,64,0.21484,1.3174,0.33789,0.71201,14
1140,64,0.26367,1.3633,0.22168,0.71201,18
1140,64,0.3584,1.3828,0.13965,0.71201,20
1140,64,0.36621,1.418,0.029297,0.71201,17
1140,64,-0.080078,0.83691,-0.12109,1.068,7
1140,64,-0.082031,0.875,0.0048828,1.068,10
1140,64,-0.084961,0.90332,-0.036133,1.068,11
1140,64,-0.058594,0.93555,0.0097656,1.068,9
1140,64,-0.077148,0.80566,-0.12988,1.424,8
1140,64,-0.080078,0.84277,-0.069336,1.424,16
1140,64,-0.054688,0.87305,-0.085938,1.424,23
1140,64,-0.056641,0.90332,-0.072266,1.424,23
1140,64,-0.087891,0.92969,-0.077148,1.424,16
1140,64,0,0.96484,-0.060547,1.424,8
1140,64,-0.10254,0.80859,-0.088867,1.78,8
1140,64,-0.080078,0.83984,-0.097656,1.78,17
1140,64,-0.054688,0.86816,-0.12109,1.78,25
1140,64,-0.056641,0.89746,-0.12598,1.78,25
1140,64,-0.058594,0.92285,-0.15234,1.78,18
1140,64,-0.09082,0.94043,-0.20215,1.78,8
1140,64,-0.052734,0.83594,-0.13965,2.136,9
1140,64,-0.082031,0.86719,-0.11816,2.136,14
1140,64,-0.084961,0.8916,-0.14648,2.136,16
1140,64,-0.087891,0.92383,-0.13184,2.136,13
1140,64,-0.09082,0.93848,-0.21387,2.136,8
1140,64,0.17188,1.3623,0.092773,-1.068,7
1140,64,0.21973,1.3857,0.087891,-1.068,7
1140,64,-0.040039,1.1758,0.52539,-0.71201,15
1140,64,0,1.2588,0.38867,-0.71201,27
1140,64,0.083984,1.3213,0.25195,-0.71201,41
1140,64,0.12891,1.3594,0.17188,-0.71201,50
1140,64,0.17578,1.3877,0.1416,-0.71201,47
1140,64,0.22461,1.4141,0.10059,-0.71201,32
1140,64,0.22852,1.4453,0.066406,-0.71201,17
1140,64,-0.11816,0.79004,0.97363,-0.356,17
1140,64,-0.080078,1.1592,0.55762,-0.356,39
1140,64,0,1.2637,0.375,-0.356,72
1140,64,0.083984,1.3203,0.25195,-0.356,113
1140,64,0.17188,1.3535,0.18555,-0.356,143
1141,64,0.038086,1.2275,-0.072266,0,11
1141,64,0.079102,1.2568,-0.00097656,0,33
1141,64,0.080078,1.2861,-0.022461,0,56
1141,64,0.082031,1.3154,-0.0019531,0,64
1141,64,0.16797,1.3359,0.042969,0,51
1141,64,0.17188,1.3652,0.044922,0,39
1141,64,0.17578,1.3945,0.021484,0,39
1141,64,0.13477,1.4277,-0.058594,0,39
1141,64,0.091797,1.4521,-0.16992,0,30
1141,64,0.09375,1.457,-0.31348,0,17
1141,64,-0.077148,1.2012,0.25586,0.356,16
1141,64,-0.039063,1.2344,0.24707,0.356,49
1141,64,-0.040039,1.2773,0.16895,0.356,89
1141,64,-0.041016,1.3145,0.092773,0.356,110
1141,64,-0.041992,1.3457,0.041992,0.356,92
1141,64,-0.085938,1.373,0.05957,0.356,54
1141,64,0.35156,1.3574,0.10156,0.356,26
1141,64,0.44824,1.3252,-0.31836,0.356,26
1141,64,0.45801,1.333,-0.39648,0.356,31
1141,64,0.41992,1.3711,-0.41797,0.356,26
1141,64,0,1.2305,0.017578,0.71201,10
1141,64,0,1.2578,0.067383,0.71201,27
1141,64,0,1.2881,0.022461,0.71201,47
1141,64,0,1.3184,0.0097656,0.71201,56
1141,64,-0.041992,1.3467,0.017578,0.71201,48
1141,64,-0.042969,1.376,0,0.71201,28
1141,64,0,2.2256,0.032227,0.71201,10
1141,64,0.070313,2.2539,0.042969,0.71201,11
1141,64,0,2.1953,0.086914,1.068,9
1141,64,0,2.2246,0.064453,1.068,13
1141,64,0.070313,2.2539,0.020508,1.068,14
1141,64,0,2.2842,0,1.068,10
1141,64,0,2.2256,0.03418,1.424,9
1141,64,0,2.2539,-0.079102,1.424,9
1141,64,0,2.2842,0,1.424,6
1141,64,0,1.0215,-0.44238,2.136,6
1141,64,0,1.0723,-0.39453,2.136,6
1141,64,0,1.0352,-0.32031,2.492,7
1141,64,0,1.0654,-0.32227,2.492,8
1141,64,0,1.0664,-0.40918,2.492,7
1141,64,0.20117,1.2715,-0.051758,-1.068,6
1141,64,0.20605,1.3018,-0.0058594,-1.068,7
1141,64,0.21094,1.3281,-0.089844,-1.068,6
1141,64,0.15332,1.2197,-0.042969,-0.71201,7
1141,64,0.19727,1.2441,0.021484,-0.71201,19
1141,64,0.24121,1.2646,0.050781,-0.71201,31
1141,64,0.24707,1.293,0.055664,-0.71201,36
1141,64,0.29492,1.3115,0.092773,-0.71201,34
1141,64,0.30078,1.3398,0.091797,-0.71201,30
1141,64,0.26367,1.3799,-0.052734,-0.71201,34
1141,64,0.22461,1.4092,-0.15234,-0.71201,36
1141,64,0.18262,1.4355,-0.22266,-0.71201,29
1141,64,0.13965,1.4619,-0.27441,-0.71201,17
1141,64,0.19238,1.2148,0.024414,-0.356,25
1141,64,0.19727,1.2422,0.056641,-0.356,64
1141,64,0.24121,1.2646,0.06543,-0.356,106
1141,64,0.24707,1.292,0.083984,-0.356,125
1141,64,0.25293,1.3174,0.12305,-0.356,111
1141,64,0.30078,1.335,0.14453,-0.356,93
1141,64,0.26367,1.3799,0.045898,-0.356,85
1141,64,0.22461,1.4141,-0.10059,-0.356,81
1141,64,0.22852,1.4307,-0.21289,-0.356,61
1141,64,0.2334,1.4404,-0.31738,-0.356,34
1141,64,0.23047,1.2061,0.068359,0.356,10
1142,64,0,1.2588,-0.049805,0,18
1142,64,0.040039,1.2852,-0.085938,0,54
1142,64,0.082031,1.3125,-0.091797,0,103
1142,64,0.083984,1.3389,-0.12012,0,138
1142,64,0.085938,1.3643,-0.15918,0,135
1142,64,0.087891,1.3887,-0.2041,0,93
1142,64,0.089844,1.4111,-0.24707,0,45
1142,64,0.1377,1.4355,-0.25586,0,15
1142,64,0.079102,1.2266,0.27344,0.356,16
1142,64,0.040039,1.2871,0.036133,0.356,62
1142,64,0.041016,1.3154,-0.068359,0.356,138
1142,64,0.041992,1.3398,-0.13281,0.356,210
1142,64,0.042969,1.3662,-0.16699,0.356,227
1142,64,0.087891,1.3936,-0.16699,0.356,180
1142,64,0.089844,1.4209,-0.18359,0.356,107
1142,64,0.091797,1.4521,-0.16895,0.356,46
1142,64,1.8154,0.43457,-0.16504,0.356,8
1142,64,1.1895,0,1.6621,0.356,7
1142,64,0,1.167,-0.38965,0.71201,10
1142,64,0,1.2158,-0.32813,0.71201,30
1142,64,0,1.2568,-0.28418,0.71201,55
1142,64,0,1.2939,-0.25293,0.71201,66
1142,64,0,1.334,-0.18652,0.71201,59
1142,64,0,1.3711,-0.12305,0.71201,53
1142,64,0.043945,1.4014,-0.1084,0.71201,51
1142,64,0.089844,1.4287,-0.10449,0.71201,36
1142,64,0.091797,1.459,-0.09082,0.71201,16
1142,64,0,1.2041,-0.25195,1.068,7
1142,64,0,1.2373,-0.2334,1.068,27
1142,64,0,1.2725,-0.20313,1.068,60
1142,64,0,1.3008,-0.21094,1.068,85
1142,64,0,1.3301,-0.2168,1.068,84
1142,64,0,1.3584,-0.2207,1.068,59
1142,64,0.043945,1.3867,-0.22852,1.068,29
1142,64,0,1.4043,-0.29395,1.068,9
1142,64,0,1.2363,-0.24023,1.424,11
1142,64,0,1.2656,-0.24121,1.424,15
1142,64,0,1.3047,-0.1875,1.424,15
1142,64,0,1.3271,-0.23047,1.424,11
1142,64,0,1.2373,-0.23535,1.78,8
1142,64,0,1.2617,-0.26367,1.78,10
1142,64,0,1.2744,-0.33691,1.78,9
1142,64,0,1.29,-0.39063,1.78,7
1142,64,0,1.1953,-0.48242,-0.71201,6
1142,64,0.3291,1.2051,0.41992,-0.71201,8
1142,64,0.33691,1.2275,0.44141,-0.71201,10
1142,64,0.43066,1.25,0.38574,-0.71201,9
1142,64,0,1.3232,-0.47559,-0.71201,9
1142,64,0.089844,1.418,-0.2002,-0.71201,10
1142,64,0.11523,1.2188,-0.11719,-0.356,9
1142,64,0.039063,1.2383,-0.22754,-0.356,14
1142,64,0,1.2119,-0.43945,-0.356,17
1142,64,0.37109,1.1924,0.42188,-0.356,27
1142,64,0.37891,1.2061,0.46582,-0.356,32
1142,64,-0.042969,1.1875,-0.69531,-0.356,31
1142,64,0,1.3164,-0.49414,-0.356,31
1142,64,0.089844,1.4209,-0.17969,-0.356,31
1142,64,0.091797,1.4443,0.22168,-0.356,24
1142,64,-0.45801,0.35156,1.3457,0,8
1142,64,1.1719,0,1.6826,0.356,7
1142,64,1.8447,0.34082,-0.32715,0.356,7
1142,64,-0.53516,0.79297,0.90625,1.78,5
1142,64,-0.54688,0.70215,1.0107,1.78,4
1142,64,0.32227,1.2178,0.27148,-0.71201,4
1143,50,0,1.2461,0.18555,0,4
1143,50,0.080078,1.2852,0.043945,0,16
1143,50,0.082031,1.3135,-0.064453,0,46
1143,50,0.083984,1.3389,-0.12109,0,90
1143,50,0.042969,1.3643,-0.18066,0,127
1143,50,0.043945,1.3887,-0.21387,0,133
1143,50,0.089844,1.4131,-0.23535,0,107
1143,50,0.091797,1.4395,-0.25586,0,63
1143,50,0.09375,1.4629,-0.28906,0,26
1143,50,0.094727,1.4883,-0.30957,0,9
1143,50,0.15723,1.2295,-0.22266,0.356,9
1143,50,0.040039,1.2793,-0.15137,0.356,36
1143,50,0.041016,1.3105,-0.12891,0.356,105
1143,50,0.083984,1.3389,-0.12598,0.356,203
1143,50,0.085938,1.3662,-0.14258,0.356,286
1143,50,0.043945,1.3945,-0.1748,0.356,299
1143,50,0.089844,1.418,-0.19922,0.356,244
1143,50,0.091797,1.4395,-0.25195,0.356,148
1143,50,0.09375,1.4561,-0.32129,0.356,65
1143,50,0.094727,1.457,-0.43457,0.356,20
1143,50,0.040039,1.2842,-0.10254,0.71201,15
1143,50,0.041016,1.3145,-0.09082,0.71201,48
1143,50,0.041992,1.3418,-0.1123,0.71201,99
1143,50,0.042969,1.3691,-0.1377,0.71201,144
1143,50,0.043945,1.3955,-0.16602,0.71201,157
1143,50,0.089844,1.4189,-0.19238,0.71201,130
1143,50,0.091797,1.4414,-0.24121,0.71201,82
1143,50,0.09375,1.458,-0.31055,0.71201,37
1143,50,0.047852,1.4805,-0.35449,0.71201,12
1143,50,0,1.3477,-0.28027,1.068,13
1143,50,0,1.3564,-0.36816,1.068,16
1143,50,0,1.3779,-0.40137,1.068,14
1143,50,0,1.3867,-0.47168,1.068,10
1143,50,0.12402,1.0615,0.77148,-0.71201,9
1143,50,0.16797,1.2383,0.50293,-0.71201,13
1143,50,0.085938,1.3652,-0.15625,-0.71201,13
1143,50,0.087891,1.3994,-0.1084,-0.71201,12
1143,50,0.089844,1.4209,-0.17969,-0.71201,10
1143,50,0.12109,0.91992,0.89453,-0.356,13
1143,50,0.12402,1.1221,0.68066,-0.356,30
1143,50,0.12598,1.2725,0.42383,-0.356,41
1143,50,0.12891,1.3701,0.0068359,-0.356,43
1143,50,0.13184,1.3984,-0.066406,-0.356,41
1143,50,0.13477,1.4229,-0.12598,-0.356,32
1143,50,0.1377,1.4033,-0.39551,-0.356,22
1143,50,-0.45801,0.66211,1.2236,0,32
1143,50,-0.51367,0.74512,1.1885,0,14
1143,50,-0.47559,0.8418,1.1768,0,5
1143,50,-0.4668,0.67578,1.248,0.356,33
1143,50,-0.51367,0.67578,1.2285,0.71201,19
1144,32,0,1.29,-0.26953,0,5
1144,32,0.041992,1.3281,-0.22461,0,17
1144,32,0.042969,1.3535,-0.24609,0,33
1144,32,0.043945,1.377,-0.2793,0,44
1144,32,0.044922,1.4082,-0.27148,0,42
1144,32,0.045898,1.4316,-0.30566,0,28
1144,32,0.046875,1.4473,-0.36816,0,13
1144,32,0.12109,1.2363,0.3418,0.356,10
1144,32,0.041016,1.0889,0.74121,0.356,14
1144,32,0,1.2725,-0.44141,0.356,31
1144,32,0.042969,1.3584,-0.21875,0.356,69
1144,32,0.043945,1.3965,-0.15918,0.356,100
1144,32,0.044922,1.4297,-0.11719,0.356,102
1144,32,0.045898,1.4609,-0.084961,0.356,72
1144,32,0.046875,1.4922,-0.046875,0.356,35
1144,32,0.041992,1.3184,-0.27344,0.71201,12
1144,32,0.042969,1.3682,-0.14941,0.71201,26
1144,32,0.043945,1.4014,-0.10645,0.71201,37
1144,32,0.044922,1.4316,-0.082031,0.71201,37
1144,32,0.045898,1.4629,-0.05957,0.71201,25
1144,32,0.046875,1.4932,-0.03125,0.71201,12
1144,32,0.12109,1.2363,0.3418,-0.356,10
1144,32,0.082031,1.2559,0.3916,-0.356,13
1144,32,0.041992,1.1133,0.75781,-0.356,9
1144,32,0.042969,1.3096,-0.42188,-0.356,11
1144,32,0.087891,1.4023,-0.029297,-0.356,24
1144,32,0.089844,1.4277,0.11328,-0.356,29
1144,32,0.64941,1.9746,0.046875,-0.356,8
1144,32,0.59277,2.0107,0.22656,-0.356,7
1144,32,-0.51367,0.48145,1.3174,0,7
1144,32,-0.06543,0.57813,-1.9961,-0.356,5
1144,32,-0.19727,1.084,-1.7979,-0.356,4
1171,10,0.28809,1.1992,0.46484,0.356,8
1171,10,0.34375,1.3311,-0.070313,0.356,8
1171,10,0.43945,1.334,-0.056641,0.356,16
1171,10,0.40332,1.376,-0.048828,0.356,18
1171,10,0.41211,1.3975,-0.14453,0.356,15
1171,10,0.3291,1.2119,0.39844,-0.356,7
1171,10,0.39551,1.3428,-0.12598,-0.356,13
1171,10,0.40332,1.3662,-0.17383,-0.356,15
1171,10,0.45801,1.3789,-0.18262,-0.356,13
1171,10,-0.091797,0.59961,1.333,-0.356,7
1172,13,0.24121,1.2656,0.016602,0.356,9
1172,13,0.24707,1.2891,0.12402,0.356,10
1172,13,0.29492,1.3125,0.069336,0.356,9
1172,13,0.30078,1.3359,-0.14063,0.356,8
1172,13,1.3955,0,1.7422,0.356,8
1172,13,1.4756,0,1.7744,0.356,7
1172,13,0.24121,1.2656,-0.029297,-0.356,7
1172,13,0.28809,1.2861,0.014648,-0.356,8
1172,13,0.25293,1.3193,-0.10742,-0.356,7
1172,13,1.373,0,1.7568,-0.356,5
1172,13,1.4512,0,1.6836,-0.356,7
1172,13,1.4756,0,1.498,-0.356,6
1172,13,0.60449,1.124,1.208,-0.356,3
1173,2,1.3955,0,1.7588,0.356,6
1173,2,0.50293,0.91211,1.4512,0.356,4
1174,1,0.30762,1.3564,0.20801,0.356,8
1179,6,0,1.2764,0.3291,0.356,6
1179,6,0.040039,1.2471,0.32129,-0.356,7
1179,6,0.041016,1.2734,0.33594,-0.356,10
1179,6,0,1.2773,0.42773,-0.356,9
1179,6,0,1.3076,0.43066,-0.356,8
1179,6,-0.44336,0.90332,-0.80469,-0.356,4
1180,32,0.038086,1.1553,0.41992,0,8
1180,32,0.039063,1.1631,0.48242,0,20
1180,32,0.040039,1.1895,0.49414,0,30
1180,32,0.041016,1.2236,0.48926,0,32
1180,32,0,1.2568,0.48535,0,23
1180,32,0,1.2773,0.51465,0,11
1180,32,0,1.3281,0.46094,0,4
1180,32,0.039063,1.1533,0.50488,0.356,7
1180,32,0.080078,1.1104,0.64941,0.356,11
1180,32,0.082031,0.91992,0.94043,0.356,10
1180,32,0.041992,1.3223,-0.25293,0.356,9
1180,32,0.12891,1.3643,0.12695,0.356,17
1180,32,0.087891,1.3711,0.29688,0.356,21
1180,32,0.13477,1.3887,0.33594,0.356,19
1180,32,0.1377,1.4053,0.38867,0.356,12
1180,32,0.043945,1.377,0.28027,0.71201,6
1180,32,0.038086,1.168,0.38477,-0.71201,6
1180,32,0.079102,1.1924,0.39941,-0.71201,16
1180,32,0.040039,1.2266,0.3916,-0.71201,25
1180,32,0.041016,1.2451,0.42871,-0.71201,29
1180,32,0.041992,1.2871,0.39551,-0.71201,24
1180,32,0.042969,1.3193,0.3916,-0.71201,16
1180,32,0.087891,1.375,0.2793,-0.71201,8
1180,32,0.077148,1.1484,0.43359,-0.356,17
1180,32,0.079102,1.1826,0.4248,-0.356,42
1180,32,0.040039,1.2051,0.45508,-0.356,64
1180,32,0.041016,1.2314,0.46777,-0.356,67
1180,32,0.041992,1.2578,0.48047,-0.356,49
1180,32,0.085938,1.3066,0.42383,-0.356,26
1180,32,0.13184,1.3809,0.22949,-0.356,18
1180,32,0.13477,1.4092,0.23535,-0.356,14
1180,32,0.1377,1.4385,0.23535,-0.356,8
1181,64,0.037109,1.0391,0.59961,0,10
1181,64,0,1.0654,0.61523,0,16
1181,64,0,1.1025,0.6084,0,18
1181,64,0,1.0938,0.68066,0,14
1181,64,-0.082031,0.83301,-1.0186,0,7
1181,64,0.16797,1.2617,0.44141,0,8
1181,64,0.17188,1.2842,0.46582,0,11
1181,64,0.13184,1.3135,0.48242,0,8
1181,64,0,1.3896,0.3584,0,7
1181,64,0.091797,1.4404,0.24902,0,11
1181,64,0.09375,1.4707,0.24512,0,10
1181,64,0.14258,1.4834,0.31445,0,6
1181,64,0,1.0469,0.64648,0.356,6
1181,64,-0.079102,0.90234,0.875,0.356,10
1181,64,0.32227,1.2139,0.29102,0.356,16
1181,64,0.28809,1.21,0.43652,0.356,23
1181,64,0.25293,1.251,0.43262,0.356,32
1181,64,0.21484,1.2871,0.43945,0.356,35
1181,64,0.21973,1.334,0.38574,0.356,27
1181,64,0.044922,1.4063,0.28516,0.356,21
1181,64,0.091797,1.4355,0.27441,0.356,28
1181,64,0.13965,1.4492,0.33398,0.356,27
1181,64,0.14258,1.4756,0.35059,0.356,15
1181,64,0.20605,2.0918,0.63672,0.356,10
1181,64,0.20898,2.1357,0.59082,0.356,9
1181,64,0.28809,1.166,0.54297,0.71201,7
1181,64,0.21094,1.2402,0.48145,0.71201,9
1181,64,0.17188,1.2676,0.50781,0.71201,11
1181,64,0.13184,1.2969,0.52637,0.71201,8
1181,64,0.037109,1.1143,0.44531,-2.136,16
1181,64,0.038086,1.1279,0.49023,-2.136,27
1181,64,0.039063,1.1523,0.50781,-2.136,30
1181,64,0.080078,1.166,0.54395,-2.136,25
1181,64,0.082031,1.2236,0.48242,-2.136,14
1181,64,0,1.0654,0.48633,-1.78,9
1181,64,0.037109,1.0986,0.4834,-1.78,25
1181,64,0.077148,1.1152,0.51367,-1.78,43
1181,64,0.079102,1.1338,0.54297,-1.78,49
1181,64,0.040039,1.167,0.5459,-1.78,38
1181,64,0.082031,1.2021,0.5332,-1.78,19
1181,64,0,1.0938,0.41895,-1.424,7
1181,64,0.037109,1.1211,0.42969,-1.424,20
1181,64,0.038086,1.1602,0.40723,-1.424,35
1181,64,0.039063,1.1865,0.4209,-1.424,40
1181,64,0.040039,1.2061,0.45117,-1.424,32
1181,64,0,1.2334,0.46484,-1.424,16
1181,64,0.073242,1.0625,0.48828,-1.068,25
1181,64,0.037109,1.1025,0.47461,-1.068,76
1181,64,0.038086,1.1328,0.47754,-1.068,135
1181,64,0.039063,1.1621,0.48438,-1.068,158
1181,64,0.040039,1.1914,0.49023,-1.068,128
1181,64,0.041016,1.2197,0.49902,-1.068,68
1181,64,0,1.2666,0.45996,-1.068,21
1181,64,0.036133,1.0547,0.50781,-0.71201,22
1181,64,0.037109,1.083,0.5166,-0.71201,69
1181,64,0.038086,1.1172,0.51367,-0.71201,124
1181,64,0.039063,1.1484,0.51465,-0.71201,147
1181,64,0.040039,1.1768,0.52344,-0.71201,120
1181,64,0,1.207,0.52832,-0.71201,66
1181,64,0,1.2275,0.55469,-0.71201,22
1181,64,0,1.0801,0.52539,-0.356,10
1181,64,0,1.1201,0.50879,-0.356,19
1181,64,-0.039063,1.1318,0.55078,-0.356,26
1181,64,0,1.1289,0.62207,-0.356,25
1182,64,-0.4834,0.41113,-1.2549,0,9
1182,64,0.044922,1.415,-0.23242,0,9
1182,64,0.23633,1.2314,0.11621,0.356,16
1182,64,0.24121,1.2588,0.13379,0.356,33
1182,64,0.24707,1.2891,0.12012,0.356,44
1182,64,0.25293,1.3223,0.054688,0.356,41
1182,64,0.17188,1.3652,-0.02832,0.356,30
1182,64,0.043945,1.4043,-0.039063,0.356,25
1182,64,0,1.4355,-0.0068359,0.356,21
1182,64,0.20117,1.2598,0.18066,0.71201,9
1182,64,0.24707,1.2861,0.14941,0.71201,13
1182,64,0.21094,1.3242,0.13184,0.71201,12
1182,64,0.12891,1.3652,0.11719,0.71201,10
1182,64,0.043945,1.4053,0.017578,0.71201,9
1182,64,0,0.91895,0.38379,-3.204,8
1182,64,0.032227,0.94824,0.3877,-3.204,8
1182,64,0,0.88672,0.38379,-2.848,6
1182,64,0.03125,0.88965,0.44629,-2.848,9
1182,64,0.032227,0.93359,0.42285,-2.848,10
1182,64,0.033203,0.96973,0.41211,-2.848,11
1182,64,0.067383,1.002,0.40625,-2.848,11
1182,64,0.069336,1.0537,0.35254,-2.848,8
1182,64,0.064453,0.93555,0.41406,-2.492,11
1182,64,0.06543,0.96289,0.42383,-2.492,21
1182,64,0.067383,0.99219,0.43164,-2.492,27
1182,64,0.069336,1.0166,0.44824,-2.492,23
1182,64,0.036133,1.0693,0.40039,-2.492,13
1182,64,0.064453,0.93262,0.4209,-2.136,12
1182,64,0.06543,0.94141,0.46973,-2.136,23
1182,64,0.067383,0.98242,0.45313,-2.136,30
1182,64,0.069336,1.0098,0.46289,-2.136,27
1182,64,0.036133,1.0391,0.47266,-2.136,16
1182,64,0,1.4199,1.4785,-2.136,8
1182,64,0,1.6602,1.2529,-2.136,9
1182,64,0,0.94043,0.40723,-1.78,6
1182,64,0,0.95313,0.45117,-1.78,10
1182,64,0,0.96484,0.49316,-1.78,13
1182,64,0.069336,1.0078,0.46777,-1.78,13
1182,64,0,1.043,0.4668,-1.78,8
1182,64,0,1.3564,0.46875,-1.424,6
1182,64,0.091797,1.416,0.36035,-1.424,6
1182,64,0.20117,1.2725,-0.0048828,-0.71201,8
1182,64,0.12402,1.3115,0.052734,-0.71201,10
1182,64,0.12598,1.3418,-0.0058594,-0.71201,9
1182,64,0,1.3662,0.43848,-0.71201,13
1182,64,0,1.3672,0.52441,-0.71201,13
1182,64,0,1.4189,0.46777,-0.71201,11
1182,64,0.27539,1.2285,0.019531,-0.356,12
1182,64,0.24121,1.2637,0.073242,-0.356,26
1182,64,0.20605,1.2998,0.078125,-0.356,36
1182,64,0.21094,1.3301,0.040039,-0.356,35
1182,64,0.17188,1.3652,-0.025391,-0.356,23
1182,64,0.3584,1.0459,0.91504,-0.356,12
1182,64,0.74707,0.41016,-1.1182,0,7
1182,64,-0.53809,0.44727,-1.2529,0,8
1182,64,-0.38672,0.36523,-1.2695,0.356,16
1182,64,-0.4834,0.49902,-1.2227,0.356,17
1182,64,-0.49316,0.60254,-1.2051,0.356,15
1182,64,-0.43066,0.44336,-1.2305,0.71201,6
1182,64,-0.52734,0.32617,-1.2617,0.71201,7
1182,64,-0.64063,1.4668,-1.2813,-2.136,5
1182,64,-0.44824,0,-1.3672,-1.424,6
1182,64,-0.45801,0.37598,-1.3389,-1.424,6
1182,64,-0.37891,0,1.334,-0.71201,6
1183,64,-0.098633,0.78418,0.020508,0,7
1183,64,-0.077148,0.81445,0.05957,0,14
1183,64,-0.080078,0.8457,0.016602,0,17
1183,64,-0.082031,0.875,-0.010742,0,13
1183,64,0.02832,0.87207,0.25195,0,7
1183,64,0,0.89551,0.27637,0,11
1183,64,0,0.93555,0.24121,0,14
1183,64,-0.28809,0.77637,1.0254,0,26
1183,64,-0.25293,1.0059,0.85938,0,35
1183,64,-0.25781,1.1025,0.7832,0,32
1183,64,-0.21973,1.2119,0.67773,0,21
1183,64,0,1.4141,0.24316,0,13
1183,64,-0.071289,0.75391,0.082031,0.356,5
1183,64,-0.074219,0.7832,0.077148,0.356,19
1183,64,-0.077148,0.81348,0.073242,0.356,38
1183,64,-0.080078,0.84277,0.067383,0.356,52
1183,64,-0.082031,0.87207,0.06543,0.356,50
1183,64,-0.056641,0.90332,0.068359,0.356,36
1183,64,-0.058594,0.93262,0.075195,0.356,20
1183,64,0,1.2949,0.37109,0.356,11
1183,64,0,1.3672,0.16016,0.356,15
1183,64,0.043945,1.4053,-0.026367,0.356,15
1183,64,-0.074219,0.7832,0.077148,0.71201,14
1183,64,-0.077148,0.8125,0.083984,0.71201,31
1183,64,-0.080078,0.8418,0.081055,0.71201,47
1183,64,-0.082031,0.87109,0.084961,0.71201,49
1183,64,-0.084961,0.90137,0.070313,0.71201,37
1183,64,-0.058594,0.93164,0.087891,0.71201,20
1183,64,-0.10254,0.80859,0.088867,1.068,8
1183,64,-0.080078,0.83984,0.095703,1.068,13
1183,64,-0.10938,0.86816,0.081055,1.068,15
1183,64,-0.084961,0.90137,0.063477,1.068,12
1183,64,0,0.83984,0.125,-0.71201,7
1183,64,0.027344,0.8584,0.18457,-0.71201,16
1183,64,0,0.89258,0.16797,-0.71201,22
1183,64,0,0.92578,0.14551,-0.71201,22
1183,64,0,0.9541,0.15625,-0.71201,16
1183,64,0,0.9873,0.12598,-0.71201,10
1183,64,-0.20605,0.91406,0.92676,-0.71201,34
1183,64,-0.16797,1.1768,0.63379,-0.71201,48
1183,64,-0.17188,1.2822,0.4707,-0.71201,46
1183,64,-0.13184,1.3574,0.34277,-0.71201,35
1183,64,0,1.4238,0.18066,-0.71201,19
1183,64,0,0.84668,0.23438,-0.356,14
1183,64,0,0.88574,0.19727,-0.356,25
1183,64,0,0.91895,0.18262,-0.356,31
1183,64,0,0.9541,0.1543,-0.356,31
1183,64,0,0.98242,0.16309,-0.356,23
1183,64,-0.24707,0.85449,0.97266,-0.356,59
1183,64,-0.21094,1.0742,0.78613,-0.356,78
1183,64,-0.21484,1.1816,0.67285,-0.356,69
1183,64,-0.13184,1.334,0.42383,-0.356,44
1183,64,0.089844,1.4326,0,-0.356,31
1183,64,-0.25488,0.74805,-0.44727,0,4
1183,64,0.3291,0.77246,-1.0156,0,20
1183,64,0.33691,0.76367,-1.0576,0,22
1183,64,0.34375,0.91113,-0.97266,0,17
1183,64,-0.3584,0.83398,1.1113,0,9
1183,64,0.25293,1.3145,-0.1543,0.356,9
1183,64,-0.47363,0.38184,-1.2354,0.356,8
1183,64,0.3291,0.19531,-1.2607,-0.71201,23
1183,64,0.33691,0.66113,-1.125,-0.71201,25
1183,64,0.3291,0.77344,1.0156,-0.356,48
1183,64,0.33691,0.79102,-1.0371,-0.356,51
1184,63,0,1.2529,-0.12891,0,7
1184,63,0,1.2842,-0.10352,0,13
1184,63,0,1.3164,-0.057617,0,15
1184,63,0,1.3467,0.032227,0,11
1184,63,0,1.373,0.095703,0,6
1184,63,0.043945,1.4053,-0.033203,0,16
1184,63,0.044922,1.4346,0,0,19
1184,63,0.091797,1.458,-0.099609,0,14
1184,63,0.046875,1.4736,-0.24023,0,8
1184,63,0.14453,2.3086,0.052734,0,5
1184,63,1.1719,0,2.3428,0,7
1184,63,1.1123,0,-2.3193,0,6
1184,63,0.23633,1.21,-0.25586,0.356,9
1184,63,0.20117,1.2656,-0.13281,0.356,16
1184,63,0.16504,1.2363,0.42578,0.356,24
1184,63,0.12598,1.2969,0.3418,0.356,34
1184,63,0.085938,1.3574,0.21094,0.356,39
1184,63,0.043945,1.4053,0.020508,0.356,34
1184,63,0.044922,1.376,-0.40625,0.356,23
1184,63,0.41211,1.4053,-0.022461,0.356,13
1184,63,1.085,0,-2.1494,0.356,11
1184,63,1.0254,0,-2.2168,0.356,12
1184,63,1.1123,0,-2.3691,0.356,11
1184,63,0.16797,1.1543,0.67383,0.71201,10
1184,63,0.085938,1.3447,0.2793,0.71201,13
1184,63,0.087891,1.4023,-0.055664,0.71201,14
1184,63,0,1.0078,-0.1875,1.78,6
1184,63,-0.06543,1.0049,-0.31348,1.78,6
1184,63,-0.064453,0.98242,-0.28711,2.136,6
1184,63,0,1.0273,-0.23828,2.136,6
1184,63,0.16113,1.2754,0.092773,-0.71201,9
1184,63,0.12402,1.3086,0.095703,-0.71201,13
1184,63,0.083984,1.3389,0.12793,-0.71201,14
1184,63,0.042969,1.376,0.030273,-0.71201,11
1184,63,0.043945,1.4053,0,-0.71201,11
1184,63,0.089844,1.4326,-0.022461,-0.71201,15
1184,63,0.1377,1.4551,-0.094727,-0.71201,17
1184,63,0.13965,1.4795,-0.14844,-0.71201,16
1184,63,0.19043,1.501,-0.17383,-0.71201,12
1184,63,0.15723,1.249,0.026367,-0.356,15
1184,63,0.16113,1.2754,0.095703,-0.356,31
1184,63,0.12402,1.3066,0.11621,-0.356,45
1184,63,0.083984,1.3389,0.12793,-0.356,48
1184,63,0.085938,1.3682,0.12305,-0.356,37
1184,63,0.043945,1.4023,0.09375,-0.356,24
1184,63,0.089844,1.4092,0.25781,-0.356,24
1184,63,0.091797,1.4082,0.39258,-0.356,22
1184,63,0.81738,0,-1.2598,0,4
1184,63,0.94043,0,-2.1689,0,5
1184,63,0.14648,2.3389,-0.022461,0,6
1184,63,-0.22266,2.2861,0.59277,0,4
1184,63,-0.19727,1.2031,0.31543,0.356,8
1184,63,-0.24121,1.1699,-0.4834,0.356,12
1184,63,-0.28809,0.8291,-0.9834,0.356,18
1184,63,-0.37891,0.63379,-1.127,0.356,21
1184,63,-0.43066,0.51563,-1.2021,0.356,21
1184,63,0.49316,1.3477,0.024414,0.356,14
1184,63,0.072266,2.3125,0.029297,0.356,9
1184,63,0.073242,2.3408,0.083008,0.356,10
1184,63,0,2.3477,0.33984,0.356,8
1184,63,-0.37891,0.56738,-1.1621,0.71201,9
1184,63,-0.43066,0,-1.3213,0.71201,9
1184,63,-0.52734,0,-1.4063,0.71201,8
1185,54,0,1.2295,0.048828,0,7
1185,54,0.039063,1.2588,-0.03418,0,32
1185,54,0.040039,1.2871,-0.047852,0,71
1185,54,0.082031,1.3154,-0.033203,0,105
1185,54,0.041992,1.3447,-0.0625,0,108
1185,54,0.085938,1.3721,-0.078125,0,82
1185,54,0.087891,1.3975,-0.12207,0,53
1185,54,0.13477,1.4209,-0.15039,0,44
1185,54,0.18262,1.4443,-0.16016,0,34
1185,54,0.13965,1.4775,-0.1709,0,19
1185,54,0.094727,1.5107,-0.16699,0,7
1185,54,0,1.2109,0.21484,0.356,14
1185,54,0,1.2461,0.18359,0.356,55
1185,54,0.040039,1.2842,0.099609,0.356,122
1185,54,0.041016,1.3164,0.049805,0.356,178
1185,54,0.041992,1.3467,0.0087891,0.356,186
1185,54,0.042969,1.375,-0.045898,0.356,137
1185,54,0.043945,1.4004,-0.1123,0.356,75
1185,54,0.044922,1.4238,-0.17773,0.356,30
1185,54,0,1.3906,-0.45801,0.356,11
1185,54,0,1.2529,0.12891,0.71201,25
1185,54,0,1.2861,0.079102,0.71201,57
1185,54,0,1.3174,0.044922,0.71201,84
1185,54,0,1.3467,0.023438,0.71201,87
1185,54,0.042969,1.376,-0.019531,0.71201,65
1185,54,0.043945,1.4033,-0.06543,0.71201,34
1185,54,0.044922,1.4326,-0.076172,0.71201,12
1185,54,0,1.1631,-0.2998,1.78,7
1185,54,0,1.1758,-0.36035,1.78,8
1185,54,0,1.2275,-0.28125,1.78,8
1185,54,0.16504,1.3057,0.078125,-1.068,8
1185,54,0.19727,1.2422,0.070313,-0.71201,18
1185,54,0.20117,1.2695,0.085938,-0.71201,33
1185,54,0.20605,1.2998,0.075195,-0.71201,41
1185,54,0.21094,1.3252,0.12598,-0.71201,34
1185,54,0.25781,1.3389,0.18848,-0.71201,13
1185,54,0.087891,1.375,-0.2793,-0.71201,18
1185,54,0.17969,1.4053,-0.23145,-0.71201,30
1185,54,0.1377,1.4307,-0.28223,-0.71201,26
1185,54,0.13965,1.4639,-0.26074,-0.71201,14
1185,54,0.19238,1.2129,0.078125,-0.356,20
1185,54,0.19727,1.2402,0.095703,-0.356,60
1185,54,0.20117,1.2686,0.10156,-0.356,111
1185,54,0.20605,1.2969,0.11523,-0.356,139
1185,54,0.21094,1.3232,0.13867,-0.356,117
1185,54,0.25781,1.3389,0.18848,-0.356,57
1185,54,0.13184,1.3779,-0.24707,-0.356,29
1185,54,0.13477,1.4092,-0.23633,-0.356,59
1185,54,0.1377,1.4395,-0.2334,-0.356,56
1185,54,0.13965,1.458,-0.29102,-0.356,34
1185,54,0.094727,1.4541,-0.44434,-0.356,12
1185,54,-0.42871,0.65039,1.3086,0,4
1185,54,0.50293,1.2539,-0.56543,0.356,8
1185,54,-0.41992,0.75879,1.2168,-0.71201,8
1186,52,-0.16113,1.1836,-0.48438,0,5
1186,52,0,1.2686,-0.35938,0,14
1186,52,0,1.3076,-0.3252,0,30
1186,52,0.085938,1.3525,-0.24219,0,45
1186,52,0.087891,1.3828,-0.23926,0,45
1186,52,0.089844,1.4102,-0.25391,0,33
1186,52,0.091797,1.4424,-0.2373,0,17
1186,52,0.046875,1.4639,-0.29492,0,6
1186,52,0.11816,1.2539,0.019531,0.356,14
1186,52,0.040039,1.2842,-0.10254,0.356,30
1186,52,0.041016,1.3105,-0.13184,0.356,64
1186,52,0.041992,1.3359,-0.1709,0.356,103
1186,52,0.085938,1.3623,-0.18066,0.356,129
1186,52,0.087891,1.3896,-0.19629,0.356,123
1186,52,0.089844,1.415,-0.22363,0.356,91
1186,52,0.091797,1.4414,-0.24414,0.356,50
1186,52,0.046875,1.4385,-0.39941,0.356,19
1186,52,0,1.2314,-0.26465,0.71201,7
1186,52,0,1.2656,-0.24121,0.71201,25
1186,52,0,1.2988,-0.22168,0.71201,57
1186,52,0,1.3281,-0.22363,0.71201,87
1186,52,0.042969,1.3604,-0.20801,0.71201,99
1186,52,0.043945,1.3887,-0.21387,0.71201,83
1186,52,0.089844,1.418,-0.20117,0.71201,53
1186,52,0.045898,1.4414,-0.25586,0.71201,25
1186,52,0.34082,2.6748,-0.38379,0.71201,9
1186,52,0.34375,2.7119,-0.32715,0.71201,9
1186,52,0,1.2598,-0.27148,1.068,11
1186,52,0,1.291,-0.26758,1.068,24
1186,52,0,1.3164,-0.28809,1.068,36
1186,52,0,1.3438,-0.29883,1.068,37
1186,52,0,1.3682,-0.32227,1.068,28
1186,52,0,1.3936,-0.34473,1.068,15
1186,52,0.042969,1.3301,-0.35352,1.424,7
1186,52,0,1.3613,-0.35156,1.424,7
1186,52,0.082031,1.0615,0.77734,-0.71201,9
1186,52,0.19238,1.2119,-0.089844,-0.356,9
1186,52,0.11816,1.2539,0.016602,-0.356,19
1186,52,0.12109,1.1221,0.62207,-0.356,29
1186,52,0.12402,0.95215,0.90332,-0.356,32
1186,52,0.12598,1.0107,0.88281,-0.356,30
1186,52,0.12891,1.3027,0.4248,-0.356,27
1186,52,0.087891,1.4014,-0.070313,-0.356,26
1186,52,0.089844,1.4121,-0.23828,-0.356,24
1186,52,0.24121,0.92578,0.86328,0,3
1186,52,-0.44824,0.52539,1.2578,0,17
1186,52,-0.50293,0.61426,1.2305,0,9
1186,52,-0.51074,1.2158,2.3838,0.71201,7
1186,52,-0.5166,1.6025,2.1787,0.71201,8
1186,52,-0.53809,0.85254,1.0215,1.068,8
1186,52,-0.5166,0.66895,1.0869,1.424,4
1186,52,-0.52734,0.68262,1.1104,1.424,4
1187,45,0,1.3164,0.06543,0,14
1187,45,0,1.3398,-0.14551,0,26
1187,45,0,1.3408,-0.31055,0,36
1187,45,0,1.3525,-0.38184,0,43
1187,45,0.089844,1.3887,-0.34961,0,45
1187,45,0.045898,1.418,-0.36426,0,36
1187,45,0.046875,1.4404,-0.39258,0,22
1187,45,0.047852,1.4404,-0.49219,0,9
1187,45,0.080078,1.2852,-0.060547,0.356,14
1187,45,0.082031,1.3154,0.0019531,0.356,34
1187,45,0,1.3477,-0.015625,0.356,57
1187,45,0,1.3584,-0.2207,0.356,79
1187,45,0,1.3408,-0.42188,0.356,94
1187,45,0.089844,1.377,-0.39551,0.356,97
1187,45,0.045898,1.3965,-0.43848,0.356,79
1187,45,0.046875,1.4189,-0.46484,0.356,47
1187,45,0.094727,1.4453,-0.47168,0.356,19
1187,45,0,1.3184,-0.018555,0.71201,13
1187,45,0.041992,1.3457,-0.03418,0.71201,27
1187,45,0.042969,1.3604,-0.20898,0.71201,43
1187,45,0.043945,1.3662,-0.3291,0.71201,57
1187,45,0,1.3867,-0.37012,0.71201,61
1187,45,0.045898,1.4189,-0.36035,0.71201,51
1187,45,0.046875,1.4443,-0.37988,0.71201,32
1187,45,0.047852,1.4629,-0.42188,0.71201,14
1187,45,0.40332,1.3691,-0.14746,-0.71201,9
1187,45,0.41211,1.3848,-0.2373,-0.71201,9
1187,45,0.28223,1.2559,0.063477,-0.356,10
1187,45,0.20605,1.3018,0.0078125,-0.356,13
1187,45,0.083984,1.3359,-0.15527,-0.356,13
1187,45,0,1.377,0,-0.356,12
1187,45,0.43945,1.3203,-0.19922,-0.356,19
1187,45,0.40332,1.3711,-0.12988,-0.356,31
1187,45,0.45801,1.3848,-0.12793,-0.356,32
1187,45,0.4668,1.4131,-0.13379,-0.356,23
1187,45,0.42871,1.4521,-0.16895,-0.356,10
1187,45,-0.52344,1.0098,1.0127,0,5
1187,45,0,1.3584,-0.46289,0.356,96
1187,45,-0.51367,0.7793,1.166,0.356,24
1187,45,0.57129,1.3555,0.39453,0.356,10
1187,45,-0.17969,0.60645,-1.2881,-0.71201,5
1187,45,-0.1377,0.65234,1.3037,-0.71201,5
1187,45,-0.13184,1.1143,0.84668,-0.356,12
1187,45,-0.13965,0.4043,1.4307,-0.356,12
1187,45,-0.19043,0.43457,-1.4473,-0.356,6
1188,20,0.042969,1.3477,-0.2793,0,8
1188,20,0,1.3486,-0.39746,0,10
1188,20,0,1.3818,-0.38965,0,11
1188,20,0,1.3936,-0.45117,0,7
1188,20,-0.042969,1.3271,-0.36133,0.356,20
1188,20,0,1.3945,-0.17676,0.356,32
1188,20,0,1.4326,-0.082031,0.356,35
1188,20,0,1.4619,0.091797,0.356,25
1188,20,0,1.4033,-0.087891,0.71201,10
1188,20,0,1.4355,0,0.71201,11
1188,20,0.21094,1.2402,0.48145,-0.356,5
1188,20,0.43066,1.3018,0.12207,-0.356,12
1188,20,0.43945,1.3125,-0.24609,-0.356,19
1188,20,0.44824,1.3311,-0.29492,-0.356,23
1188,20,0.45801,1.3555,-0.31152,-0.356,20
1188,20,0.45801,1.2891,-0.52344,0.356,14
1188,20,-0.085938,1.2197,-0.63281,-0.356,8
1188,20,-0.043945,1.4053,-0.02832,-0.356,16
1188,20,-0.044922,1.3955,0.33398,-0.356,19
1188,20,-0.091797,1.3135,0.6416,-0.356,16
1189,6,0.24707,1.2939,0.052734,0.356,8
1189,6,0.24707,1.2939,0.029297,-0.356,7
1189,6,0.43945,1.3291,-0.12891,-0.356,12
1189,6,0.49316,1.3398,-0.14746,-0.356,14
1189,6,1.3955,0,-1.7656,-0.356,8
1189,6,-0.044922,1,1.0283,-0.356,8
1217,2,0.083984,1.3193,0.25879,-0.356,7
1217,2,0.085938,1.3535,0.23438,-0.356,7
1221,27,0,1.1826,0.5127,0,7
1221,27,0.041016,1.2139,0.5127,0,11
1221,27,0.041992,1.2627,0.46875,0,13
1221,27,0.042969,1.2969,0.45898,0,11
1221,27,0.043945,1.2891,0.55859,0,9
1221,27,0.044922,1.3291,0.53906,0,8
1221,27,0.045898,1.3779,0.49316,0,6
1221,27,0.16113,1.2256,0.36328,0.356,11
1221,27,0.12402,1.2432,0.41992,0.356,15
1221,27,0.12598,1.2705,0.43164,0.356,15
1221,27,0.12891,1.291,0.46094,0.356,10
1221,27,0.080078,1.2451,0.32324,-0.71201,7
1221,27,0.082031,1.249,0.41113,-0.71201,11
1221,27,0.12598,1.2754,0.41602,-0.71201,12
1221,27,0.085938,1.3184,0.38672,-0.71201,8
1221,27,0.13184,1.3086,0.49609,-0.71201,6
1221,27,0.079102,1.2227,0.29297,-0.356,8
1221,27,0.12109,1.2227,0.38965,-0.356,22
1221,27,0.082031,1.2432,0.42969,-0.356,33
1221,27,0.12598,1.2754,0.41504,-0.356,35
1221,27,0.085938,1.3047,0.42969,-0.356,25
1221,27,0.13184,1.291,0.54102,-0.356,14
1221,27,0.13477,1.2725,0.64941,-0.356,11
1221,27,0.1377,1.3477,0.55664,-0.356,7
1221,27,-0.40234,0.84473,-0.88672,0,4
1221,27,-0.3623,0.6582,-1.0469,-0.71201,4
1221,27,-0.37109,0.72559,-1.0361,-0.71201,6
1222,64,0.037109,1.0605,0.56152,0,6
1222,64,0.038086,1.0957,0.55859,0,30
1222,64,0.079102,1.1357,0.53809,0,74
1222,64,0.040039,1.166,0.54785,0,114
1222,64,0.041016,1.1865,0.57129,0,121
1222,64,0.041992,1.2051,0.60059,0,84
1222,64,0,1.1875,0.69629,0,36
1222,64,0,0.89941,1.0811,0,8
1222,64,0,1.3555,0.55469,0,6
1222,64,0,1.4619,0.30566,0,5
1222,64,0,1.0469,0.64648,0.356,6
1222,64,0.039063,1.1016,0.6084,0.356,18
1222,64,0.040039,1.1162,0.64258,0.356,30
1222,64,0.082031,1.1396,0.65625,0.356,33
1222,64,0.16797,1.2207,0.54492,0.356,29
1222,64,0.17188,1.2861,0.45898,0.356,30
1222,64,0.21973,1.3193,0.43359,0.356,25
1222,64,0.26953,1.333,0.45898,0.356,10
1222,64,0,1.3438,0.58203,0.356,11
1222,64,0.09375,1.458,0.31152,0.356,15
1222,64,0.082031,1.1641,0.61328,0.71201,7
1222,64,0.21094,1.2275,0.51465,0.71201,9
1222,64,0.17188,1.2744,0.49219,0.71201,9
1222,64,0.041016,1.1045,0.71777,-1.78,10
1222,64,0.083984,1.1455,0.7041,-1.78,17
1222,64,0.042969,1.1553,0.74707,-1.78,17
1222,64,0.043945,1.1221,0.84668,-1.78,12
1222,64,0,1.1738,0.45605,-1.424,7
1222,64,0.040039,1.1777,0.52148,-1.424,17
1222,64,0.082031,1.2002,0.53809,-1.424,29
1222,64,0.083984,1.1846,0.63672,-1.424,34
1222,64,0.085938,1.1836,0.69727,-1.424,29
1222,64,0.043945,1.2061,0.7207,-1.424,17
1222,64,0.038086,1.1543,0.4248,-1.068,15
1222,64,0.079102,1.1826,0.4248,-1.068,38
1222,64,0.080078,1.21,0.43555,-1.068,57
1222,64,0.041016,1.2461,0.42773,-1.068,56
1222,64,0.041992,1.2676,0.4541,-1.068,35
1222,64,0.042969,1.2813,0.50098,-1.068,13
1222,64,0.075195,1.126,0.41113,-0.71201,13
1222,64,0.11523,1.1318,0.4668,-0.71201,66
1222,64,0.079102,1.1689,0.46191,-0.71201,163
1222,64,0.080078,1.1992,0.46582,-0.71201,256
1222,64,0.041016,1.2314,0.46777,-0.71201,267
1222,64,0.041992,1.2607,0.47363,-0.71201,191
1222,64,0.042969,1.2959,0.46191,-0.71201,87
1222,64,0.043945,1.3506,0.38672,-0.71201,22
1222,64,0.14648,2.2178,0.74316,-0.71201,9
1222,64,0.074219,2.2305,0.80371,-0.71201,8
1222,64,0.1123,1.0996,0.46973,-0.356,15
1222,64,0.11523,1.123,0.48828,-0.356,73
1222,64,0.079102,1.1563,0.49414,-0.356,180
1222,64,0.080078,1.1865,0.49512,-0.356,278
1222,64,0.041016,1.2207,0.49609,-0.356,292
1222,64,0.041992,1.2549,0.48926,-0.356,211
1222,64,0.085938,1.2979,0.4502,-0.356,101
1222,64,0.13184,1.3447,0.38867,-0.356,33
1222,64,0.17969,1.3428,0.47266,-0.356,15
1222,64,-0.41309,0.8418,-0.75,0,4
1222,64,-0.26953,1.0576,-0.93164,0.356,6
1222,64,-0.39355,0.96387,-0.70801,-1.424,4
1222,64,-0.42285,0.75684,-0.87305,-1.068,8
1222,64,-0.46289,0.89746,-0.8916,-1.068,18
1222,64,-0.55957,0.83008,-0.94531,-1.068,7
1223,44,0.20117,1.252,0.22949,0,8
1223,44,0.24707,1.2676,0.26465,0,16
1223,44,0.25293,1.2988,0.25586,0,22
1223,44,0.17188,1.3271,0.32129,0,19
1223,44,0,1.1719,0.77637,0,9
1223,44,0.091797,1.4424,0.23438,0,9
1223,44,0.13965,1.4658,0.25391,0,8
1223,44,0.19727,1.2158,0.26465,0.356,5
1223,44,0.24121,1.2314,0.29102,0.356,27
1223,44,0.24707,1.2676,0.26172,0.356,57
1223,44,0.25293,1.2998,0.25,0.356,70
1223,44,0.30078,1.3281,0.20117,0.356,54
1223,44,0.30762,1.3613,0.1709,0.356,29
1223,44,0.13477,1.4238,0.12402,0.356,36
1223,44,0.091797,1.4482,0.19434,0.356,41
1223,44,0.09375,1.4795,0.18359,0.356,30
1223,44,0.20898,1.6934,1.4297,0.356,13
1223,44,0.16113,1.2324,0.33984,0.71201,8
1223,44,0.20605,1.2734,0.26953,0.71201,17
1223,44,0.21094,1.293,0.31348,0.71201,22
1223,44,0.25781,1.3301,0.24414,0.71201,17
1223,44,0.30762,1.3506,0.24219,0.71201,8
1223,44,0,1.4346,0.29297,0.71201,14
1223,44,0.036133,1.0137,0.52539,-2.492,9
1223,44,0,1.0537,0.51172,-2.492,8
1223,44,0,1.0479,0.4541,-1.78,6
1223,44,0,1.1084,0.37891,-1.78,11
1223,44,0,1.1191,0.43555,-1.78,13
1223,44,0,1.1387,0.46582,-1.78,11
1223,44,0,1.0889,0.43164,-1.424,8
1223,44,0,1.1182,0.43848,-1.424,9
1223,44,0,1.1211,0.50586,-1.424,7
1223,44,0.24707,1.2842,0.16504,-0.71201,7
1223,44,0.25293,1.3213,0.069336,-0.71201,8
1223,44,0.24121,1.248,0.21191,-0.356,14
1223,44,0.24707,1.2842,0.16504,-0.356,30
1223,44,0.25293,1.3174,0.12695,-0.356,36
1223,44,0.25781,1.3506,0.072266,-0.356,29
1223,44,0.087891,1.3975,-0.12793,-0.356,28
1223,44,0.13477,1.4287,0.025391,-0.356,30
1223,44,0.091797,1.4609,-0.054688,-0.356,24
1223,44,-0.45801,0.67676,-1.2148,0,5
1223,44,-0.17578,1.0117,-0.95996,0.356,19
1223,44,-0.17578,0.91309,-1.0547,0.71201,6
1224,64,0.041992,1.3066,-0.32715,0,12
1224,64,0.042969,1.3496,-0.26855,0,29
1224,64,0,1.3848,-0.24121,0,41
1224,64,0,1.416,-0.2334,0,41
1224,64,0,1.417,-0.37012,0,30
1224,64,-0.13965,1.2891,-0.74121,0,17
1224,64,0,1.2773,0.42969,0.356,12
1224,64,0.12891,1.3633,0.13965,0.356,28
1224,64,0.26367,1.3789,0.082031,0.356,51
1224,64,0.40332,1.375,0.083984,0.356,71
1224,64,0.41211,1.4043,0.041992,0.356,77
1224,64,0.41992,1.4336,-0.0087891,0.356,60
1224,64,0.47559,1.4463,-0.049805,0.356,34
1224,64,0.085938,1.3613,0.18555,0.71201,9
1224,64,0.26367,1.3662,0.2041,0.71201,16
1224,64,0.3584,1.375,0.2002,0.71201,24
1224,64,0.41211,1.3945,0.17383,0.71201,27
1224,64,0.41992,1.4316,0.071289,0.71201,21
1224,64,0.38086,1.4688,0.12891,0.71201,12
1224,64,0,0.84961,0.32031,-2.492,6
1224,64,0.029297,0.88184,0.31738,-2.492,8
1224,64,0.030273,0.9082,0.3291,-2.492,9
1224,64,0,0.95996,0.2666,-2.492,7
1224,64,0,0.80273,0.27832,-2.136,10
1224,64,0,0.82715,0.29688,-2.136,16
1224,64,0.02832,0.86035,0.29004,-2.136,24
1224,64,0.029297,0.8916,0.28613,-2.136,34
1224,64,0.030273,0.91797,0.30078,-2.136,42
1224,64,0.03125,0.9502,0.29688,-2.136,38
1224,64,0.032227,0.97949,0.30176,-2.136,24
1224,64,0.033203,1.0156,0.28223,-2.136,10
1224,64,0,0.76758,0.28906,-1.78,6
1224,64,0,0.79199,0.30762,-1.78,15
1224,64,0,0.83398,0.27637,-1.78,23
1224,64,0.02832,0.8584,0.29492,-1.78,31
1224,64,0.029297,0.88965,0.29297,-1.78,45
1224,64,0.030273,0.9209,0.29297,-1.78,61
1224,64,0.03125,0.95508,0.2793,-1.78,61
1224,64,0.032227,0.98633,0.27734,-1.78,46
1224,64,0,1.0234,0.25195,-1.78,23
1224,64,0,0.80273,0.27832,-1.424,8
1224,64,0,0.81641,0.32422,-1.424,11
1224,64,0,0.86719,0.26758,-1.424,16
1224,64,0,0.89648,0.27246,-1.424,29
1224,64,0,0.92578,0.27832,-1.424,50
1224,64,0,0.95508,0.28125,-1.424,59
1224,64,0.032227,0.98438,0.28516,-1.424,49
1224,64,0,1.0137,0.29102,-1.424,28
1224,64,-0.054688,0.86426,0.14941,-1.068,10
1224,64,0,0.88965,0.18066,-1.068,13
1224,64,0,0.9043,0.24609,-1.068,16
1224,64,0,0.92383,0.2832,-1.068,22
1224,64,0,0.94922,0.30176,-1.068,25
1224,64,0.032227,0.98145,0.29395,-1.068,20
1224,64,-0.37891,0,1.3232,-1.068,26
1224,64,-0.38672,0,-1.375,-1.068,34
1224,64,-0.43945,0,-1.3848,-1.068,30
1224,64,0.089844,1.4229,0.16895,-1.068,21
1224,64,0.045898,1.4307,0.31152,-1.068,14
1224,64,0,0.80957,0.25684,-0.71201,6
1224,64,-0.082031,0.82422,0.29297,-0.71201,9
1224,64,-0.084961,0.87012,0.24512,-0.71201,9
1224,64,-0.37891,0,-1.3027,-0.71201,25
1224,64,0.12891,1.3623,0.14941,-0.71201,37
1225,57,0.19727,1.2422,-0.063477,0,7
1225,57,0.16113,1.2764,-0.067383,0,14
1225,57,0.12402,1.3115,-0.025391,0,23
1225,57,0.083984,1.3438,0.03418,0,30
1225,57,0.085938,1.3721,0.060547,0,33
1225,57,0.043945,1.4033,0.077148,0,27
1225,57,0.044922,1.4238,0.1709,0,17
1225,57,0,1.4082,0.40234,0,10
1225,57,0.079102,1.2471,0.15723,0.356,11
1225,57,0.12109,1.2725,0.16113,0.356,20
1225,57,0.16504,1.2939,0.18652,0.356,31
1225,57,0.16797,1.3232,0.1875,0.356,36
1225,57,0.21484,1.3369,0.24902,0.356,32
1225,57,-0.43945,0.30371,-1.3008,0.356,30
1225,57,0.089844,1.3604,0.44824,0.356,26
1225,57,0.045898,1.4219,0.3457,0.356,31
1225,57,0.046875,1.4854,0.14746,0.356,23
1225,57,0.040039,1.2803,0.13867,0.71201,7
1225,57,0.041016,1.3174,0.025391,0.71201,10
1225,57,0.041992,1.3457,-0.036133,0.71201,13
1225,57,0.042969,1.3721,-0.099609,0.71201,12
1225,57,-0.4834,0.51367,-1.2158,0.71201,13
1225,57,0.044922,1.4023,0.30176,0.71201,12
1225,57,0,1.4346,0.29492,0.71201,14
1225,57,0,1.4854,0.15918,0.71201,11
1225,57,0,0.96191,-0.098633,1.78,5
1225,57,0.20117,1.2695,-0.085938,-0.71201,11
1225,57,0.16504,1.3047,-0.083008,-0.71201,15
1225,57,0.041992,1.3418,0.11523,-0.71201,18
1225,57,0.042969,1.3701,0.12598,-0.71201,21
1225,57,0.043945,1.3975,0.14844,-0.71201,21
1225,57,0,1.4258,0.16797,-0.71201,15
1225,57,0.23633,1.2363,-0.041016,-0.356,15
1225,57,0.24121,1.2607,-0.11328,-0.356,27
1225,57,0.24707,1.2637,-0.28027,-0.356,35
1225,57,0.33691,1.1865,-0.54102,-0.356,33
1225,57,0,1.3604,0.21094,-0.356,42
1225,57,0,1.3848,0.24219,-0.356,44
1225,57,0,1.3701,0.42773,-0.356,34
1225,57,-0.4834,0.33301,-1.2773,0,15
1225,57,-0.58301,0,1.3457,0,10
1225,57,0.36621,1.3594,-0.40527,0,6
1225,57,-0.33691,0.86426,-0.97754,0.356,19
1225,57,-0.38672,0.64844,-1.1504,0.356,27
1225,57,0.26367,1.3438,0.31738,0.356,27
1225,57,-0.49316,0,-1.3623,0.356,24
1225,57,0.041992,1.3457,-0.036133,0.71201,13
1225,57,0.47363,0.86523,0.95996,0.71201,8
1225,57,0.13184,1.3809,0.23145,0.71201,10
1225,57,-0.49316,0.37891,-1.2939,0.71201,12
1225,57,-0.54883,0.37598,-1.3047,0.71201,8
1225,57,-0.42285,0,0.94434,1.78,3
1225,57,-0.16504,1.1016,0.7041,-0.356,18
1225,57,-0.041992,1.3154,0.28906,-0.356,31
1225,57,0.43066,1.0381,-0.79492,-0.356,30
1225,57,0.43945,1.0752,-0.79199,-0.356,25
1225,57,0.44824,1.332,-0.29102,-0.356,18
1226,64,0.077148,1.2236,0.098633,0,5
1226,64,0.15723,1.2451,0.099609,0,17
1226,64,0.16113,1.2705,0.14746,0,37
1226,64,0.16504,1.2959,0.17578,0,56
1226,64,0.16797,1.3252,0.17285,0,63
1226,64,0.17188,1.3613,0.1084,0,61
1226,64,0.17578,1.3945,-0.015625,0,64
1226,64,0.17969,1.4199,-0.10938,0,70
1226,64,0.18262,1.4463,-0.1416,0,64
1226,64,0.18652,1.4717,-0.1709,0,43
1226,64,0.19043,1.4961,-0.21191,0,20
1226,64,0.077148,1.2256,0.076172,0.356,4
1226,64,0.19727,1.2363,0.13672,0.356,19
1226,64,0.20117,1.2539,0.2168,0.356,41
1226,64,0.24707,1.2695,0.25391,0.356,56
1226,64,0.25293,1.2842,0.31836,0.356,51
1226,64,0.34375,1.2891,0.33887,0.356,26
1226,64,0,1.1338,-0.83105,0.356,21
1226,64,0.31348,1.3955,-0.11816,0.356,22
1226,64,0.36621,1.4072,-0.17676,0.356,29
1226,64,0.41992,1.4111,-0.25391,0.356,28
1226,64,0.039063,1.2471,-0.16992,0.71201,6
1226,64,0.080078,1.2852,-0.046875,0.71201,11
1226,64,0.041016,1.3096,-0.13965,0.71201,13
1226,64,0,1.3262,-0.23926,0.71201,13
1226,64,0,1.3398,-0.31738,0.71201,10
1226,64,0.17578,1.3857,-0.16211,0.71201,8
1226,64,0.26953,1.4092,-0.036133,0.71201,8
1226,64,0.36621,1.415,-0.083008,0.71201,9
1226,64,0,1.1016,-0.66797,1.068,8
1226,64,0,1.1133,-0.70508,1.068,9
1226,64,0,1.2832,-0.11426,1.424,8
1226,64,0,1.3184,0,1.424,7
1226,64,0,1.168,-0.38477,1.78,6
1226,64,0,1.1309,-0.30469,2.136,6
1226,64,0,1.1631,-0.2998,2.136,10
1226,64,0,1.1826,-0.33984,2.136,12
1226,64,0,1.208,-0.35449,2.136,10
1226,64,0,1.2285,-0.38965,2.136,6
1226,64,0,1.1631,-0.2998,2.492,6
1226,64,0,1.1758,-0.36328,2.492,7
1226,64,0,1.1963,-0.39355,2.492,6
1226,64,0.20605,1.2949,0.13281,-1.068,9
1226,64,0.21094,1.3232,0.14551,-1.068,9
1226,64,0.19727,1.2441,-0.0087891,-0.71201,15
1226,64,0.20117,1.2715,0.063477,-0.71201,32
1226,64,0.20605,1.2959,0.12207,-0.71201,47
1226,64,0.21094,1.3232,0.13672,-0.71201,50
1226,64,0.21484,1.3574,0.085938,-0.71201,44
1226,64,0.17578,1.3936,-0.064453,-0.71201,47
1226,64,0.17969,1.417,-0.1377,-0.71201,58
1226,64,0.1377,1.4482,-0.1709,-0.71201,54
1226,64,0.13965,1.4795,-0.15234,-0.71201,36
1226,64,0.14258,1.5088,-0.14844,-0.71201,16
1226,64,0.15332,1.2207,0.021484,-0.356,14
1226,64,0.19727,1.2412,0.076172,-0.356,48
1226,64,0.24121,1.2598,0.125,-0.356,102
1226,64,0.20605,1.291,0.16504,-0.356,152
1226,64,0.25293,1.3105,0.18164,-0.356,158
1226,64,0.21484,1.3496,0.16602,-0.356,124
1226,64,0.21973,1.3877,0.049805,-0.356,102
1226,64,0.17969,1.4229,-0.041016,-0.356,113
1226,64,0.18262,1.4521,-0.060547,-0.356,108
1226,64,0.13965,1.4863,-0.03418,-0.356,75
1227,64,0.039063,1.2568,-0.0625,0,7
1227,64,0,1.2881,-0.045898,0,30
1227,64,0.041016,1.3174,-0.0039063,0,74
1227,64,0.041992,1.3467,0.025391,0,110
1227,64,0.042969,1.375,0.052734,0,111
1227,64,0.087891,1.4023,0.037109,0,77
1227,64,0.089844,1.4307,-0.061523,0,42
1227,64,0.091797,1.4492,-0.19336,0,25
1227,64,0.046875,1.4736,-0.2373,0,11
1227,64,1.7852,0.50098,-0.43262,0,5
1227,64,1.208,0,1.5713,0,4
1227,64,0.039063,1.1982,0.38477,0.356,9
1227,64,0.080078,1.2764,0.1582,0.356,65
1227,64,0.041016,1.3135,0.10547,0.356,167
1227,64,0.041992,1.3438,0.081055,0.356,255
1227,64,0.042969,1.375,0.056641,0.356,254
1227,64,0.043945,1.4053,0.011719,0.356,175
1227,64,0.089844,1.4258,-0.13281,0.356,96
1227,64,0.091797,1.4346,-0.2793,0.356,57
1227,64,0.09375,1.4424,-0.37891,0.356,28
1227,64,-1.9033,0,-0.30859,0.356,10
1227,64,-1.873,0.36133,-0.31543,0.356,9
1227,64,0.083008,2.6611,-0.12402,0.356,12
1227,64,0.083984,2.6836,-0.22949,0.356,12
1227,64,0.16992,2.71,-0.21777,0.356,10
1227,64,0,1.2861,0.081055,0.71201,24
1227,64,0.041016,1.3145,0.082031,0.71201,64
1227,64,0.041992,1.3457,0.052734,0.71201,103
1227,64,0.042969,1.376,0.019531,0.71201,111
1227,64,0.043945,1.4043,-0.038086,0.71201,85
1227,64,0.089844,1.4258,-0.13672,0.71201,52
1227,64,0.091797,1.4434,-0.22754,0.71201,29
1227,64,0.09375,1.4629,-0.28516,0.71201,12
1227,64,-1.9033,0,-0.24512,0.71201,6
1227,64,1.873,0.43164,-0.20801,0.71201,5
1227,64,0,2.6357,-0.057617,0.71201,8
1227,64,0.083008,2.6611,-0.11328,0.71201,13
1227,64,0.083984,2.6904,-0.11816,0.71201,13
1227,64,0.16992,2.7061,-0.25684,0.71201,10
1227,64,0,1.3096,-0.15137,1.068,13
1227,64,0,1.3252,-0.24121,1.068,23
1227,64,0,1.3486,-0.27832,1.068,28
1227,64,0,1.374,-0.2959,1.068,25
1227,64,0,1.3896,-0.3584,1.068,15
1227,64,0,1.3887,-0.46484,1.068,7
1227,64,0,1.3604,-0.20801,1.424,7
1227,64,0,1.3643,-0.33789,1.424,9
1227,64,0.044922,1.3799,-0.39063,1.424,8
1227,64,0.12402,1.2734,0.31738,-0.71201,10
1227,64,0.12598,1.332,0.15918,-0.71201,14
1227,64,0.042969,1.373,-0.091797,-0.71201,12
1227,64,0,1.335,-0.43945,-0.71201,7
1227,64,0,1.0381,-0.71289,-0.356,5
1227,64,0.20117,1.1553,0.53516,-0.356,16
1227,64,0.12402,1.2754,0.30957,-0.356,39
1227,64,0.083984,1.3359,0.1543,-0.356,57
1227,64,0.042969,1.376,0.0058594,-0.356,53
1227,64,0,1.3877,-0.22656,-0.356,33
1227,64,0.13477,0.68066,-1.2559,-0.356,16
1227,64,-0.45801,0.61816,1.2461,0,14
1227,64,-0.4668,0.66309,1.2549,0,7
1227,64,1.0713,0.82813,1.3379,0,4
1227,64,1.873,0.3584,-0.31836,0,4
1227,64,1.1299,0.29199,1.5039,0.356,8
1228,31,0,1.2842,-0.40918,0,20
1228,31,0.042969,1.3447,-0.29199,0,47
1228,31,0,1.3818,-0.25977,0,67
1228,31,0.044922,1.416,-0.23047,0,66
1228,31,0,1.4414,-0.26172,0,41
1228,31,0.046875,1.4717,-0.25195,0,16
1228,31,0.11816,1.2314,-0.2373,0.356,9
1228,31,0.16113,1.2666,-0.17773,0.356,16
1228,31,0.16504,1.3018,-0.125,0.356,21
1228,31,0.083984,1.334,-0.16992,0.356,35
1228,31,0.042969,1.3564,-0.23047,0.356,83
1228,31,0,1.3867,-0.22852,0.356,124
1228,31,0,1.4189,-0.21777,0.356,123
1228,31,0,1.4502,-0.20313,0.356,81
1228,31,0,1.4814,-0.1875,0.356,33
1228,31,0.12402,1.3066,-0.11719,0.71201,6
1228,31,0,1.3408,-0.13477,0.71201,16
1228,31,0,1.3633,-0.19043,0.71201,39
1228,31,0,1.3965,-0.16016,0.71201,57
1228,31,0,1.4258,-0.16406,0.71201,55
1228,31,0,1.458,-0.14063,0.71201,35
1228,31,0,1.4883,-0.12793,0.71201,13
1228,31,0.12109,1.207,-0.43457,-0.71201,4
1228,31,0.20605,1.2861,-0.2041,-0.71201,6
1228,31,0.21094,1.3125,-0.21973,-0.71201,6
1228,31,0.15723,1.2109,-0.30664,-0.356,10
1228,31,0.24121,1.2549,-0.16602,-0.356,17
1228,31,0.24707,1.2861,-0.15137,-0.356,22
1228,31,0.29492,1.3096,-0.11035,-0.356,23
1228,31,0.21484,1.3486,-0.17188,-0.356,17
1228,31,-0.65332,0,1.46,0.71201,7
1229,23,0.44824,1.3564,0.1377,0,8
1229,23,0.41211,1.3984,-0.13574,0,9
1229,23,0.19727,1.2432,-0.049805,0.356,8
1229,23,0.24121,1.2607,0.11914,0.356,15
1229,23,0.20605,1.2998,0.069336,0.356,19
1229,23,0.12598,1.3398,0.053711,0.356,20
1229,23,0.085938,1.374,0.011719,0.356,18
1229,23,0.087891,1.4023,-0.035156,0.356,18
1229,23,0.089844,1.4307,-0.076172,0.356,19
1229,23,0.22852,1.4375,-0.16504,0.356,20
1229,23,0.20605,1.292,-0.1582,-0.71201,6
1229,23,0.16797,1.333,-0.10547,-0.71201,6
1229,23,0.23633,1.2354,-0.066406,-0.356,10
1229,23,0.24121,1.2656,-0.029297,-0.356,17
1229,23,0.24707,1.2949,0.012695,-0.356,22
1229,23,0.21094,1.3301,0.023438,-0.356,21
1229,23,0.21484,1.3594,0.035156,-0.356,18
1229,23,0.21973,1.3857,-0.091797,-0.356,15
1229,23,0.3584,1.3701,-0.23145,-0.356,24
1229,23,0.36621,1.3867,-0.29688,-0.356,30
1229,23,-0.044922,1.3848,-0.37305,0,7
1229,23,-0.045898,1.1533,-0.90039,0,7
1229,23,-0.43945,0.24316,1.3135,-0.356,8
1230,36,0.38672,1.3203,0.023438,0,7
1230,36,0.43945,1.335,-0.038086,0,13
1230,36,0.40332,1.3682,-0.1582,0,18
1230,36,0.41211,1.3916,-0.19922,0,18
1230,36,0.4668,1.4121,-0.14258,0,14
1230,36,0.19727,1.2422,0.068359,0.356,9
1230,36,0.24121,1.2646,0.051758,0.356,15
1230,36,0.24707,1.2939,0.041016,0.356,17
1230,36,0.29492,1.3125,0.070313,0.356,17
1230,36,0.30078,1.3428,0.013672,0.356,21
1230,36,0.35156,1.3604,-0.043945,0.356,29
1230,36,0.40332,1.374,-0.09375,0.356,37
1230,36,0.41211,1.4004,-0.11816,0.356,36
1230,36,0.4668,1.4131,-0.12793,0.356,27
1230,36,0.31348,1.4004,-0.015625,0.71201,9
1230,36,0.36621,1.4141,-0.10156,0.71201,9
1230,36,0.24707,1.2939,-0.035156,-0.71201,6
1230,36,0.33691,1.3027,-0.067383,-0.71201,7
1230,36,0.30078,1.3398,-0.09668,-0.71201,9
1230,36,0.39551,1.3398,-0.15723,-0.71201,15
1230,36,0.44824,1.3447,-0.22656,-0.71201,21
1230,36,0.41211,1.3818,-0.25391,-0.71201,21
1230,36,0.4668,1.3955,-0.25781,-0.71201,16
1230,36,0.27539,1.2285,-0.035156,-0.356,13
1230,36,0.24121,1.2656,-0.039063,-0.356,19
1230,36,0.28809,1.2852,-0.044922,-0.356,22
1230,36,0.29492,1.3145,-0.030273,-0.356,22
1230,36,0.34375,1.3311,-0.063477,-0.356,31
1230,36,0.39551,1.3418,-0.14453,-0.356,49
1230,36,0.44824,1.3506,-0.1875,-0.356,67
1230,36,0.45801,1.375,-0.20898,-0.356,68
1230,36,0.4668,1.3994,-0.23242,-0.356,50
1230,36,-0.13965,0.91309,1.1738,0,8
1230,36,-0.09375,1.0586,1.0498,0.356,14
1230,36,-0.09375,1.1309,0.97168,-0.71201,9
1230,36,-0.13965,1.0664,1.0361,-0.356,27
1231,12,0.33691,1.2471,0.38477,0.356,7
1231,12,0.43066,1.29,0.21191,0.356,12
1231,12,0.39551,1.3486,0.032227,0.356,16
1231,12,0.40332,1.377,0.012695,0.356,17
1231,12,0.36621,1.418,-0.033203,0.356,14
1231,12,0.44824,1.3623,-0.057617,-0.71201,8
1231,12,0.37891,1.2617,0.2832,-0.356,10
1231,12,0.43066,1.3047,0.085938,-0.356,16
1231,12,0.43945,1.335,-0.048828,-0.356,23
1231,12,0.40332,1.376,-0.061523,-0.356,25
1231,12,0.41211,1.4014,-0.099609,-0.356,21
1231,12,0.4668,1.4141,-0.11914,-0.356,15
1259,4,0.39551,1.3418,-0.13867,0.356,8
1259,4,0.40332,1.375,-0.083984,0.356,11
1259,4,0.45801,1.3857,-0.11719,0.356,10
1259,4,0.3584,1.3779,-0.18164,-0.356,9
1265,34,0.038086,1.1182,0.51074,0,6
1265,34,0.039063,1.1455,0.52148,0,18
1265,34,0.080078,1.168,0.53906,0,32
1265,34,0.041016,1.21,0.52148,0,37
1265,34,0.041992,1.2627,0.46875,0,25
1265,34,0,1.3438,0.29785,0,8
1265,34,0.043945,0.67871,1.2305,0,7
1265,34,0.044922,1.1309,0.88281,0,6
1265,34,0.079102,1.1699,0.45898,0.356,8
1265,34,0.040039,1.1816,0.5127,0.356,14
1265,34,0.082031,1.2393,0.44043,0.356,17
1265,34,0.083984,1.2852,0.39551,0.356,16
1265,34,0.17188,1.3252,0.33203,0.356,15
1265,34,0.13184,1.3447,0.38867,0.356,12
1265,34,0.13477,1.3096,0.57129,0.356,9
1265,34,0.039063,1.165,0.47656,-0.71201,15
1265,34,0.040039,1.207,0.4502,-0.71201,26
1265,34,0.041016,1.2432,0.43555,-0.71201,29
1265,34,0.041992,1.2998,0.35156,-0.71201,19
1265,34,0.042969,1.3262,0.36816,-0.71201,10
1265,34,0.087891,1.1367,0.82324,-0.71201,13
1265,34,0.044922,1.2256,0.74609,-0.71201,10
1265,34,0.038086,1.1191,0.50879,-0.356,12
1265,34,0.079102,1.1592,0.4873,-0.356,39
1265,34,0.040039,1.1904,0.49121,-0.356,69
1265,34,0.041016,1.2266,0.48047,-0.356,77
1265,34,0.041992,1.2754,0.43164,-0.356,54
1265,34,0.042969,1.3506,0.26172,-0.356,24
1265,34,0.13184,1.2617,0.60645,-0.356,27
1265,34,0.089844,1.2471,0.70508,-0.356,21
1265,34,0.091797,1.25,0.75684,-0.356,10
1265,34,-0.55957,0.70801,-1.04,0,5
1265,34,-0.46289,0.8623,-0.92578,-0.71201,10
1265,34,-0.38477,0.93262,-0.7041,-0.356,7
1266,64,0.037109,1.0449,0.59082,0,13
1266,64,0,1.0439,0.65137,0,26
1266,64,0,1.0752,0.65527,0,36
1266,64,0,1.0938,0.68262,0,34
1266,64,-0.041016,1.1445,0.65137,0,24
1266,64,0,1.2725,0.44238,0,16
1266,64,0,1.3682,0.15039,0,18
1266,64,0.043945,1.4043,0.048828,0,18
1266,64,0.044922,1.4336,0.054688,0,14
1266,64,0.1377,1.4434,0.20801,0,11
1266,64,0.13965,1.4648,0.25781,0,9
1266,64,0.19043,1.4717,0.34375,0,6
1266,64,0.26953,1.1816,-0.21387,0.356,12
1266,64,0.27539,1.2256,-0.089844,0.356,35
1266,64,0.24121,1.2656,-0.0087891,0.356,61
1266,64,0.24707,1.293,0.063477,0.356,75
1266,64,0.25293,1.3193,0.10547,0.356,70
1266,64,0.17188,1.3516,0.19531,0.356,52
1266,64,0.043945,1.3564,0.36816,0.356,47
1266,64,0.044922,1.3975,0.32227,0.356,40
1266,64,0.045898,1.4346,0.29199,0.356,28
1266,64,0.09375,1.4629,0.28516,0.356,18
1266,64,0.23633,1.2314,0.12109,0.71201,12
1266,64,0.20117,1.2695,0.091797,0.71201,19
1266,64,0.20605,1.292,0.1582,0.71201,23
1266,64,0.25293,1.3164,0.13379,0.71201,21
1266,64,0.085938,1.333,0.33398,0.71201,15
1266,64,0,1.3525,0.38281,0.71201,15
1266,64,0,1.4023,0.30664,0.71201,12
1266,64,0.045898,1.4521,0.18359,0.71201,8
1266,64,0.13965,1.4033,0.49219,0.71201,7
1266,64,0,1.1514,0.34277,-1.78,6
1266,64,0,1.1504,0.43555,-1.78,17
1266,64,0.039063,1.1543,0.50195,-1.78,27
1266,64,0.040039,1.1836,0.50879,-1.78,29
1266,64,0.041016,1.2158,0.50684,-1.78,22
1266,64,0.041992,1.2178,0.5752,-1.78,12
1266,64,0.037109,1.082,0.51855,-1.424,17
1266,64,0.077148,1.1143,0.51563,-1.424,41
1266,64,0.039063,1.1426,0.52734,-1.424,60
1266,64,0.080078,1.1621,0.55078,-1.424,61
1266,64,0.041016,1.1973,0.5498,-1.424,42
1266,64,0.041992,1.2197,0.57031,-1.424,18
1266,64,0.073242,1.0254,0.56152,-1.068,17
1266,64,0.075195,1.084,0.51172,-1.068,71
1266,64,0.077148,1.1172,0.50879,-1.068,156
1266,64,0.039063,1.1582,0.49316,-1.068,220
1266,64,0.040039,1.1875,0.49805,-1.068,212
1266,64,0.041016,1.2178,0.50293,-1.068,137
1266,64,0.041992,1.248,0.50684,-1.068,56
1266,64,0,1.3154,0.40625,-1.068,11
1266,64,0.073242,0.99512,0.61426,-0.71201,19
1266,64,0.075195,1.0566,0.56543,-0.71201,77
1266,64,0.038086,1.1045,0.54102,-0.71201,168
1266,64,0.039063,1.1348,0.54492,-0.71201,236
1266,64,0.040039,1.1631,0.55469,-0.71201,221
1266,64,0,1.1924,0.5625,-0.71201,139
1266,64,0,1.2129,0.58594,-0.71201,53
1266,64,-0.12891,1.1387,0.7627,-0.71201,13
1266,64,0.21973,1.3799,0.15137,-0.71201,8
1266,64,0.037109,1.0195,0.63281,-0.356,18
1266,64,0.038086,1.0283,0.67383,-0.356,39
1266,64,0,1.0371,0.71484,-0.356,54
1266,64,0,0.96191,0.85742,-0.356,49
1267,64,0.039063,1.1953,0.39355,0,7
1267,64,0.12109,1.2109,0.42383,0,14
1267,64,0.16504,1.2129,0.48926,0,20
1267,64,0.21094,1.2432,0.47559,0,20
1267,64,0.12891,1.1738,0.70703,0,12
1267,64,0,1.4004,0.11914,0,11
1267,64,0,1.3271,0.54688,0,12
1267,64,0,1.2686,0.73242,0,9
1267,64,0.19238,1.2139,-0.048828,0.356,10
1267,64,0.23633,1.2354,0.073242,0.356,28
1267,64,0.24121,1.2559,0.16113,0.356,49
1267,64,0.24707,1.2764,0.2168,0.356,54
1267,64,0.33691,1.2881,0.20508,0.356,36
1267,64,0.042969,1.2373,0.60254,0.356,28
1267,64,0.087891,1.3623,0.33691,0.356,45
1267,64,0.13477,1.3584,0.44336,0.356,45
1267,64,0.1377,1.3428,0.56836,0.356,32
1267,64,0.20605,2.0166,0.8457,0.356,14
1267,64,0.20898,2.0371,0.87305,0.356,15
1267,64,0.23633,1.2324,0.10352,0.71201,9
1267,64,0.24121,1.251,0.19238,0.71201,15
1267,64,0.24707,1.2715,0.24512,0.71201,17
1267,64,0.33691,1.2852,0.22363,0.71201,11
1267,64,0.13184,1.3701,0.28809,0.71201,15
1267,64,0.14258,1.457,0.4209,0.71201,11
1267,64,0.14258,1.4678,0.38086,1.068,7
1267,64,0.14551,1.4551,0.52051,1.068,7
1267,64,0,1.0244,0.35449,-3.204,10
1267,64,0.035156,1.0342,0.41016,-3.204,13
1267,64,0.036133,1.0771,0.37793,-3.204,12
1267,64,0.036133,1.085,0.43945,-3.204,8
1267,64,0,0.96973,0.33203,-2.848,8
1267,64,0,0.97656,0.39746,-2.848,18
1267,64,0.03418,1.0039,0.40723,-2.848,36
1267,64,0.035156,1.0293,0.42188,-2.848,50
1267,64,0.071289,1.0459,0.45215,-2.848,48
1267,64,0.036133,1.0781,0.45703,-2.848,32
1267,64,0.037109,1.1064,0.46582,-2.848,14
1267,64,0.033203,0.97266,0.40625,-2.492,15
1267,64,0.03418,0.99512,0.42871,-2.492,36
1267,64,0.035156,1.0098,0.46582,-2.492,52
1267,64,0.036133,1.0322,0.4873,-2.492,52
1267,64,0.036133,1.0605,0.49512,-2.492,35
1267,64,0.037109,1.0654,0.55273,-2.492,15
1267,64,0.03418,0.95215,0.5166,-2.136,10
1267,64,0.035156,0.99121,0.50488,-2.136,15
1267,64,0.036133,1.0156,0.52148,-2.136,15
1267,64,0.036133,1.0732,0.46875,-2.136,10
1267,64,0.083984,1.334,0.16797,-0.71201,11
1267,64,0.12891,1.3613,0.16211,-0.71201,13
1267,64,-0.35156,0.3418,-1.3174,-0.71201,15
1267,64,-0.3584,0,-1.3975,-0.71201,14
1267,64,0.19238,1.2139,-0.048828,-0.356,7
1267,64,0.23633,1.2334,-0.089844,-0.356,19
1267,64,0.28223,1.2559,-0.063477,-0.356,32
1267,64,0.28809,1.2832,-0.09082,-0.356,33
1267,64,0.29492,1.2676,-0.35059,-0.356,17
1267,64,-0.38672,0.66016,-1.1445,-0.356,23
1267,64,0.17578,1.335,0.4043,-0.356,33
1267,64,0.22461,1.3467,0.44141,-0.356,31
1267,64,0.22852,1.3252,0.58008,-0.356,20
1267,64,0.30762,1.3154,-0.38965,0,7
1267,64,0.45801,1.3213,-0.43457,0,5
1267,64,-0.16797,0.75293,-1.1045,0.71201,6
1268,64,0,0.72559,0.31445,0,5
1268,64,-0.077148,0.7998,0.16309,0,10
1268,64,-0.080078,0.82227,0.19922,0,12
1268,64,-0.082031,0.84961,0.20996,0,13
1268,64,-0.056641,0.87891,0.2207,0,14
1268,64,-0.029297,0.91211,0.21191,0,13
1268,64,0.45313,0.9707,-0.76758,0,17
1268,64,0,1.25,0.50195,0,29
1268,64,0.042969,1.3262,0.36621,0,38
1268,64,0.043945,1.3643,0.33496,0,35
1268,64,0.044922,1.4063,0.2832,0,23
1268,64,0.1377,1.4492,0.16016,0,13
1268,64,-0.074219,0.77539,0.13867,0.356,7
1268,64,-0.077148,0.80664,0.12598,0.356,12
1268,64,-0.080078,0.83398,0.13965,0.356,15
1268,64,-0.054688,0.85938,0.17578,0.356,14
1268,64,-0.084961,0.88281,0.19434,0.356,10
1268,64,0.23633,1.2363,-0.045898,0.356,18
1268,64,0.24121,1.2656,-0.0078125,0.356,30
1268,64,0.24707,1.2949,0.0039063,0.356,38
1268,64,0.25293,1.3223,0.046875,0.356,39
1268,64,0.25781,1.3457,0.12793,0.356,37
1268,64,0.35156,1.3594,0.070313,0.356,35
1268,64,0.3584,1.3887,0.046875,0.356,29
1268,64,1.5078,0,-1.7441,0.356,12
1268,64,0.20117,1.2725,-0.019531,0.71201,10
1268,64,0.20605,1.2949,0.12988,0.71201,12
1268,64,0.21094,1.3301,0.039063,0.71201,12
1268,64,0.30078,1.3252,0.22168,0.71201,12
1268,64,0,0.79785,0.18945,-1.424,5
1268,64,0,0.81836,0.22656,-1.424,13
1268,64,0,0.85156,0.21484,-1.424,23
1268,64,0,0.88086,0.21875,-1.424,29
1268,64,0.029297,0.90918,0.22363,-1.424,25
1268,64,0,0.94434,0.20508,-1.424,14
1268,64,0,1.333,0.34375,-1.424,8
1268,64,0,1.3428,0.41504,-1.424,8
1268,64,0,0.77344,0.16602,-1.068,11
1268,64,0,0.7998,0.17969,-1.068,22
1268,64,0,0.82617,0.19824,-1.068,35
1268,64,0,0.85156,0.21484,-1.068,47
1268,64,0,0.88184,0.21484,-1.068,52
1268,64,0,0.9082,0.22949,-1.068,43
1268,64,0,0.94043,0.22363,-1.068,26
1268,64,0.33691,1.2188,-0.46484,-1.068,12
1268,64,0.30078,1.2969,-0.35059,-1.068,11
1268,64,0,1.375,0.29492,-1.068,13
1268,64,0,1.4131,0.25293,-1.068,12
1268,64,-0.071289,0.72168,0.23242,-0.71201,9
1268,64,-0.049805,0.76855,0.18164,-0.71201,23
1268,64,-0.050781,0.79492,0.19531,-0.71201,38
1268,64,-0.026367,0.82617,0.19531,-0.71201,49
1268,64,-0.027344,0.85547,0.19922,-0.71201,52
1268,64,-0.02832,0.88477,0.20215,-0.71201,50
1268,64,-0.029297,0.91504,0.19922,-0.71201,42
1268,64,0,0.94727,0.19336,-0.71201,30
1268,64,0.45313,0.62012,-1.0713,-0.71201,22
1268,64,0,1.2354,0.53906,-0.71201,36
1268,64,0,1.2969,0.46094,-0.71201,37
1268,64,0.043945,1.3672,0.32422,-0.71201,26
1268,64,0.089844,1.4297,0.084961,-0.71201,14
1268,64,0,0.71973,0.25,-0.356,6
1268,64,-0.074219,0.75195,0.2334,-0.356,14
1268,64,-0.077148,0.78711,0.21582,-0.356,23
1269,56,0.28809,1.2139,0.42578,0,9
1269,56,-0.16797,1.2373,-0.50586,0,16
1269,56,-0.085938,1.3428,-0.29199,0,19
1269,56,-0.13184,1.3838,-0.20801,0,15
1269,56,0.44824,1.1807,-0.68164,0,15
1269,56,0.45801,1.3135,-0.45703,0,15
1269,56,0.4668,1.3311,-0.49316,0,12
1269,56,0.19727,1.2393,0.11035,0.356,9
1269,56,0.28223,1.2363,0.22852,0.356,18
1269,56,0.24707,1.2695,0.25488,0.356,21
1269,56,0,1.3418,-0.11816,0.356,33
1269,56,0.042969,1.374,0.075195,0.356,41
1269,56,0.13184,1.3916,0.14648,0.356,39
1269,56,0.40332,1.3682,-0.1543,0.356,57
1269,56,0.41211,1.4004,-0.12305,0.356,59
1269,56,0.4668,1.416,-0.088867,0.356,44
1269,56,0,1.3447,-0.09082,0.71201,15
1269,56,0,1.377,0.012695,0.71201,20
1269,56,0,1.3994,0.13086,0.71201,21
1269,56,0.089844,1.4238,0.15723,0.71201,18
1269,56,0.36621,1.4121,-0.125,0.71201,19
1269,56,0.41992,1.4258,-0.14746,0.71201,15
1269,56,0,0.93555,-0.24121,2.136,6
1269,56,-0.0625,0.9707,-0.21289,2.136,8
1269,56,0,1.0137,-0.15137,2.136,6
1269,56,0,0.95313,-0.16016,2.492,5
1269,56,-0.09375,0.9707,-0.20215,2.492,6
1269,56,-0.12793,0.98047,-0.27148,2.492,6
1269,56,0.24121,1.2656,-0.012695,-0.71201,9
1269,56,0.20605,1.3008,0.049805,-0.71201,10
1269,56,0.25293,1.3105,0.18262,-0.71201,11
1269,56,0.25781,1.3408,0.17188,-0.71201,12
1269,56,0.26367,1.3652,0.20703,-0.71201,12
1269,56,0.22461,1.3926,0.26367,-0.71201,11
1269,56,0.15332,1.2168,0.095703,-0.356,7
1269,56,0.19727,1.2432,0.029297,-0.356,17
1269,56,0.24121,1.2646,0.050781,-0.356,27
1269,56,0.28809,1.2803,0.11816,-0.356,31
1269,56,0.25293,1.3066,0.20996,-0.356,32
1269,56,0.21484,1.3477,0.17676,-0.356,36
1269,56,0.21973,1.377,0.18262,-0.356,38
1269,56,0.31348,1.3965,0.10449,-0.356,38
1269,56,0.36621,1.418,0.03125,-0.356,34
1269,56,0.37305,1.4463,0.017578,-0.356,23
1269,56,-0.24707,0.9375,-0.89258,0,9
1269,56,0.33691,1.04,0.78809,0,12
1269,56,0.38672,0.83594,1.0225,0,13
1269,56,0.39551,0.52148,-1.2441,0,13
1269,56,-0.17969,1.4043,0.2334,0,9
1269,56,-0.091797,1.2227,0.80078,0,10
1269,56,-0.09375,1.1621,0.93359,0,10
1269,56,-0.23633,0.12305,1.2314,0.356,5
1269,56,-0.13965,0.49512,1.4023,0.356,23
1269,56,-0.28027,0.59863,-1.3398,0.71201,9
1269,56,-0.20605,0.78809,-1.0361,-0.71201,6
1269,56,-0.16504,1.0391,-0.79395,-0.356,18
1270,64,0.077148,1.2275,-0.027344,0,8
1270,64,0.039063,1.2588,-0.030273,0,24
1270,64,0.040039,1.2871,-0.043945,0,47
1270,64,0.082031,1.3135,-0.077148,0,62
1270,64,0.041992,1.3398,-0.13477,0,59
1270,64,0.085938,1.3623,-0.17773,0,47
1270,64,0.087891,1.3906,-0.18555,0,38
1270,64,0.089844,1.4209,-0.18066,0,31
1270,64,0.091797,1.4453,-0.21582,0,21
1270,64,0.09375,1.4736,-0.22363,0,10
1270,64,-0.039063,1.2588,-0.021484,0.356,25
1270,64,0,1.2881,-0.032227,0.356,58
1270,64,0,1.3184,-0.0048828,0.356,87
1270,64,0,1.3467,0.033203,0.356,90
1270,64,0.042969,1.3721,0.10059,0.356,64
1270,64,0.087891,1.3867,0.21289,0.356,33
1270,64,0.14063,2.25,-0.076172,0.356,12
1270,64,0,1.2588,-0.046875,0.71201,25
1270,64,0,1.2881,-0.038086,0.71201,55
1270,64,0.041016,1.3174,-0.0029297,0.71201,78
1270,64,0.041992,1.3467,0.00097656,0.71201,77
1270,64,0.042969,1.376,0.029297,0.71201,52
1270,64,0.043945,1.4033,0.068359,0.71201,23
1270,64,0.13867,2.2207,0.043945,0.71201,13
1270,64,0.070313,2.2539,-0.045898,0.71201,16
1270,64,0.071289,2.2822,-0.073242,0.71201,16
1270,64,0.072266,2.3096,-0.11914,0.71201,12
1270,64,0.039063,1.2539,-0.1123,1.068,10
1270,64,0.040039,1.2861,-0.068359,1.068,16
1270,64,0.041016,1.3135,-0.10059,1.068,19
1270,64,0.041992,1.3457,-0.054688,1.068,17
1270,64,0,1.376,-0.054688,1.068,11
1270,64,0,1.124,-0.42285,1.424,6
1270,64,0,1.1514,-0.43359,1.424,7
1270,64,0,1.1455,-0.24609,1.78,11
1270,64,0,1.1582,-0.31836,1.78,16
1270,64,0,1.1777,-0.35449,1.78,18
1270,64,0,1.1973,-0.38965,1.78,15
1270,64,0,1.2363,-0.36328,1.78,10
1270,64,0,1.1592,-0.17285,2.136,7
1270,64,0,1.1758,-0.24609,2.136,11
1270,64,0,1.1885,-0.31543,2.136,12
1270,64,0,1.2227,-0.30273,2.136,10
1270,64,0.19727,1.2432,0.029297,-0.71201,11
1270,64,0.16113,1.2734,-0.11523,-0.71201,16
1270,64,0.16504,1.2832,-0.25293,-0.71201,16
1270,64,0.12598,1.2725,-0.42578,-0.71201,13
1270,64,0.085938,1.3086,-0.41992,-0.71201,14
1270,64,0.087891,1.3643,-0.3291,-0.71201,18
1270,64,0.089844,1.4023,-0.29102,-0.71201,18
1270,64,0.1377,1.4209,-0.3252,-0.71201,14
1270,64,0.15332,1.2207,0.018555,-0.356,15
1270,64,0.15723,1.249,0.0097656,-0.356,39
1270,64,0.16113,1.2764,-0.076172,-0.356,60
1270,64,0.16504,1.2881,-0.22754,-0.356,62
1270,64,0.12598,1.2617,-0.45508,-0.356,51
1270,64,0.085938,1.2646,-0.53711,-0.356,43
1270,64,0.087891,1.3398,-0.41602,-0.356,47
1270,64,0.089844,1.3955,-0.32129,-0.356,49
1270,64,0.1377,1.4297,-0.28809,-0.356,38
1270,64,0.13965,1.4551,-0.30566,-0.356,18
1270,64,-0.4502,0.79688,0.77734,1.424,4
1270,64,-0.51172,0.62891,0.96387,1.78,8
1270,64,-0.33691,0.47461,1.2148,-0.71201,7
1271,64,0.11816,1.2197,0.28906,0,15
1271,64,0.080078,1.2705,0.2002,0,43
1271,64,0.082031,1.3076,0.14648,0,86
1271,64,0.083984,1.3398,0.11621,0,114
1271,64,0.042969,1.374,0.078125,0,107
1271,64,0.043945,1.3955,-0.16895,0,74
1271,64,0.044922,1.3604,-0.4541,0,43
1271,64,0.091797,1.4014,-0.41504,0,22
1271,64,0,1.4004,-0.51953,0,7
1271,64,1.8154,0.34766,-0.30957,0,5
1271,64,1.8447,0.27051,-0.38672,0,6
1271,64,1.1475,0.52637,1.4639,0,4
1271,64,0.31445,1.1426,0.4248,0.356,11
1271,64,0,1.2881,0.051758,0.356,57
1271,64,0.082031,1.3057,0.16309,0.356,144
1271,64,0.041992,1.3301,0.20801,0.356,217
1271,64,0.085938,1.3564,0.21875,0.356,217
1271,64,0.043945,1.4004,-0.11426,0.356,153
1271,64,0.044922,1.3623,-0.4502,0.356,86
1271,64,0.091797,1.4277,-0.31445,0.356,42
1271,64,1.8154,0.37598,-0.27441,0.356,10
1271,64,-1.9033,0,-0.13281,0.356,10
1271,64,0,2.6611,0.15234,0.356,10
1271,64,0,2.6807,0.27637,0.356,10
1271,64,0.040039,1.2217,-0.40723,0.71201,30
1271,64,0.041016,1.2344,-0.46094,0.71201,75
1271,64,0.041992,1.2646,-0.46191,0.71201,123
1271,64,0.042969,1.3066,-0.43066,0.71201,146
1271,64,0.043945,1.3525,-0.37988,0.71201,126
1271,64,0.044922,1.3994,-0.31641,0.71201,80
1271,64,0.045898,1.4424,-0.25098,0.71201,35
1271,64,0.082031,2.6328,0.10938,0.71201,11
1271,64,0.083008,2.6621,0.10156,0.71201,13
1271,64,0.083984,2.6895,0.14844,0.71201,12
1271,64,0,1.2754,-0.1875,1.068,15
1271,64,0,1.3105,-0.13574,1.068,42
1271,64,0,1.3408,-0.13379,1.068,70
1271,64,0.042969,1.3682,-0.14355,1.068,81
1271,64,0,1.3975,-0.14941,1.068,63
1271,64,0.044922,1.4248,-0.16699,1.068,34
1271,64,0.045898,1.4424,-0.24707,1.068,11
1271,64,0.23633,1.2002,0.30078,-0.71201,9
1271,64,0.24121,1.207,0.38281,-0.71201,13
1271,64,0.3291,1.2012,0.43262,-0.71201,13
1271,64,0,1.3203,-0.26953,-0.71201,12
1271,64,0.042969,1.3711,-0.10938,-0.71201,15
1271,64,0.087891,1.3955,-0.14453,-0.71201,12
1271,64,0.15332,1.1953,0.24707,-0.356,11
1271,64,0.23633,1.1943,0.32324,-0.356,28
1271,64,0.28223,1.1895,0.40723,-0.356,42
1271,64,0.3291,1.1592,0.53418,-0.356,42
1271,64,0,1.3291,-0.22363,-0.356,54
1271,64,0.042969,1.3711,-0.11328,-0.356,66
1271,64,0.087891,1.4004,-0.086914,-0.356,52
1271,64,0.13477,1.4189,-0.16797,-0.356,25
1271,64,-0.51367,0.44531,1.3301,0,4
1271,64,1.0547,0.29004,1.5225,0,4
1271,64,1.1299,0.29199,1.5039,0,5
1271,64,1.873,0.15625,-0.45313,0,4
1271,64,-0.11816,1.1807,-0.42188,0.356,10
1271,64,1.1133,0,1.6006,0.356,8
1271,64,1.1299,0,1.5898,0.356,9
1271,64,-0.16504,1.1582,-0.60645,-0.71201,9
1271,64,0.33691,1.2041,0.50293,-0.71201,9
1272,37,0,1.2949,-0.24512,0,11
1272,37,0.041992,1.3301,-0.20898,0,36
1272,37,0,1.3594,-0.21484,0,68
1272,37,0.043945,1.3896,-0.20508,0,88
1272,37,0.044922,1.418,-0.21973,0,77
1272,37,0.045898,1.4453,-0.22852,0,47
1272,37,0.046875,1.4648,-0.28613,0,17
1272,37,0.080078,1.2842,-0.071289,0.356,13
1272,37,0.082031,1.3086,-0.13086,0.356,37
1272,37,0.041992,1.3418,-0.11523,0.356,90
1272,37,0.042969,1.3721,-0.1084,0.356,158
1272,37,0.043945,1.4014,-0.10645,0.356,194
1272,37,0.044922,1.4307,-0.098633,0.356,166
1272,37,0.045898,1.4619,-0.075195,0.356,101
1272,37,0,1.4941,0.011719,0.356,39
1272,37,0,1.3145,-0.09082,0.71201,13
1272,37,0.041992,1.3428,-0.10059,0.71201,36
1272,37,0.042969,1.373,-0.083008,0.71201,65
1272,37,0.043945,1.4033,-0.080078,0.71201,79
1272,37,0,1.4326,-0.084961,0.71201,68
1272,37,0.045898,1.4629,-0.041016,0.71201,41
1272,37,0,1.4941,-0.010742,0.71201,15
1272,37,0.083984,1.3428,-0.078125,-0.71201,7
1272,37,0.085938,1.374,-0.013672,-0.71201,10
1272,37,0.043945,1.3945,0.17578,-0.71201,10
1272,37,0.079102,1.0713,0.6582,-0.356,7
1272,37,0.080078,1.042,0.75488,-0.356,11
1272,37,0.082031,1.3027,-0.18262,-0.356,17
1272,37,0.12598,1.3408,-0.042969,-0.356,27
1272,37,0.085938,1.373,0.035156,-0.356,35
1272,37,0.087891,1.3975,0.12598,-0.356,37
1272,37,0,1.4111,0.26367,-0.356,33
1272,37,0.45801,1.3691,-0.24609,-0.356,31
1272,37,0.4668,1.4004,-0.22754,-0.356,25
1272,37,0.49316,1.3037,-0.3418,-0.356,26
1272,37,-0.045898,1.2314,0.79102,-0.356,25
1272,37,-0.09375,0.85645,1.2197,-0.356,16
1273,36,0.042969,1.332,-0.34473,0,6
1273,36,0,1.3428,-0.41504,0,7
1273,36,0.089844,1.3779,-0.3916,0,7
1273,36,0.41211,1.3965,-0.16016,0,8
1273,36,0.24121,1.2617,0.10254,0.356,11
1273,36,0.20605,1.2969,0.11035,0.356,15
1273,36,0.16797,1.332,0.11621,0.356,19
1273,36,0.042969,1.3691,0.13672,0.356,25
1273,36,0,1.3916,0.20215,0.356,33
1273,36,0,1.3604,0.45703,0.356,33
1273,36,-0.091797,1.0322,1.0352,0.356,28
1273,36,0,1.3711,0.12207,0.71201,7
1273,36,0,1.3936,0.18848,0.71201,10
1273,36,0,1.377,0.4043,0.71201,10
1273,36,0.39551,1.332,-0.21387,-0.71201,6
1273,36,0.44824,1.332,-0.29102,-0.71201,10
1273,36,0.41211,1.3789,-0.26953,-0.71201,11
1273,36,0.15723,1.25,0,-0.356,7
1273,36,0.20117,1.2715,0.048828,-0.356,13
1273,36,0.20605,1.3008,0.057617,-0.356,17
1273,36,0.21094,1.3291,0.070313,-0.356,18
1273,36,0.085938,1.3359,0.31934,-0.356,16
1273,36,0,1.209,0.7168,-0.356,21
1273,36,0.44824,1.3398,-0.24902,-0.356,34
1273,36,0.41211,1.3828,-0.25195,-0.356,37
1273,36,0.41992,1.4082,-0.26563,-0.356,30
1273,36,0.44824,1.3369,-0.2666,0.356,24
1273,36,0.41211,1.3896,-0.20605,0.356,26
1273,36,0.44824,1.3232,-0.32617,0.71201,7
1273,36,-0.043945,1.2461,0.64941,-0.71201,6
1273,36,-0.044922,1.0664,0.95996,-0.71201,8
1273,36,-0.091797,0.84961,1.1895,-0.71201,8
1273,36,0.43945,1.3125,-0.24707,-0.356,21
1273,36,-0.089844,1.04,0.98535,-0.356,27
1273,36,-0.091797,0.83301,1.2012,-0.356,27
1273,36,-0.13965,0.72363,1.2988,-0.356,21
1307,8,0.11816,1.249,0.10742,0.356,7
1307,8,0.12109,1.2676,0.20117,0.356,11
1307,8,0.12402,1.2822,0.28125,0.356,11
1307,8,0.11816,1.2314,0.23633,-0.356,10
1307,8,0.12109,1.2549,0.26563,-0.356,16
1307,8,0.082031,1.2754,0.32227,-0.356,16
1307,8,0.041992,1.3271,0.22949,-0.356,10
1307,8,-0.46289,1.0088,-0.7627,-0.356,6
1308,50,0.075195,1.0527,0.57324,0,6
1308,50,0.077148,1.1055,0.53418,0,22
1308,50,0.039063,1.1328,0.54785,0,44
1308,50,0.040039,1.167,0.54492,0,58
1308,50,0.041016,1.1963,0.55176,0,53
1308,50,0.041992,1.248,0.50488,0,34
1308,50,0.12891,1.3213,0.3623,0,22
1308,50,0.087891,1.374,0.28223,0,17
1308,50,0.089844,1.4209,0.17969,0,9
1308,50,0.19238,1.21,0.1084,0.356,6
1308,50,0.15723,1.2158,0.29004,0.356,16
1308,50,0.20117,1.2334,0.31641,0.356,33
1308,50,0.16504,1.2607,0.3457,0.356,43
1308,50,0.16797,1.292,0.34082,0.356,44
1308,50,0.17188,1.3291,0.31445,0.356,36
1308,50,0.13184,1.3516,0.36426,0.356,28
1308,50,0.13477,1.3691,0.40918,0.356,25
1308,50,0.1377,1.3789,0.47363,0.356,19
1308,50,0.13965,1.4268,0.41797,0.356,11
1308,50,0.12109,1.2256,0.38086,0.71201,10
1308,50,0.16504,1.2412,0.41211,0.71201,13
1308,50,0.16797,1.2939,0.33691,0.71201,13
1308,50,0.17188,1.3311,0.30762,0.71201,11
1308,50,0.13184,1.3408,0.40137,0.71201,9
1308,50,0.044922,1.3447,0.49902,0.71201,7
1308,50,0.040039,1.1602,0.55859,-1.068,8
1308,50,0.082031,1.2168,0.5,-1.068,10
1308,50,0.041992,1.2734,0.43652,-1.068,9
1308,50,0,1.3096,0.4248,-1.068,6
1308,50,0.1123,1.126,0.40234,-0.71201,8
1308,50,0.077148,1.1611,0.39941,-0.71201,26
1308,50,0.079102,1.1885,0.41016,-0.71201,54
1308,50,0.040039,1.2197,0.41406,-0.71201,72
1308,50,0.082031,1.2441,0.42871,-0.71201,69
1308,50,0.083984,1.2676,0.44824,-0.71201,44
1308,50,0,1.2783,0.51074,-0.71201,15
1308,50,0.044922,1.4102,0.26367,-0.71201,8
1308,50,0.075195,1.124,0.41602,-0.356,12
1308,50,0.077148,1.1563,0.41309,-0.356,46
1308,50,0.079102,1.1904,0.40332,-0.356,92
1308,50,0.080078,1.2217,0.40137,-0.356,122
1308,50,0.082031,1.248,0.41699,-0.356,107
1308,50,0.041992,1.2822,0.41211,-0.356,54
1308,50,0,1.2031,0.66797,-0.356,14
1308,50,0.087891,1.3418,0.41016,-0.356,30
1308,50,0.089844,1.3701,0.41797,-0.356,30
1308,50,0.1377,1.3994,0.40918,-0.356,19
1308,50,-0.40332,0.61816,-1.2305,0,5
1308,50,-0.5166,0.89844,-0.90625,-0.71201,8
1308,50,-0.55957,0.94141,-0.83398,-0.356,12
1309,64,0.15332,1.1973,0.2373,0,5
1309,64,0.19727,1.2051,0.30762,0,13
1309,64,0.20117,1.2168,0.37305,0,21
1309,64,0.20605,1.2197,0.45508,0,22
1309,64,0.25293,1.0078,0.85742,0,13
1309,64,0,1.375,-0.0625,0,16
1309,64,0.087891,1.3818,0.24219,0,23
1309,64,0.089844,1.376,0.39844,0,26
1309,64,0.1377,1.3965,0.41797,0,23
1309,64,0.13965,1.4199,0.44336,0,16
1309,64,0.19043,1.4521,0.41797,0,9
1309,64,0.20313,2.1289,0.35059,0,11
1309,64,0.1377,2.0928,0.65234,0,13
1309,64,0.13867,2.0928,0.74707,0,11
1309,64,0.21191,2.0703,0.86816,0,7
1309,64,0.19238,1.1982,0.20313,0.356,18
1309,64,0.19727,1.2129,0.27734,0.356,47
1309,64,0.20117,1.2256,0.34375,0.356,72
1309,64,0.20605,1.2139,0.46973,0.356,71
1309,64,0.21094,0.84863,1.0254,0.356,46
1309,64,0.042969,1.374,-0.0625,0.356,43
1309,64,0.043945,1.377,0.28027,0.356,56
1309,64,0.13477,1.3623,0.43066,0.356,64
1309,64,0.18262,1.3857,0.43652,0.356,58
1309,64,0.18652,1.4199,0.42383,0.356,41
1309,64,0.14258,1.4443,0.46289,0.356,20
1309,64,0.20605,2.1475,0.41211,0.356,15
1309,64,0.20898,2.1768,0.41699,0.356,13
1309,64,0.19727,1.2178,0.25195,0.71201,15
1309,64,0.20117,1.2012,0.4209,0.71201,23
1309,64,0.16504,1.1797,0.56348,0.71201,22
1309,64,0.21094,0.50098,1.2324,0.71201,14
1309,64,0.042969,1.376,0.03125,0.71201,16
1309,64,0.087891,1.3623,0.33398,0.71201,24
1309,64,0.13477,1.3555,0.45117,0.71201,30
1309,64,0.18262,1.3789,0.45703,0.71201,30
1309,64,0.18652,1.4023,0.47852,0.71201,22
1309,64,0.14258,1.4502,0.44141,0.71201,11
1309,64,0.036133,1.0693,0.47656,-2.136,12
1309,64,0.037109,1.0918,0.49805,-2.136,20
1309,64,0.038086,1.1035,0.54102,-2.136,22
1309,64,0.079102,1.1572,0.49121,-2.136,17
1309,64,0.080078,1.2324,0.36914,-2.136,8
1309,64,0.073242,0.97168,0.65039,-1.78,10
1309,64,0.037109,1.0225,0.62793,-1.78,15
1309,64,0.038086,1.0225,0.68262,-1.78,16
1309,64,0.079102,1.0166,0.73926,-1.78,12
1309,64,0.071289,1.042,0.46289,-1.424,14
1309,64,0.073242,1.0625,0.4873,-1.424,43
1309,64,0.075195,1.1025,0.46973,-1.424,79
1309,64,0.077148,1.1348,0.46875,-1.424,94
1309,64,0.039063,1.168,0.46973,-1.424,78
1309,64,0.040039,1.1963,0.47852,-1.424,42
1309,64,0.041016,1.2178,0.50391,-1.424,13
1309,64,0.071289,1.0244,0.50098,-1.068,25
1309,64,0.073242,1.0557,0.50293,-1.068,75
1309,64,0.075195,1.0908,0.49707,-1.068,133
1309,64,0.038086,1.125,0.49512,-1.068,154
1309,64,0.039063,1.1563,0.49707,-1.068,122
1309,64,0.040039,1.1836,0.50781,-1.068,63
1309,64,0,1.2256,0.48535,-1.068,19
1309,64,0.071289,1.0029,0.54297,-0.71201,12
1309,64,0.036133,1.0498,0.51855,-0.71201,35
1309,64,0.037109,1.0811,0.52148,-0.71201,62
1310,64,0.16113,1.2373,0.32227,0,8
1310,64,0.28809,1.2139,0.4248,0,9
1310,64,0,1.2383,-0.53027,0,17
1310,64,0.042969,1.3652,-0.17383,0,29
1310,64,0.043945,1.4053,-0.026367,0,31
1310,64,0.089844,1.4297,0.083008,0,25
1310,64,0.18262,1.4404,0.19238,0,16
1310,64,0.2334,1.457,0.23438,0,10
1310,64,0.19727,1.2188,0.25,0.356,20
1310,64,0.20117,1.2275,0.33691,0.356,48
1310,64,0.24707,1.2354,0.38672,0.356,69
1310,64,0.25293,1.2422,0.45801,0.356,63
1310,64,0.21484,1.1611,0.70703,0.356,29
1310,64,0.13184,1.376,-0.25781,0.356,18
1310,64,0.31348,1.3896,0.17285,0.356,31
1310,64,0.32031,1.4121,0.2207,0.356,30
1310,64,0.20117,1.2197,0.36426,0.71201,15
1310,64,0.20605,1.2275,0.43262,0.71201,21
1310,64,0.21094,1.2314,0.50391,0.71201,19
1310,64,0.17188,1.165,0.71289,0.71201,8
1310,64,0,0.87207,0.34277,-3.204,6
1310,64,0,0.87598,0.4082,-3.204,8
1310,64,0.03125,0.93652,0.33789,-3.204,8
1310,64,0.032227,0.96387,0.34766,-3.204,6
1310,64,0,0.86035,0.37305,-2.848,8
1310,64,0,0.88672,0.38379,-2.848,10
1310,64,0.03125,0.87402,0.47559,-2.848,8
1310,64,0.095703,0.91113,0.45898,-2.848,17
1310,64,0.098633,0.93066,0.48535,-2.848,29
1310,64,0.067383,0.97266,0.47266,-2.848,32
1310,64,0.10449,1.0059,0.46582,-2.848,25
1310,64,0.10742,1.0068,0.52832,-2.848,12
1310,64,0,0.83496,0.42676,-2.492,7
1310,64,0,0.87988,0.39844,-2.492,8
1310,64,0.095703,0.875,0.52539,-2.492,24
1310,64,0.098633,0.91895,0.50781,-2.492,47
1310,64,0.10156,0.95313,0.50488,-2.492,54
1310,64,0.10449,0.98438,0.50879,-2.492,41
1310,64,0.071289,1.0205,0.50879,-2.492,20
1310,64,0,0.88672,0.38379,-2.136,5
1310,64,0.095703,0.85156,0.5625,-2.136,12
1310,64,0.06543,0.89941,0.5459,-2.136,22
1310,64,0.067383,0.94238,0.53125,-2.136,25
1310,64,0.069336,0.97852,0.52539,-2.136,20
1310,64,0.032227,0.98438,0.28418,-1.78,6
1310,64,0,1.6025,1.2314,-1.78,15
1310,64,0,0.43457,2.0039,-1.78,14
1310,64,0.20117,1.2715,0.067383,-0.71201,11
1310,64,0.16504,1.3066,0.049805,-0.71201,19
1310,64,0.16797,1.3369,-0.017578,-0.71201,25
1310,64,0.17188,1.3594,-0.13184,-0.71201,25
1310,64,-0.35156,0.31348,-1.3242,-0.71201,24
1310,64,-0.3584,0,1.4316,-0.71201,17
1310,64,0.23633,1.2314,0.12305,-0.356,15
1310,64,0.20117,1.2627,0.15918,-0.356,36
1310,64,0.20605,1.29,0.1748,-0.356,59
1310,64,0.16797,1.3291,0.14258,-0.356,68
1310,64,0.17188,1.3613,0.1123,-0.356,61
1310,64,0.087891,1.3945,-0.15137,-0.356,43
1310,64,0.044922,1.3086,-0.58789,-0.356,26
1310,64,-0.16504,1.1104,-0.69141,0,6
1310,64,-0.46289,0,1.334,0,10
1310,64,-0.47363,0,-1.3389,0,15
1310,64,-0.39551,0.51563,-1.2471,0,16
1311,64,0,0.86035,0.17969,0,5
1311,64,0,0.90527,0.071289,0,12
1311,64,0,0.93652,0.038086,0,20
1311,64,0,0.96582,0.027344,0,22
1311,64,0,0.99609,0.0029297,0,16
1311,64,-0.3291,0.20898,1.2588,0,23
1311,64,0.083984,1.3057,0.32031,0,32
1311,64,0.085938,1.3496,0.25977,0,39
1311,64,0.087891,1.3789,0.25977,0,35
1311,64,0.13477,1.3984,0.29199,0,24
1311,64,0.091797,1.4346,0.2793,0,15
1311,64,0.13965,1.4609,0.28027,0,10
1311,64,-0.049805,0.78711,0.063477,0.356,7
1311,64,-0.025391,0.81836,0.038086,0.356,12
1311,64,0,0.84863,0.039063,0.356,13
1311,64,0,0.87598,0.074219,0.356,16
1311,64,0,0.90625,0.058594,0.356,29
1311,64,0,0.93555,0.060547,0.356,44
1311,64,0,0.96484,0.057617,0.356,46
1311,64,0,0.99316,0.06543,0.356,32
1311,64,0.12598,1.3389,0.082031,0.356,37
1311,64,0.17188,1.3652,0.042969,0.356,43
1311,64,0.26367,1.3789,-0.072266,0.356,36
1311,64,0.40332,1.3604,-0.21191,0.356,29
1311,64,0.45801,1.3486,-0.34082,0.356,25
1311,64,-0.024414,0.79004,0.0087891,0.71201,13
1311,64,-0.050781,0.81836,0.018555,0.71201,23
1311,64,-0.026367,0.84863,0.012695,0.71201,28
1311,64,0,0.87793,0.021484,0.71201,24
1311,64,0,0.90723,0.043945,0.71201,20
1311,64,0,0.93359,0.084961,0.71201,20
1311,64,0,0.96094,0.10254,0.71201,19
1311,64,0.30762,1.3643,-0.14355,0.71201,8
1311,64,0.44824,1.3428,-0.23633,0.71201,7
1311,64,0,0.78906,0.044922,1.068,7
1311,64,0,0.81641,0.077148,1.068,11
1311,64,-0.052734,0.8457,0.061523,1.068,13
1311,64,0,0.87793,0.043945,1.068,10
1311,64,0,0.90527,0.071289,1.068,7
1311,64,0,0.81543,-0.083984,1.424,7
1311,64,-0.080078,0.84375,-0.05957,1.424,10
1311,64,0,0.87891,-0.0078125,1.424,10
1311,64,0,0.90527,-0.066406,1.424,9
1311,64,0,0.93262,-0.095703,1.424,7
1311,64,0,0.87793,-0.040039,1.78,5
1311,64,0,0.9082,0,1.78,6
1311,64,0.12598,1.3164,-0.25488,-1.068,6
1311,64,0.085938,1.3672,-0.13574,-1.068,7
1311,64,-0.24121,0.80762,0.97461,-0.71201,18
1311,64,-0.28809,0.83984,0.97363,-0.71201,24
1311,64,0.041992,1.3008,0.34863,-0.71201,26
1311,64,0.085938,1.3584,0.20313,-0.71201,31
1311,64,0.087891,1.3994,0.098633,-0.71201,26
1311,64,0.17969,1.4229,0.050781,-0.71201,17
1311,64,0.027344,0.87402,0.089844,-0.356,9
1311,64,0,0.90332,0.092773,-0.356,11
1311,64,0.029297,0.93457,0.058594,-0.356,11
1311,64,0,0.96582,-0.02832,-0.356,7
1311,64,-0.28223,0.49414,1.1563,-0.356,36
1311,64,0.12402,1.2959,0.20801,-0.356,53
1311,64,0.083984,1.3398,0.1123,-0.356,89
1311,64,0.12891,1.3643,0.12988,-0.356,106
1311,64,0.13184,1.3975,0.085938,-0.356,89
1311,64,0.17969,1.4238,0.027344,-0.356,56
1312,48,0,1.2295,-0.032227,0,6
1312,48,-0.079102,1.2383,-0.2168,0,12
1312,48,-0.12109,1.2451,-0.31055,0,17
1312,48,-0.16504,1.2461,-0.39648,0,16
1312,48,0.12598,1.334,0.14063,0,17
1312,48,0.085938,1.3721,-0.067383,0,17
1312,48,0.043945,1.3848,-0.24121,0,13
1312,48,0,1.4277,-0.14746,0,8
1312,48,0.1377,1.4316,0.27441,0,9
1312,48,0.038086,1.2295,-0.018555,0.356,18
1312,48,0.079102,1.2568,0.033203,0.356,46
1312,48,0.080078,1.2861,0.020508,0.356,73
1312,48,0.082031,1.3154,-0.018555,0.356,76
1312,48,0.041992,1.3271,-0.22852,0.356,53
1312,48,0,1.3379,-0.32324,0.356,37
1312,48,0,1.3896,-0.21289,0.356,38
1312,48,0,1.4131,-0.25098,0.356,30
1312,48,-0.091797,0.75879,1.249,0.356,19
1312,48,0,1.2295,-0.03418,0.71201,14
1312,48,0,1.2598,0,0.71201,29
1312,48,0.040039,1.2881,0.027344,0.71201,42
1312,48,0.041016,1.3174,0.011719,0.71201,40
1312,48,0,1.3467,-0.042969,0.71201,24
1312,48,0,1.3857,-0.23438,0.71201,13
1312,48,0,1.2598,0,1.068,7
1312,48,0.11816,1.249,0.10742,-0.71201,11
1312,48,0.12109,1.2822,0.041016,-0.71201,17
1312,48,0.16504,1.3066,-0.061523,-0.71201,18
1312,48,0.16797,1.0498,0.82715,-0.71201,12
1312,48,0,1.417,0.22656,-0.71201,8
1312,48,0.045898,1.4531,0.17578,-0.71201,11
1312,48,0.046875,1.4912,0.068359,-0.71201,10
1312,48,0.11523,1.2246,0.036133,-0.356,12
1312,48,0.15723,1.249,0.048828,-0.356,34
1312,48,0.16113,1.2783,0.037109,-0.356,54
1312,48,0.16504,1.3076,-0.0039063,-0.356,57
1312,48,0.12598,0.95215,-0.94531,-0.356,35
1312,48,-0.042969,1.207,-0.66016,-0.356,18
1312,48,0,1.3779,-0.27637,-0.356,18
1312,48,0,1.3672,0.43555,-0.356,22
1312,48,0,1.3604,0.54199,-0.356,22
1312,48,0.046875,1.4043,0.50586,-0.356,16
1312,48,0.32227,0.97656,0.77637,0,9
1312,48,0.28809,1.165,0.54395,0,13
1312,48,0.44824,1.0498,0.87012,0.356,17
1312,48,0.45801,1.3564,-0.30762,0.356,18
1312,48,0.38672,1.209,0.53223,-0.356,13
1312,48,0.43945,1.1855,0.61523,-0.356,15
1313,64,0.079102,1.252,0.11621,0,16
1313,64,0.080078,1.2852,0.05957,0,44
1313,64,0.082031,1.3145,0.041016,0,76
1313,64,0.083984,1.3438,0.03418,0,88
1313,64,0.085938,1.374,0.030273,0,70
1313,64,0.087891,1.4023,0.037109,0,39
1313,64,0.089844,1.4316,0.032227,0,18
1313,64,0.091797,1.46,0.06543,0,10
1313,64,1.8447,0.42578,-0.20508,0,5
1313,64,-0.039063,1.248,-0.16602,0.356,21
1313,64,0,1.2725,-0.20215,0.356,62
1313,64,0,1.3086,-0.15625,0.356,114
1313,64,0.041992,1.3398,-0.13477,0.356,134
1313,64,0,1.3711,-0.12109,0.356,107
1313,64,0,1.3975,-0.15234,0.356,53
1313,64,0,1.3604,-0.45703,0.356,17
1313,64,-1.874,0,-0.2373,0.356,9
1313,64,-1.9033,0,-0.28125,0.356,8
1313,64,0,1.2402,-0.2168,0.71201,21
1313,64,0,1.2783,-0.16406,0.71201,53
1313,64,0,1.3115,-0.12598,0.71201,84
1313,64,0.041992,1.3438,-0.092773,0.71201,94
1313,64,0,1.375,-0.070313,0.71201,71
1313,64,0,1.4043,-0.060547,0.71201,36
1313,64,0.044922,1.4248,-0.16895,0.71201,12
1313,64,0,1.209,-0.22461,1.068,6
1313,64,0,1.2393,-0.22363,1.068,15
1313,64,0.040039,1.2705,-0.21289,1.068,25
1313,64,0,1.3018,-0.20703,1.068,29
1313,64,0.041992,1.335,-0.17773,1.068,25
1313,64,0,1.3623,-0.19531,1.068,15
1313,64,0.038086,1.1768,-0.35645,1.424,11
1313,64,0.039063,1.2168,-0.32227,1.424,15
1313,64,0,1.2363,-0.36328,1.424,15
1313,64,0,1.2705,-0.34961,1.424,12
1313,64,0,1.3125,-0.30371,1.424,6
1313,64,0,1.2129,-0.20313,1.78,9
1313,64,0,1.2139,-0.33398,1.78,11
1313,64,0,1.251,-0.30859,1.78,11
1313,64,0,1.25,-0.41699,1.78,8
1313,64,0.19727,1.2363,0.14063,-0.71201,10
1313,64,0.20117,1.2598,0.18359,-0.71201,18
1313,64,0.20605,1.2783,0.24414,-0.71201,24
1313,64,0.21094,1.3037,0.2666,-0.71201,22
1313,64,0.21484,1.3164,0.33984,-0.71201,16
1313,64,0.17578,1.3291,0.42383,-0.71201,9
1313,64,0.13477,1.3828,0.35938,-0.71201,6
1313,64,0.15332,1.2148,0.11719,-0.356,10
1313,64,0.19727,1.2305,0.18164,-0.356,31
1313,64,0.20117,1.25,0.24023,-0.356,59
1313,64,0.20605,1.2705,0.28516,-0.356,78
1313,64,0.21094,1.292,0.31934,-0.356,75
1313,64,0.21484,1.3115,0.35742,-0.356,55
1313,64,0.21973,1.332,0.39355,-0.356,35
1313,64,0.17969,1.3574,0.42871,-0.356,24
1313,64,0.1377,1.4199,0.33301,-0.356,18
1313,64,-0.43945,0,1.3662,0,20
1313,64,-0.49316,0,1.3584,0,10
1313,64,1.0713,0,1.666,0,4
1313,64,-0.52734,0.15137,1.2949,0.356,30
1313,64,-0.62793,0.18262,1.2773,0.356,10
1313,64,1.1133,0,1.6504,0.356,7
1313,64,1.1299,0,1.8184,0.356,7
1313,64,-0.35156,0.90137,-1.0205,-0.71201,5
1314,43,0.12109,1.2783,-0.1123,0,5
1314,43,0.082031,1.2188,-0.49414,0,5
1314,43,0.041992,1.2021,-0.60742,0,13
1314,43,0.042969,1.2832,-0.49707,0,24
1314,43,0.087891,1.3467,-0.39355,0,31
1314,43,0.089844,1.3945,-0.32715,0,31
1314,43,0.091797,1.4248,-0.3252,0,23
1314,43,0.09375,1.4385,-0.39063,0,12
1314,43,0.15332,1.2139,0.12598,0.356,7
1314,43,0.19727,1.2402,0.091797,0.356,17
1314,43,0.20117,1.2656,0.1377,0.356,28
1314,43,0.20605,1.2822,0.22363,0.356,32
1314,43,0.083984,1.1953,0.61621,0.356,33
1314,43,0.085938,1.2939,-0.46191,0.356,49
1314,43,0.087891,1.3574,-0.35449,0.356,61
1314,43,0.089844,1.4053,-0.27832,0.356,58
1314,43,0.091797,1.4355,-0.27246,0.356,42
1314,43,0.09375,1.4561,-0.31934,0.356,22
1314,43,-0.041016,1.2344,-0.45996,0.71201,16
1314,43,0,1.2754,-0.43457,0.71201,31
1314,43,0.042969,1.3125,-0.41309,0.71201,45
1314,43,0.043945,1.3477,-0.39941,0.71201,46
1314,43,0.044922,1.3779,-0.40039,0.71201,34
1314,43,0.091797,1.417,-0.3584,0.71201,20
1314,43,0.082031,1.3047,-0.16504,1.068,11
1314,43,0,1.3291,-0.22168,1.068,20
1314,43,0,1.3535,-0.25098,1.068,27
1314,43,0.043945,1.3779,-0.27441,1.068,28
1314,43,0,1.4082,-0.27539,1.068,20
1314,43,0,1.4238,-0.34375,1.068,11
1314,43,0.15723,1.2393,-0.16211,-0.71201,6
1314,43,0.24121,1.2646,-0.046875,-0.71201,11
1314,43,0.20605,1.2979,-0.09668,-0.71201,13
1314,43,0.21094,1.3242,-0.13086,-0.71201,11
1314,43,0.17188,1.3604,-0.11621,-0.71201,7
1314,43,0.23047,1.208,-0.027344,-0.356,9
1314,43,0.23633,1.2363,-0.043945,-0.356,23
1314,43,0.24121,1.2646,-0.045898,-0.356,38
1314,43,0.20605,1.3008,-0.045898,-0.356,44
1314,43,0.21094,1.3281,-0.089844,-0.356,37
1314,43,0.17188,1.3623,-0.09082,-0.356,25
1314,43,0.087891,1.4023,0.045898,-0.356,14
1314,43,-0.54883,0.74609,1.1338,1.068,6
1315,31,0,1.2949,-0.37207,0,13
1315,31,0,1.3418,-0.30957,0,27
1315,31,0,1.374,-0.29785,0,36
1315,31,0,1.4004,-0.3125,0,33
1315,31,0.045898,1.4414,-0.25195,0,21
1315,31,0.09375,1.4795,-0.18164,0,10
1315,31,0.11816,1.2471,-0.12891,0.356,7
1315,31,0.20117,1.2705,-0.080078,0.356,11
1315,31,0.12402,1.2979,-0.19336,0.356,14
1315,31,0.041992,1.3223,-0.25293,0.356,29
1315,31,0.042969,1.3564,-0.23145,0.356,60
1315,31,0.043945,1.3857,-0.23438,0.356,83
1315,31,0.044922,1.4131,-0.24609,0.356,77
1315,31,0.045898,1.4434,-0.24316,0.356,49
1315,31,0.09375,1.4717,-0.23926,0.356,24
1315,31,0.041992,1.3291,-0.21387,0.71201,11
1315,31,0.042969,1.3652,-0.17188,0.71201,23
1315,31,0,1.3916,-0.20313,0.71201,30
1315,31,0.044922,1.4238,-0.17188,0.71201,28
1315,31,0,1.4502,-0.20215,0.71201,16
1315,31,0.19727,1.2314,-0.17969,-0.356,7
1315,31,0.16113,1.2529,-0.25586,-0.356,9
1315,31,0.24707,1.292,-0.081055,-0.356,11
1315,31,0.21094,1.3311,-0.018555,-0.356,12
1315,31,0.12891,1.3643,-0.12988,-0.356,14
1315,31,0.087891,1.3672,-0.31641,-0.356,19
1315,31,0.044922,1.375,-0.40918,-0.356,19
1315,31,-0.4668,0.19336,1.4053,0,6
1315,31,-0.4668,0,-1.4814,0.356,14
1315,31,-0.28223,0,1.2686,-0.356,5
1315,31,0.49316,1.3467,0.042969,-0.356,10
1316,24,0.27539,1.2285,0.0019531,0.356,15
1316,24,0.24121,1.2656,0.020508,0.356,21
1316,24,0.28809,1.2861,-0.023438,0.356,20
1316,24,0.25293,1.3232,-0.040039,0.356,13
1316,24,0.085938,1.3623,-0.1748,0.356,14
1316,24,0.043945,1.3965,-0.15137,0.356,21
1316,24,0.13477,1.4248,-0.10645,0.356,25
1316,24,1.4277,0,-1.7178,0.356,10
1316,24,1.3955,0,-1.6475,0.356,11
1316,24,0.28223,1.251,-0.13184,-0.71201,8
1316,24,0.28809,1.2744,-0.17383,-0.71201,7
1316,24,0.19238,1.2119,-0.082031,-0.356,8
1316,24,0.27539,1.2266,-0.079102,-0.356,19
1316,24,0.28223,1.2559,-0.067383,-0.356,26
1316,24,0.28809,1.2822,-0.097656,-0.356,24
1316,24,0.33691,1.3008,-0.10059,-0.356,16
1316,24,0.17188,1.3359,-0.28223,-0.356,10
1316,24,0.17578,1.3682,-0.27051,-0.356,16
1316,24,0.31348,1.3848,-0.20605,-0.356,24
1316,24,1.4277,0,1.6484,-0.356,14
1316,24,1.4512,0,1.7188,-0.356,15
1316,24,0.17188,1.3359,-0.28223,-0.356,10
1316,24,0.60449,1.001,1.3115,-0.356,8
1316,24,0.55859,0.66016,1.5635,-0.356,8
1317,13,0.24707,1.2803,0.19531,0.356,8
1317,13,0.16797,1.2939,0.33691,0.356,7
1317,13,0.43945,1.3242,0.17578,0.356,9
1317,13,0.40332,1.3672,0.16504,0.356,12
1317,13,0.28223,1.2568,0.051758,-0.356,7
1317,13,0.20605,1.2988,0.082031,-0.356,8
1317,13,0.16797,1.3115,0.25977,-0.356,7
1317,13,0.43945,1.335,0.042969,-0.356,12
1317,13,0.40332,1.377,-0.037109,-0.356,16
1317,13,0.32031,1.4199,-0.16016,-0.356,15
1317,13,-0.25293,0.32031,1.2842,-0.356,4
1317,13,-0.043945,0.86426,-1.1074,-0.356,7
1317,13,-0.089844,1.0742,-0.94727,-0.356,9
1318,14,0.24121,1.2656,0.039063,0.356,7
1318,14,0.20605,1.2949,0.13477,0.356,7
1318,14,0.083984,1.3408,0.097656,0.356,7
1318,14,0.042969,1.376,0.023438,0.356,11
1318,14,0,1.4033,-0.086914,0.356,16
1318,14,0,1.4307,-0.11719,0.356,17
1318,14,0.045898,1.4609,-0.086914,0.356,14
1318,14,0.24121,1.2656,0.029297,-0.356,7
1318,14,0.16504,1.3047,0.088867,-0.356,7
1318,14,0.083984,1.3438,0.048828,-0.356,8
1318,14,0.042969,1.3711,-0.11719,-0.356,14
1318,14,0.043945,1.3867,-0.22949,-0.356,21
1318,14,0.044922,1.4111,-0.25879,-0.356,22
1318,14,0,1.4346,-0.2959,-0.356,16
1346,5,0.19727,1.2168,-0.25977,0.356,6
1346,5,0.16113,1.2715,-0.13965,0.356,7
1346,5,0.12402,1.2813,-0.28223,0.356,7
1346,5,0.12109,1.2725,-0.16113,-0.356,6
1346,5,0.20605,1.2783,-0.24707,-0.356,7
1347,3,0.20117,1.2646,-0.1416,0.356,7
1347,3,0.16113,1.2686,-0.16309,-0.356,7
1347,3,-0.32227,0.31348,-1.208,-0.356,4
1348,3,0.12109,1.2725,0.16113,-0.356,4
1348,3,0.16504,1.2881,0.22656,-0.356,6
1348,3,0.12598,1.3262,0.19922,-0.356,5
1350,3,0.041016,1.2881,0.27734,-0.356,5
1350,3,0.083984,1.2939,0.36719,-0.356,7
1350,3,0.12891,1.3252,0.35059,-0.356,7
1352,2,0.041016,1.1982,0.54688,0.356,5
1352,2,0.082031,1.2559,0.3916,-0.356,6
1353,4,0.19727,1.2217,-0.23633,-0.356,4
1353,4,0.20117,1.2656,-0.13281,-0.356,5
1353,4,-0.19727,0.74707,0.99512,-0.356,3
1353,4,-0.28223,1.124,-0.56348,-0.356,3
1354,6,0.15723,1.2432,0.12891,0.356,7
1354,6,0.16113,1.2744,0.10938,0.356,9
1354,6,0.16504,1.3066,0.051758,0.356,8
1354,6,0.19727,1.2432,0.054688,-0.356,7
1354,6,0.16113,1.2783,0.015625,-0.356,9
1354,6,0.24707,1.2939,0.029297,-0.356,9
1355,13,0.23633,1.2354,-0.05957,0.356,6
1355,13,0.28223,1.2578,0.0048828,0.356,8
1355,13,0.28809,1.2852,0.05957,0.356,8
1355,13,0.23633,1.2373,0.019531,-0.356,6
1355,13,0.24121,1.2656,0.0048828,-0.356,8
1355,13,0.28809,1.2861,0,-0.356,8
1355,13,0.29492,1.3135,0.047852,-0.356,6
1355,13,-0.16113,0.6543,1.0986,0.356,5
1355,13,-0.16504,0.25195,1.2832,0.356,5
1355,13,-0.19727,0.61328,1.082,-0.356,4
1355,13,-0.16113,0.79883,0.99805,-0.356,6
1355,13,-0.12402,0.72949,1.0908,-0.356,6
1355,13,-0.21094,0.10742,-1.3262,-0.356,4
1356,21,0,1.1992,0.4707,0,6
1356,21,0,1.2334,0.46484,0,7
1356,21,0.083984,1.2461,0.50488,0,7
1356,21,0.085938,1.2061,0.65723,0,6
1356,21,0.11816,1.1953,0.37988,0.356,9
1356,21,0.080078,1.1934,0.47949,0.356,12
1356,21,0.041016,1.1855,0.5752,0.356,13
1356,21,0,1.2188,0.5752,0.356,13
1356,21,0.042969,1.2734,0.52051,0.356,13
1356,21,0.043945,1.374,0.29492,0.356,10
1356,21,0,1.2236,0.40332,-0.71201,6
1356,21,0.041016,1.2383,0.4502,-0.71201,8
1356,21,0,1.2793,0.42188,-0.71201,7
1356,21,0.042969,1.3066,0.43066,-0.71201,7
1356,21,0.038086,1.1777,0.35156,-0.356,6
1356,21,0.079102,1.1865,0.41504,-0.356,14
1356,21,0.040039,1.1992,0.46973,-0.356,21
1356,21,0.041016,1.2256,0.48242,-0.356,25
1356,21,0.041992,1.252,0.49609,-0.356,24
1356,21,0.085938,1.3086,0.41992,-0.356,22
1356,21,0.13184,1.3525,0.35938,-0.356,17
1357,52,0.037109,1.1035,0.47168,0,15
1357,52,0.077148,1.1221,0.49805,0,37
1357,52,0.079102,1.1572,0.49219,0,61
1357,52,0.040039,1.1826,0.51074,0,67
1357,52,0.041016,1.2168,0.50586,0,50
1357,52,0.041992,1.2461,0.51074,0,27
1357,52,0,1.3154,0.40527,0,12
1357,52,0,1.3613,0.35156,0,7
1357,52,0.089844,1.3779,0.3916,0,7
1357,52,0.091797,1.416,0.36035,0,6
1357,52,0.19238,1.1523,0.38477,0.356,7
1357,52,0.15723,1.1758,0.42383,0.356,15
1357,52,0.16113,1.2139,0.40332,0.356,25
1357,52,0.12402,1.251,0.39551,0.356,33
1357,52,0.12598,1.292,0.36133,0.356,41
1357,52,0.085938,1.3291,0.34766,0.356,47
1357,52,0.087891,1.3564,0.36035,0.356,48
1357,52,0.089844,1.3789,0.38672,0.356,40
1357,52,0.1377,1.4121,0.36328,0.356,27
1357,52,0.18652,1.4258,0.4043,0.356,13
1357,52,0.082031,1.2324,0.45996,0.71201,8
1357,52,0.083984,1.2861,0.39063,0.71201,11
1357,52,0.085938,1.3076,0.41992,0.71201,13
1357,52,0.087891,1.3516,0.37793,0.71201,14
1357,52,0.089844,1.3779,0.3916,0.71201,12
1357,52,0.1377,1.4004,0.4043,0.71201,8
1357,52,0.082031,1.1816,0.57715,-1.068,8
1357,52,0.041992,1.207,0.59668,-1.068,9
1357,52,0.085938,1.2246,0.62402,-1.068,8
1357,52,0.075195,1.1396,0.36914,-0.71201,14
1357,52,0.077148,1.1582,0.40625,-0.71201,36
1357,52,0.079102,1.1816,0.42871,-0.71201,57
1357,52,0.040039,1.2139,0.43066,-0.71201,57
1357,52,0.041016,1.2324,0.46484,-0.71201,37
1357,52,0,1.2246,0.56055,-0.71201,12
1357,52,0.12891,1.3184,0.37305,-0.71201,10
1357,52,0.087891,1.3604,0.34473,-0.71201,11
1357,52,0.089844,1.3877,0.35352,-0.71201,8
1357,52,0.075195,1.1025,0.46875,-0.356,26
1357,52,0.077148,1.1328,0.47266,-0.356,66
1357,52,0.079102,1.165,0.47168,-0.356,104
1357,52,0.040039,1.1924,0.48828,-0.356,106
1357,52,0.041016,1.207,0.52734,-0.356,66
1357,52,-0.083984,1.1309,0.72754,-0.356,17
1357,52,0.12891,1.3555,0.20313,-0.356,29
1357,52,0.087891,1.3701,0.30469,-0.356,36
1357,52,0.089844,1.4043,0.2832,-0.356,28
1357,52,0.1377,1.4268,0.29785,-0.356,17
1357,52,0.13867,2.2041,0.27832,-0.356,9
1357,52,0.070313,2.1826,0.56348,-0.356,8
1357,52,-0.43945,0.65039,-1.167,-0.71201,6
1357,52,0.33691,1.0547,-0.76758,-0.356,10
1358,64,0,1.0039,0.60352,0,6
1358,64,0,1.0527,0.57813,0,8
1358,64,0.038086,1.1074,0.5332,0,10
1358,64,0.15723,1.1621,0.45898,0,15
1358,64,0.24121,1.1943,0.41797,0,24
1358,64,0.24707,1.2021,0.48145,0,24
1358,64,0.29492,1.2148,0.50195,0,17
1358,64,0.21484,1.3047,0.38184,0,7
1358,64,0.13477,1.3203,0.5459,0,16
1358,64,0.091797,1.3867,0.46289,0,16
1358,64,0.046875,1.4482,0.36133,0,10
1358,64,0.1377,2.166,-0.33789,0,8
1358,64,0.19238,1.1436,0.41016,0.356,20
1358,64,0.19727,1.1445,0.48828,0.356,46
1358,64,0.20117,1.1396,0.56738,0.356,70
1358,64,0.24707,1.1475,0.59863,0.356,67
1358,64,0.29492,1.1875,0.56445,0.356,42
1358,64,0.30078,1.3037,0.32324,0.356,15
1358,64,0.043945,0.34766,1.3613,0.356,17
1358,64,0.089844,1.3047,0.5918,0.356,42
1358,64,0.091797,1.3711,0.50488,0.356,45
1358,64,0.09375,1.4072,0.49316,0.356,28
1358,64,0.19727,1.1387,0.50195,0.71201,15
1358,64,0.20117,1.1221,0.60059,0.71201,22
1358,64,0.20605,1.1387,0.63086,0.71201,22
1358,64,0.25293,1.1924,0.57422,0.71201,14
1358,64,0.21484,1.3203,0.32324,0.71201,4
1358,64,0.089844,1.291,0.62012,0.71201,16
1358,64,0.091797,1.3486,0.56348,0.71201,16
1358,64,0.038086,0.96875,0.75684,-2.848,6
1358,64,0.036133,1.0586,0.42871,-2.492,10
1358,64,0.036133,1.0713,0.47266,-2.492,13
1358,64,0.037109,1.1377,0.38184,-2.492,9
1358,64,0,1.0459,0.37988,-2.136,12
1358,64,0.036133,1.0547,0.4375,-2.136,34
1358,64,0.036133,1.0791,0.45508,-2.136,55
1358,64,0.037109,1.1055,0.46777,-2.136,59
1358,64,0.038086,1.1309,0.48242,-2.136,42
1358,64,0.039063,1.1553,0.5,-2.136,18
1358,64,0,1.0371,0.40332,-1.78,24
1358,64,0.036133,1.0527,0.44141,-1.78,78
1358,64,0.036133,1.0801,0.45117,-1.78,149
1358,64,0.037109,1.1064,0.46582,-1.78,185
1358,64,0.038086,1.1299,0.48633,-1.78,156
1358,64,0.039063,1.1553,0.49902,-1.78,88
1358,64,0.040039,1.1855,0.50391,-1.78,29
1358,64,0.035156,1.0313,0.41797,-1.424,27
1358,64,0.036133,1.0459,0.45801,-1.424,93
1358,64,0.036133,1.0693,0.47656,-1.424,186
1358,64,0.037109,1.0947,0.49316,-1.424,236
1358,64,0.038086,1.1191,0.50977,-1.424,203
1358,64,0.039063,1.1465,0.52051,-1.424,118
1358,64,0.040039,1.1641,0.55078,-1.424,41
1358,64,0.035156,1.0264,0.42871,-1.068,12
1358,64,0.036133,1.041,0.46875,-1.068,42
1358,64,0.036133,1.0566,0.50488,-1.068,80
1358,64,0.037109,1.0811,0.52051,-1.068,101
1358,64,0.038086,1.1064,0.53613,-1.068,89
1358,64,0.039063,1.1309,0.55371,-1.068,51
1358,64,0,1.1904,0.49316,-1.068,17
1358,64,0,1.0576,0.50391,-0.71201,8
1358,64,0,1.0615,0.5625,-0.71201,10
1358,64,0.038086,1.1074,0.5332,-0.71201,10
1358,64,0.079102,1.1201,0.57031,-0.71201,9
1359,64,0.20117,1.2305,0.32715,0,10
1359,64,0.20605,1.2441,0.38379,0,16
1359,64,0.25293,1.2012,0.55664,0,18
1359,64,-0.21484,0.87793,1.0381,0,20
1359,64,-0.17578,0.76855,1.1641,0,19
1359,64,-0.26953,0.53613,1.3037,0,12
1359,64,0.22852,1.4346,0.18359,0,9
1359,64,0.13965,1.4609,0.28027,0,9
1359,64,0.094727,1.5078,0.19043,0,7
1359,64,0.23633,1.2363,0.038086,0.356,15
1359,64,0.20117,1.2461,0.25977,0.356,31
1359,64,0.20605,1.2617,0.31934,0.356,47
1359,64,0.21094,1.2852,0.34473,0.356,49
1359,64,0.21484,1.3203,0.3252,0.356,34
1359,64,0,1.3018,0.53125,0.356,17
1359,64,0,1.4082,0.27539,0.356,19
1359,64,0.045898,1.4424,0.24707,0.356,22
1359,64,0.09375,1.4648,0.27832,0.356,21
1359,64,0.16113,1.2441,0.29688,0.71201,9
1359,64,0.16504,1.2568,0.36133,0.71201,14
1359,64,0.16797,1.2725,0.41016,0.71201,14
1359,64,0.042969,1.2598,0.55273,0.71201,9
1359,64,0,1.3613,0.35156,0.71201,11
1359,64,0.044922,1.3984,0.32129,0.71201,16
1359,64,0.091797,1.418,0.35449,0.71201,20
1359,64,0.13965,1.4395,0.37207,0.71201,18
1359,64,0.14258,1.4893,0.28516,0.71201,12
1359,64,0,0.84277,0.33691,-2.848,8
1359,64,0,0.90723,0.23438,-2.848,7
1359,64,0,0.83105,0.28613,-2.492,10
1359,64,0,0.86621,0.27148,-2.492,13
1359,64,0,0.89258,0.28418,-2.492,13
1359,64,0,0.92578,0.27832,-2.492,13
1359,64,0.0625,0.91113,0.39746,-2.492,18
1359,64,0.095703,0.93262,0.41504,-2.492,22
1359,64,0.06543,0.97852,0.38574,-2.492,19
1359,64,0.067383,1.0117,0.38086,-2.492,11
1359,64,0,0.7998,0.36523,-2.136,8
1359,64,0,0.84473,0.33301,-2.136,11
1359,64,0,0.87109,0.34668,-2.136,12
1359,64,0,0.90625,0.33496,-2.136,14
1359,64,0.0625,0.91602,0.38574,-2.136,19
1359,64,0.064453,0.92383,0.44043,-2.136,24
1359,64,0.06543,0.95898,0.43359,-2.136,21
1359,64,0.10156,0.98438,0.44238,-2.136,14
1359,64,0.030273,0.87598,0.40625,-1.78,7
1359,64,0,0.93262,0.34863,-1.78,11
1359,64,0.032227,0.93848,0.41113,-1.78,13
1359,64,0.033203,0.9707,0.40918,-1.78,10
1359,64,0.030273,0.86719,0.42676,-1.424,6
1359,64,0.0625,0.90137,0.41797,-1.424,11
1359,64,0.032227,0.94824,0.3877,-1.424,12
1359,64,0.033203,0.9541,0.44824,-1.424,9
1359,64,0,1.2402,0.44727,-0.71201,9
1359,64,0,1.2158,0.58008,-0.71201,12
1359,64,-0.12891,1.0996,0.81836,-0.71201,16
1359,64,-0.13184,1.1201,0.83984,-0.71201,16
1359,64,1.2031,0.98047,-1.4707,-0.71201,7
1359,64,0.13574,1.7178,-1.3145,-0.71201,6
1359,64,0.27539,1.2119,-0.20605,-0.356,10
1359,64,0.20117,1.2705,0.071289,-0.356,16
1359,64,0,1.1787,0.59082,-0.356,23
1359,64,-0.083984,1.0791,0.80273,-0.356,35
1359,64,-0.12891,1.0449,0.88672,-0.356,44
1360,64,0,0.87891,0,0,7
1360,64,0,0.9082,0.016602,0,12
1360,64,0,0.93652,0.035156,0,13
1360,64,0,0.96582,0.030273,0,10
1360,64,-0.28223,0.56836,-1.1211,0,19
1360,64,-0.28809,0.7041,-1.0762,0,27
1360,64,0.12598,1.3359,0.11621,0,38
1360,64,0.12891,1.3623,0.15332,0,44
1360,64,0.13184,1.3896,0.16797,0,37
1360,64,0.13477,1.4219,0.1416,0,21
1360,64,-0.074219,0.78418,-0.067383,0.356,8
1360,64,-0.077148,0.81641,0.014648,0.356,11
1360,64,-0.080078,0.84473,-0.039063,0.356,13
1360,64,0,0.87793,0.037109,0.356,20
1360,64,0,0.90723,0.032227,0.356,27
1360,64,0,0.93555,0.058594,0.356,27
1360,64,0,0.96484,0.047852,0.356,19
1360,64,0.082031,1.3066,0.1543,0.356,21
1360,64,0.083984,1.333,0.1748,0.356,37
1360,64,0.12891,1.3564,0.19922,0.356,45
1360,64,0.13184,1.3838,0.21191,0.356,41
1360,64,0.13477,1.4082,0.23926,0.356,28
1360,64,0.1377,1.4346,0.25781,0.356,15
1360,64,-0.071289,0.75781,0.0097656,0.71201,9
1360,64,-0.049805,0.78906,0.0068359,0.71201,20
1360,64,-0.050781,0.81836,-0.0029297,0.71201,30
1360,64,-0.052734,0.84766,-0.0058594,0.71201,32
1360,64,-0.054688,0.87695,-0.0029297,0.71201,28
1360,64,-0.02832,0.90723,0.026367,0.71201,23
1360,64,0,0.93652,0.039063,0.71201,17
1360,64,0.041992,1.3438,0.083984,0.71201,11
1360,64,0.085938,1.3672,0.13184,0.71201,14
1360,64,0.087891,1.3965,0.13965,0.71201,13
1360,64,0.089844,1.4199,0.19043,0.71201,10
1360,64,0,1.4629,0.066406,0.71201,7
1360,64,-0.094727,0.75586,0.011719,1.068,8
1360,64,-0.098633,0.78418,0.020508,1.068,17
1360,64,-0.077148,0.81543,0.041992,1.068,24
1360,64,-0.080078,0.8457,0.022461,1.068,23
1360,64,-0.054688,0.87695,-0.0097656,1.068,16
1360,64,0,0.9082,-0.015625,1.068,8
1360,64,-0.050781,0.81738,-0.044922,1.424,12
1360,64,-0.052734,0.8457,-0.057617,1.424,21
1360,64,-0.082031,0.87109,-0.077148,1.424,24
1360,64,-0.084961,0.90039,-0.083008,1.424,20
1360,64,-0.087891,0.93066,-0.06543,1.424,11
1360,64,-0.077148,0.81641,0.00097656,1.78,12
1360,64,-0.080078,0.8457,-0.0039063,1.78,18
1360,64,-0.082031,0.875,-0.012695,1.78,19
1360,64,-0.084961,0.90234,-0.044922,1.78,14
1360,64,-0.11719,0.92676,-0.079102,1.78,7
1360,64,-0.16797,1.2246,0.53613,-1.068,7
1360,64,0,1.333,0.34375,-1.068,6
1360,64,-0.23633,0.2998,-1.2002,-0.71201,12
1360,64,-0.28223,0,-1.2725,-0.71201,25
1360,64,-0.28809,0.29004,-1.2529,-0.71201,36
1360,64,0.16797,1.3359,0.030273,-0.71201,39
1360,64,0.17188,1.3652,0.047852,-0.71201,47
1360,64,0.13184,1.3994,0.044922,-0.71201,40
1360,64,0.13477,1.4268,0.070313,-0.71201,24
1360,64,0.091797,1.4561,0.13184,-0.71201,10
1360,64,-0.23633,0.43164,-1.1592,-0.356,20
1360,64,-0.28223,0.39844,-1.1924,-0.356,40
1360,64,0.16504,1.3057,0.071289,-0.356,62
1361,54,0.038086,1.2295,0.012695,0,7
1361,54,0.039063,1.2539,0.10938,0,13
1361,54,0.080078,1.2813,0.1123,0,18
1361,54,0.12402,1.3086,0.094727,0,19
1361,54,0.12598,1.3291,0.18066,0,17
1361,54,0.085938,1.3711,0.09375,0,15
1361,54,0.13184,1.3965,-0.087891,0,15
1361,54,0.13477,1.4277,0.041992,0,12
1361,54,0.038086,1.2295,-0.0068359,0.356,12
1361,54,0.11816,1.2539,0.029297,0.356,23
1361,54,0.12109,1.2822,0.035156,0.356,35
1361,54,0.20605,1.2969,0.11426,0.356,44
1361,54,0.16797,1.3359,0.054688,0.356,43
1361,54,0.12891,1.3701,-0.044922,0.356,34
1361,54,0.21973,1.3848,-0.1084,0.356,23
1361,54,0.3584,1.3828,-0.13477,0.356,18
1361,54,0.41211,1.3838,-0.24414,0.356,15
1361,54,0,1.2295,0.042969,0.71201,6
1361,54,0,1.2588,-0.049805,0.71201,13
1361,54,0,1.2871,-0.073242,0.71201,17
1361,54,0,1.3164,-0.05957,0.71201,16
1361,54,0.041992,1.3467,0.013672,0.71201,14
1361,54,0.042969,1.375,0.037109,0.71201,13
1361,54,0.043945,1.4053,0.018555,0.71201,13
1361,54,0.044922,1.4346,0.0058594,0.71201,11
1361,54,0,1.46,0.11914,0.71201,8
1361,54,0.13477,1.3857,-0.34863,-1.068,6
1361,54,0.27441,1.417,-0.24902,-1.068,7
1361,54,0.15723,1.249,0.023438,-0.71201,9
1361,54,0.20117,1.2725,0.00097656,-0.71201,18
1361,54,0.20605,1.3018,0.020508,-0.71201,22
1361,54,0.21094,1.3301,0.038086,-0.71201,19
1361,54,0.12891,1.3652,0.11719,-0.71201,9
1361,54,0.17969,1.4199,-0.1084,-0.71201,17
1361,54,0.18262,1.4473,-0.12695,-0.71201,21
1361,54,0.13965,1.4785,-0.16113,-0.71201,15
1361,54,0.19238,1.2129,0.077148,-0.356,11
1361,54,0.23633,1.2344,0.078125,-0.356,32
1361,54,0.20117,1.2705,0.071289,-0.356,56
1361,54,0.20605,1.3008,0.0625,-0.356,69
1361,54,0.21094,1.3291,0.069336,-0.356,60
1361,54,0.21484,1.3564,0.087891,-0.356,36
1361,54,0.30762,1.3652,0.13184,-0.356,16
1361,54,0.089844,1.291,0.62109,-0.356,18
1361,54,0.091797,1.3721,0.50391,-0.356,23
1361,54,0.09375,1.4404,0.38281,-0.356,18
1361,54,-0.31348,0.68262,1.2227,-1.068,5
1361,54,-0.36621,0.35645,1.3721,-1.068,5
1361,54,-0.40332,0.54004,1.2666,-0.71201,11
1361,54,-0.41211,0.2998,1.373,-0.71201,13
1361,54,-0.37305,0.18359,1.4346,-0.71201,11
1361,54,0.49316,1.3281,-0.23145,-0.356,10
1361,54,-0.41211,0,-1.4238,-0.356,12
1361,54,-0.41992,0,1.4814,-0.356,10
1362,64,0.15332,1.2207,0,0,9
1362,64,0.15723,1.249,0.038086,0,21
1362,64,0.12109,1.2832,-0.02832,0,35
1362,64,0.16504,1.3057,-0.077148,0,48
1362,64,0.12598,1.333,-0.14551,0,54
1362,64,0.12891,1.3574,-0.18945,0,52
1362,64,0.13184,1.3809,-0.22656,0,39
1362,64,0.089844,1.3994,-0.30664,0,21
1362,64,0.091797,1.333,-0.59863,0,8
1362,64,0.1875,1.1846,-0.054688,0.356,7
1362,64,0.19238,1.2139,0.057617,0.356,25
1362,64,0.19727,1.2422,0.068359,0.356,50
1362,64,0.20117,1.2705,0.073242,0.356,64
1362,64,0.041016,1.2441,0.43359,0.356,57
1362,64,0,1.3174,-0.28223,0.356,67
1362,64,0,1.3037,-0.44336,0.356,65
1362,64,0.043945,1.3418,-0.41797,0.356,50
1362,64,0.13477,1.3965,-0.30273,0.356,28
1362,64,0,1.2129,-0.20703,0.71201,21
1362,64,0.039063,1.2402,-0.21777,0.71201,55
1362,64,0.040039,1.2686,-0.22168,0.71201,89
1362,64,0.041016,1.2988,-0.21973,0.71201,98
1362,64,0,1.3291,-0.22266,0.71201,75
1362,64,0,1.3535,-0.24805,0.71201,43
1362,64,0.043945,1.376,-0.28613,0.71201,24
1362,64,0.089844,1.4014,-0.29688,0.71201,15
1362,64,0,1.1514,-0.34277,1.068,6
1362,64,0,1.1982,-0.2793,1.068,30
1362,64,0,1.2285,-0.27539,1.068,79
1362,64,0,1.2598,-0.27051,1.068,129
1362,64,0,1.2881,-0.27832,1.068,145
1362,64,0,1.3164,-0.28809,1.068,112
1362,64,0,1.3457,-0.29199,1.068,58
1362,64,0,1.3721,-0.30469,1.068,17
1362,64,0,1.2041,-0.25293,1.424,18
1362,64,0,1.2383,-0.22754,1.424,44
1362,64,0,1.2676,-0.2334,1.424,72
1362,64,0,1.2979,-0.23047,1.424,78
1362,64,0,1.3252,-0.24219,1.424,61
1362,64,0,1.3564,-0.23242,1.424,33
1362,64,0,1.3838,-0.25098,1.424,11
1362,64,0,1.1963,-0.39355,1.78,8
1362,64,0,1.2256,-0.39844,1.78,10
1362,64,0,1.2568,-0.39648,1.78,9
1362,64,0,1.3047,-0.33691,1.78,6
1362,64,0.20117,1.2637,-0.15234,-1.068,6
1362,64,0.20605,1.2988,-0.087891,-1.068,6
1362,64,0.19238,1.2148,0.0058594,-0.71201,12
1362,64,0.23633,1.2373,-0.023438,-0.71201,25
1362,64,0.20117,1.2725,-0.038086,-0.71201,34
1362,64,0.24707,1.293,-0.061523,-0.71201,34
1362,64,0.21094,1.3301,-0.025391,-0.71201,25
1362,64,0.21484,1.3594,0.0048828,-0.71201,16
1362,64,0.13184,1.3828,-0.21875,-0.71201,10
1362,64,0.1875,1.1865,0.0058594,-0.356,11
1362,64,0.19238,1.2148,0.0019531,-0.356,39
1362,64,0.23633,1.2373,0.00097656,-0.356,84
1362,64,0.24121,1.2656,-0.0058594,-0.356,114
1362,64,0.24707,1.2949,-0.014648,-0.356,114
1362,64,0.25293,1.3232,-0.013672,-0.356,85
1362,64,0.21484,1.3594,0.043945,-0.356,56
1362,64,0.13184,1.3994,-0.016602,-0.356,37
1362,64,0.17969,1.376,-0.36523,-0.356,24
1362,64,-0.43945,0.56152,1.2119,0,20
1363,48,0,1.2363,-0.36328,0,11
1363,48,0.041016,1.3076,-0.15723,0,34
1363,48,0.083984,1.3389,-0.12012,0,62
1363,48,0.042969,1.3711,-0.11621,0,78
1363,48,0.043945,1.3955,-0.16699,0,67
1363,48,0.044922,1.4131,-0.24805,0,43
1363,48,0,1.4258,-0.33398,0,20
1363,48,0.046875,1.4473,-0.36719,0,8
1363,48,-1.9033,0,-0.38965,0,5
1363,48,0.11523,1.2031,0.23047,0.356,9
1363,48,0.15723,1.2354,0.18945,0.356,20
1363,48,0.12109,1.2783,0.10449,0.356,33
1363,48,0.082031,1.3154,-0.02832,0.356,66
1363,48,0.041992,1.3428,-0.095703,0.356,110
1363,48,0,1.3701,-0.1377,0.356,134
1363,48,0,1.3955,-0.16797,0.356,117
1363,48,0.044922,1.4268,-0.14453,0.356,76
1363,48,0.045898,1.458,-0.125,0.356,38
1363,48,1.8447,0.30078,-0.36426,0.356,9
1363,48,0.34082,2.6797,-0.35059,0.356,6
1363,48,0.34375,2.71,-0.33887,0.356,7
1363,48,0.040039,1.2881,-0.017578,0.71201,15
1363,48,0.041016,1.3164,-0.040039,0.71201,38
1363,48,0,1.3457,-0.060547,0.71201,65
1363,48,0.042969,1.373,-0.082031,0.71201,81
1363,48,0,1.4004,-0.125,0.71201,71
1363,48,0,1.4268,-0.15137,0.71201,45
1363,48,0,1.4502,-0.2041,0.71201,22
1363,48,0.25781,2.7344,-0.19336,0.71201,6
1363,48,0.34766,2.7441,-0.30078,0.71201,6
1363,48,0,1.3232,-0.25195,1.068,8
1363,48,0,1.3506,-0.26563,1.068,10
1363,48,0,1.3926,-0.19043,1.068,8
1363,48,0.15332,1.2031,0.20703,-0.356,14
1363,48,0.15723,1.2305,0.21777,-0.356,25
1363,48,0.16113,1.2559,0.23926,-0.356,27
1363,48,0,1.2129,0.51465,-0.356,16
1363,48,0.041992,1.3457,0.051758,-0.356,17
1363,48,0.12891,1.3652,0.11719,-0.356,25
1363,48,0.17578,1.3857,0.16113,-0.356,23
1363,48,1.1299,0.7959,1.3086,0,4
1363,48,1.1299,0.63379,1.3945,0.356,7
1363,48,1.1914,0.56445,2.3838,0.356,4
1363,48,1.291,1.0889,2.1748,0.356,5
1363,48,1.291,1.0889,2.1748,0.71201,5
1363,48,-0.52148,1.4619,2.3086,0.71201,5
1363,48,-0.52734,0.89746,0.94434,1.068,5
1363,48,0.37109,1.2607,-0.098633,-0.356,14
1364,35,0,1.3145,-0.10254,0,6
1364,35,0.041992,1.333,-0.19141,0,21
1364,35,0.042969,1.3594,-0.21387,0,40
1364,35,0.043945,1.3877,-0.21973,0,53
1364,35,0.044922,1.4199,-0.20215,0,48
1364,35,0.045898,1.4551,-0.16211,0,30
1364,35,0.046875,1.4902,-0.087891,0,13
1364,35,0.15332,1.1963,0.24316,0.356,8
1364,35,0.19727,1.2305,0.18555,0.356,17
1364,35,0.16113,1.2627,0.20215,0.356,23
1364,35,0.24707,1.2734,0.23145,0.356,23
1364,35,0.041992,1.3369,-0.16211,0.356,45
1364,35,0.042969,1.3652,-0.16992,0.356,93
1364,35,0.043945,1.3945,-0.17383,0.356,125
1364,35,0.044922,1.4219,-0.18848,0.356,117
1364,35,0,1.4395,-0.26855,0.356,73
1364,35,0.046875,1.4492,-0.3584,0.356,31
1364,35,0.12109,1.2695,0.18359,0.71201,6
1364,35,0,1.3154,-0.083008,0.71201,6
1364,35,0,1.3369,-0.16309,0.71201,17
1364,35,0,1.3691,-0.14063,0.71201,35
1364,35,0.043945,1.4004,-0.11914,0.71201,46
1364,35,0,1.4258,-0.16699,0.71201,42
1364,35,0,1.4551,-0.16211,0.71201,26
1364,35,0.20117,1.2588,0.18945,-0.71201,8
1364,35,0.20605,1.3008,0.043945,-0.71201,8
1364,35,0.15332,1.2178,0.084961,-0.356,9
1364,35,0.19727,1.2373,0.12891,-0.356,20
1364,35,0.20117,1.2627,0.15723,-0.356,28
1364,35,0.24707,1.2871,0.13965,-0.356,29
1364,35,0.21094,1.3232,0.1377,-0.356,22
1364,35,0.085938,1.3613,-0.18457,-0.356,22
1364,35,0,1.3564,-0.36816,-0.356,30
1364,35,0,1.3506,-0.48438,-0.356,30
1364,35,-0.4668,0,1.4531,0,7
1365,8,0.23633,1.2324,0.10742,0.356,8
1365,8,0.24121,1.2578,0.1416,0.356,11
1365,8,0.24707,1.2861,0.15039,0.356,10
1365,8,0.27539,1.2285,-0.021484,-0.356,10
1365,8,0.28223,1.2568,0.023438,-0.356,13
1365,8,0.28809,1.2861,0.020508,-0.356,12
1365,8,0.25293,1.3232,-0.040039,-0.356,7
1365,8,-0.21094,0.86621,-1.0098,-0.356,5
1366,5,0.19727,1.2422,-0.057617,0.356,8
1366,5,0.24121,1.2656,-0.012695,0.356,9
1366,5,0.24707,1.2939,0.029297,0.356,7
1366,5,0.23633,1.2344,-0.083984,-0.356,8
1366,5,0.20117,1.2715,-0.066406,-0.356,9
1367,9,0.15723,1.2432,-0.12891,0.356,7
1367,9,0.20117,1.2686,-0.10938,0.356,8
1367,9,0.16504,1.3076,0.013672,0.356,8
1367,9,0.21094,1.3291,0.058594,0.356,8
1367,9,0.23047,1.1758,-0.2793,-0.356,7
1367,9,0.19727,1.2168,-0.25781,-0.356,9
1367,9,0.20117,1.2607,-0.17871,-0.356,10
1367,9,0.20605,1.3008,-0.052734,-0.356,9
1367,9,0.21094,1.3291,0.06543,-0.356,8
1395,9,0.16504,1.2832,0.25391,0.356,7
1395,9,0.12598,1.3213,0.22852,0.356,8
1395,9,0,1.3125,0.41699,0.356,6
1395,9,0,1.3086,0.51367,0.356,6
1395,9,0.12109,1.2744,0.15234,-0.356,6
1395,9,0.12402,1.2988,0.1875,-0.356,8
1395,9,0.12598,1.3311,0.16797,-0.356,8
1395,9,0,1.3613,0.20313,-0.356,6
1395,9,0,1.3809,0.2627,-0.356,7
1396,8,0.041992,1.2676,0.4541,0.356,9
1396,8,0.085938,1.3213,0.375,0.356,13
1396,8,0.087891,1.3486,0.38574,0.356,12
1396,8,0.044922,1.3965,0.32715,0.356,8
1396,8,0.041992,1.3037,0.33594,-0.356,10
1396,8,0.085938,1.3359,0.32031,-0.356,15
1396,8,0.087891,1.3779,0.26367,-0.356,14
1396,8,0.089844,1.3994,0.30469,-0.356,9
1397,18,0.19727,1.2412,0.079102,0.356,7
1397,18,0.24121,1.2568,0.14844,0.356,12
1397,18,0.24707,1.2793,0.19629,0.356,13
1397,18,0.33691,1.293,0.17383,0.356,10
1397,18,0,1.0879,0.84277,0.356,10
1397,18,0,1.3213,0.47949,0.356,13
1397,18,0.044922,1.3818,0.38477,0.356,12
1397,18,0.23633,1.2363,0.02832,-0.356,7
1397,18,0.28223,1.2539,0.098633,-0.356,13
1397,18,0.24707,1.2881,0.12891,-0.356,14
1397,18,0.29492,1.3096,0.12109,-0.356,10
1397,18,0,1.1777,0.71289,-0.356,11
1397,18,0.043945,1.3398,0.4248,-0.356,15
1397,18,0.089844,1.3955,0.32227,-0.356,14
1397,18,0.045898,1.4023,0.41992,-0.356,8
1397,18,-0.16797,0,-1.3477,0.356,7
1397,18,-0.16797,0.56934,1.209,-0.356,8
1397,18,0.38672,1.3193,-0.0625,-0.356,6
1398,14,0.20117,1.1934,0.44238,0.356,10
1398,14,0.24707,1.2256,0.41797,0.356,13
1398,14,0.25293,1.2578,0.41113,0.356,13
1398,14,0.17188,1.3457,0.23535,0.356,12
1398,14,0.087891,1.3916,0.17578,0.356,9
1398,14,0.24121,1.2158,0.35156,-0.356,11
1398,14,0.24707,1.2559,0.31348,-0.356,13
1398,14,0.25293,1.2871,0.30664,-0.356,15
1398,14,0.21484,1.3447,0.2041,-0.356,14
1398,14,0.13184,1.3984,0.066406,-0.356,11
1398,14,0.089844,1.4326,-0.0078125,-0.356,6
1398,14,-0.30762,1.0977,-0.82227,0.356,5
1398,14,-0.35156,0.81738,-1.0889,-0.356,6
1398,14,-0.26953,1.1777,-0.77539,-0.356,4
1399,16,0.15332,1.2197,0.048828,0.356,6
1399,16,0.15723,1.2363,0.18066,0.356,13
1399,16,0.16113,1.2539,0.25098,0.356,17
1399,16,0.20605,1.2686,0.29395,0.356,17
1399,16,0.21094,1.2871,0.33594,0.356,13
1399,16,0.25781,1.3262,0.26465,0.356,10
1399,16,0.17578,1.3652,0.28809,0.356,10
1399,16,0.089844,1.3623,0.44336,0.356,8
1399,16,0.19238,1.2129,0.077148,-0.356,7
1399,16,0.15723,1.2451,0.10645,-0.356,14
1399,16,0.16113,1.2676,0.16797,-0.356,20
1399,16,0.16504,1.2891,0.21777,-0.356,20
1399,16,0.21094,1.3066,0.25488,-0.356,15
1399,16,0.17188,1.3477,0.22266,-0.356,11
1399,16,0.13184,1.3701,0.28809,-0.356,11
1399,16,0.089844,1.3896,0.34766,-0.356,10
1400,22,0,1.1826,0.5127,0,7
1400,22,0,1.2695,0.35449,0,8
1400,22,0,1.2422,0.52246,0,7
1400,22,0,1.3096,0.4248,0,6
1400,22,0.043945,1.2783,0.58301,0,5
1400,22,0,1.168,0.54395,0.356,8
1400,22,0,1.2197,0.49902,0.356,11
1400,22,0.041992,1.291,0.38281,0.356,13
1400,22,0.085938,1.3311,0.33887,0.356,12
1400,22,0.17578,1.3721,0.25,0.356,10
1400,22,0,1.2295,0.38672,-0.71201,6
1400,22,0.041016,1.2383,0.4502,-0.71201,8
1400,22,0.041992,1.2871,0.39551,-0.71201,8
1400,22,0.085938,1.3164,0.39453,-0.71201,8
1400,22,0.043945,1.3604,0.35059,-0.71201,6
1400,22,0,1.1455,0.52441,-0.356,11
1400,22,0,1.1973,0.47559,-0.356,19
1400,22,0.082031,1.2363,0.44922,-0.356,25
1400,22,0.083984,1.2891,0.38281,-0.356,26
1400,22,0.085938,1.3213,0.375,-0.356,23
1400,22,0.087891,1.335,0.43066,-0.356,18
1400,22,0.13477,1.3887,0.33594,-0.356,12
1401,64,0.037109,1.1025,0.47461,0,16
1401,64,0.038086,1.127,0.49219,0,39
1401,64,0.039063,1.1592,0.49121,0,61
1401,64,0,1.1885,0.49902,0,65
1401,64,0,1.2168,0.50684,0,46
1401,64,0,1.29,0.39063,0,24
1401,64,0.042969,1.375,0.056641,0,15
1401,64,0.043945,1.4043,0.061523,0,11
1401,64,0.089844,1.3271,0.53809,0,8
1401,64,0.045898,1.4199,0.35547,0,6
1401,64,0.15332,1.1963,0.24316,0.356,9
1401,64,0.19727,1.21,0.29004,0.356,25
1401,64,0.20117,1.2324,0.31738,0.356,42
1401,64,0.20605,1.2568,0.34082,0.356,44
1401,64,0.21094,1.2891,0.3291,0.356,26
1401,64,0.042969,1.3691,0.13281,0.356,29
1401,64,0.087891,1.3457,0.39551,0.356,38
1401,64,0.13477,1.376,0.38379,0.356,39
1401,64,0.18262,1.4072,0.36133,0.356,29
1401,64,0.18652,1.4414,0.34375,0.356,16
1401,64,0.15723,1.1953,0.36426,0.71201,8
1401,64,0.20117,1.2236,0.35156,0.71201,13
1401,64,0.16504,1.2344,0.43262,0.71201,13
1401,64,0.12598,1.3027,0.31934,0.71201,8
1401,64,0,1.374,0.086914,0.71201,8
1401,64,0.043945,1.3301,0.4541,0.71201,11
1401,64,0.089844,1.3516,0.47363,0.71201,11
1401,64,0.18262,1.4014,0.38379,0.71201,9
1401,64,0,1.2061,0.4541,-1.424,6
1401,64,0.041016,1.2129,0.51465,-1.424,9
1401,64,0.083984,1.2773,0.4209,-1.424,10
1401,64,0.042969,1.3066,0.43066,-1.424,7
1401,64,0,1.1299,0.62012,-1.068,8
1401,64,0.041016,1.167,0.61133,-1.068,15
1401,64,0.041992,1.2207,0.56934,-1.068,17
1401,64,0.085938,1.2422,0.58691,-1.068,13
1401,64,0.21387,2.0693,0.94336,-1.068,6
1401,64,0.14453,2.0498,1.0635,-1.068,8
1401,64,0.14648,2.1523,0.91406,-1.068,8
1401,64,0.074219,2.1572,0.98438,-1.068,5
1401,64,0.037109,1.1445,0.3623,-0.71201,17
1401,64,0.038086,1.1641,0.39551,-0.71201,45
1401,64,0.039063,1.1953,0.39453,-0.71201,71
1401,64,0.040039,1.2227,0.4043,-0.71201,76
1401,64,0.041016,1.2539,0.4043,-0.71201,54
1401,64,0,1.2939,0.37598,-0.71201,23
1401,64,0,1.0791,0.85547,-0.71201,7
1401,64,0.087891,1.3525,0.37402,-0.71201,8
1401,64,0.13477,1.3828,0.35938,-0.71201,8
1401,64,0.071289,2.1162,0.85742,-0.71201,7
1401,64,0.072266,2.1182,0.92773,-0.71201,10
1401,64,0.073242,2.1035,1.0293,-0.71201,10
1401,64,0.073242,1.125,0.31934,-0.356,6
1401,64,0.075195,1.1201,0.42773,-0.356,31
1401,64,0.038086,1.1494,0.4375,-0.356,80
1401,64,0.039063,1.1807,0.43555,-0.356,131
1401,64,0.040039,1.21,0.44141,-0.356,144
1401,64,0.082031,1.2402,0.43945,-0.356,107
1401,64,0.041992,1.2686,0.45117,-0.356,47
1401,64,-0.21484,0.98535,0.9375,-0.356,14
1401,64,0.21973,1.3818,0.1377,-0.356,26
1401,64,0.22461,1.4053,0.18945,-0.356,28
1401,64,0.22852,1.4336,0.19336,-0.356,20
1401,64,-0.375,0.79395,-0.81934,-0.71201,9
1402,64,0,0.95801,0.62305,0,9
1402,64,0,0.97754,0.64551,0,15
1402,64,0,1.0166,0.63867,0,18
1402,64,0,1.0752,0.59766,0,18
1402,64,0.11816,1.1719,0.44531,0,17
1402,64,0.24121,1.2314,0.29395,0,27
1402,64,0.24707,1.2568,0.31152,0,32
1402,64,0.25293,1.2822,0.32715,0,27
1402,64,0.30078,1.3105,0.2959,0,19
1402,64,0.21973,1.3662,0.24609,0,14
1402,64,0.17969,1.3789,0.35547,0,16
1402,64,0.18262,1.3867,0.43262,0,16
1402,64,0.18652,1.4053,0.47168,0,11
1402,64,0,0.99707,0.61426,0.356,6
1402,64,0.037109,1.0547,0.57324,0.356,9
1402,64,0.11523,1.1689,0.36621,0.356,19
1402,64,0.19727,1.2041,0.31348,0.356,50
1402,64,0.24121,1.2178,0.34375,0.356,88
1402,64,0.24707,1.2393,0.375,0.356,103
1402,64,0.29492,1.2617,0.36816,0.356,86
1402,64,0.30078,1.2959,0.35449,0.356,58
1402,64,0.26367,1.334,0.35645,0.356,42
1402,64,0.22461,1.3564,0.41113,0.356,49
1402,64,0.22852,1.3896,0.40332,0.356,49
1402,64,0.18652,1.418,0.43262,0.356,33
1402,64,0.19727,1.1953,0.3457,0.71201,16
1402,64,0.24121,1.2148,0.35645,0.71201,28
1402,64,0.24707,1.2354,0.38672,0.71201,33
1402,64,0.21094,1.2559,0.43945,0.71201,27
1402,64,0.25781,1.2881,0.41211,0.71201,19
1402,64,0.21973,1.3252,0.41309,0.71201,17
1402,64,0.17969,1.3535,0.44336,0.71201,22
1402,64,0.22852,1.3809,0.43066,0.71201,24
1402,64,0.18652,1.4189,0.42773,0.71201,17
1402,64,0,1.0303,0.42188,-2.492,13
1402,64,0.036133,1.0605,0.42285,-2.492,26
1402,64,0.036133,1.0957,0.41309,-2.492,34
1402,64,0.037109,1.1162,0.44043,-2.492,31
1402,64,0.038086,1.1484,0.43945,-2.492,21
1402,64,0.079102,1.1875,0.41211,-2.492,11
1402,64,0.035156,0.95996,0.56152,-2.136,16
1402,64,0.071289,1.002,0.54297,-2.136,35
1402,64,0.073242,1.0439,0.52637,-2.136,50
1402,64,0.075195,1.0791,0.52246,-2.136,50
1402,64,0.038086,1.1162,0.51465,-2.136,33
1402,64,0.039063,1.1494,0.5127,-2.136,15
1402,64,0.035156,1.0156,0.4541,-1.78,32
1402,64,0.036133,1.0488,0.4502,-1.78,90
1402,64,0.036133,1.0742,0.46582,-1.78,152
1402,64,0.037109,1.1006,0.47949,-1.78,170
1402,64,0.038086,1.127,0.49219,-1.78,129
1402,64,0.039063,1.1533,0.50586,-1.78,65
1402,64,0.040039,1.1816,0.51367,-1.78,18
1402,64,0,1.0195,0.44629,-1.424,26
1402,64,0,1.042,0.46875,-1.424,71
1402,64,0,1.0635,0.49121,-1.424,118
1402,64,0.037109,1.083,0.51758,-1.424,132
1402,64,0.038086,1.1064,0.53613,-1.424,100
1402,64,0.039063,1.1348,0.54395,-1.424,48
1402,64,0.040039,1.1504,0.58008,-1.424,13
1402,64,0,1.0342,0.48535,-1.068,12
1402,64,0,1.0586,0.50195,-1.068,23
1402,64,0,1.0898,0.50391,-1.068,29
1402,64,0.038086,1.1094,0.53027,-1.068,25
1403,64,0.20605,1.2969,0.11621,0,8
1403,64,0.083984,1.29,0.37793,0,10
1403,64,0.042969,1.2412,0.59375,0,11
1403,64,0,1.2109,0.71484,0,10
1403,64,0.044922,1.2969,0.6123,0,8
1403,64,0.19238,1.2148,-0.036133,0.356,8
1403,64,0.19727,1.2441,-0.011719,0.356,19
1403,64,0.24121,1.2656,-0.0058594,0.356,29
1403,64,0.28809,1.2861,-0.026367,0.356,32
1403,64,0.33691,1.3047,-0.014648,0.356,27
1403,64,0.25781,1.3486,0.097656,0.356,21
1403,64,0.17578,1.3711,0.25488,0.356,23
1403,64,0.13477,1.3975,0.2959,0.356,26
1403,64,0.091797,1.4248,0.32617,0.356,19
1403,64,0.20117,1.2725,-0.041016,0.71201,8
1403,64,0.24707,1.2949,0.0029297,0.71201,9
1403,64,0.29492,1.3057,0.15332,0.71201,8
1403,64,0,0.79492,0.2998,-2.492,6
1403,64,0,0.83301,0.28125,-2.492,11
1403,64,0,0.84766,0.3252,-2.492,14
1403,64,0.058594,0.87207,0.33887,-2.492,16
1403,64,0.09082,0.87891,0.39258,-2.492,23
1403,64,0.09375,0.89453,0.42773,-2.492,32
1403,64,0.064453,0.93848,0.40625,-2.492,34
1403,64,0.06543,0.96289,0.4248,-2.492,26
1403,64,0.10156,0.99609,0.41406,-2.492,13
1403,64,0,0.77539,0.34668,-2.136,8
1403,64,0.027344,0.81348,0.33008,-2.136,14
1403,64,0,0.83984,0.34473,-2.136,18
1403,64,0.058594,0.85645,0.37598,-2.136,23
1403,64,0.060547,0.87012,0.41699,-2.136,35
1403,64,0.0625,0.90137,0.41797,-2.136,50
1403,64,0.064453,0.93262,0.4209,-2.136,55
1403,64,0.06543,0.95898,0.43262,-2.136,43
1403,64,0.067383,0.98926,0.43652,-2.136,22
1403,64,0,0.7998,0.36523,-1.78,5
1403,64,0,0.85254,0.31348,-1.78,6
1403,64,0,0.87012,0.34766,-1.78,8
1403,64,0.030273,0.87109,0.41699,-1.78,16
1403,64,0.0625,0.89258,0.4375,-1.78,27
1403,64,0.064453,0.92578,0.43555,-1.78,31
1403,64,0.06543,0.96191,0.42676,-1.78,25
1403,64,0.03418,0.97949,0.46191,-1.78,13
1403,64,0,0.89453,0.36621,-1.424,5
1403,64,0.03125,0.94531,0.31152,-1.424,7
1403,64,0.032227,0.94922,0.38477,-1.424,7
1403,64,0.042969,1.0088,0.93652,-1.068,10
1403,64,0.043945,1.2344,0.67188,-1.068,12
1403,64,0,1.2363,0.72949,-1.068,9
1403,64,-0.43066,0,1.3457,-0.71201,8
1403,64,0.19727,1.2402,-0.092773,-0.356,13
1403,64,0.24121,1.2627,-0.084961,-0.356,19
1403,64,0.3291,1.2754,-0.032227,-0.356,19
1403,64,-0.083984,0.18848,-1.3311,-0.356,16
1403,64,-0.085938,0.4873,-1.2852,-0.356,22
1403,64,0,1.3916,-0.20215,-0.356,24
1403,64,0,1.4336,-0.070313,-0.356,22
1403,64,-0.25293,0.13086,-1.3164,0.356,14
1403,64,-0.30078,0.73926,-1.1211,0.356,14
1403,64,-0.35156,0.88086,-1.0381,0.356,16
1403,64,-0.44824,0.69336,-1.1738,0.356,16
1403,64,-0.45801,0.75684,-1.167,0.356,12
1403,64,-0.3623,0.68066,-0.58203,-1.424,3
1403,64,0.30078,0.78906,1.0869,-0.71201,6
1404,64,0,0.81836,-0.051758,0,5
1404,64,0,0.84766,0.053711,0,7
1404,64,0,0.87793,0.041992,0,11
1404,64,0,0.9082,0.0029297,0,20
1404,64,0,0.9375,0.014648,0,23
1404,64,0,0.9668,0.016602,0,19
1404,64,0,0.99609,-0.0097656,0,11
1404,64,-0.3623,0.5166,1.123,0,18
1404,64,0.12402,1.2998,-0.17871,0,31
1404,64,0.083984,1.3418,-0.086914,0,41
1404,64,0.042969,1.376,0.020508,0,36
1404,64,0.043945,1.3984,0.14063,0,24
1404,64,0,0.59863,-1.3047,0,13
1404,64,0.45801,1.3711,-0.23438,0,10
1404,64,0.41992,1.4063,-0.28027,0,7
1404,64,-0.074219,0.78418,-0.067383,0.356,6
1404,64,0,0.81934,-0.021484,0.356,8
1404,64,0,0.84863,0.038086,0.356,11
1404,64,0,0.87793,0.041016,0.356,20
1404,64,0,0.90723,0.02832,0.356,33
1404,64,0,0.93652,0.036133,0.356,41
1404,64,0,0.96582,0.026367,0.356,36
1404,64,0,0.99512,0.037109,0.356,21
1404,64,0.041016,1.2627,0.37695,0.356,30
1404,64,0.083984,1.3145,0.28223,0.356,45
1404,64,0.085938,1.3574,0.21484,0.356,45
1404,64,0.21973,1.3887,-0.014648,0.356,35
1404,64,0.3584,1.3779,-0.17969,0.356,31
1404,64,0.45801,1.3701,-0.23828,0.356,29
1404,64,0.4668,1.4004,-0.22949,0.356,20
1404,64,0,0.90137,0.1084,0.71201,13
1404,64,0,0.93359,0.084961,0.71201,18
1404,64,0,0.96387,0.075195,0.71201,17
1404,64,0.042969,1.3301,0.35156,0.71201,10
1404,64,0.30762,1.3672,-0.1123,0.71201,10
1404,64,0.31348,1.3896,-0.17188,0.71201,10
1404,64,0.36621,1.4004,-0.22461,0.71201,9
1404,64,-0.047852,0.75391,-0.094727,1.068,8
1404,64,-0.049805,0.78711,-0.058594,1.068,17
1404,64,-0.050781,0.81641,-0.055664,1.068,27
1404,64,-0.052734,0.84473,-0.070313,1.068,29
1404,64,-0.054688,0.875,-0.06543,1.068,24
1404,64,0,0.90723,-0.043945,1.068,14
1404,64,-0.074219,0.78711,-0.03125,1.424,14
1404,64,-0.050781,0.81836,-0.02832,1.424,23
1404,64,-0.052734,0.84668,-0.030273,1.424,27
1404,64,-0.027344,0.87598,-0.058594,1.424,23
1404,64,-0.056641,0.9043,-0.061523,1.424,15
1404,64,0,0.84863,-0.022461,1.78,6
1404,64,0,0.87793,-0.023438,1.78,6
1404,64,0.083984,1.3369,0.14355,-1.068,7
1404,64,-0.35449,0.64648,1.0205,-0.71201,9
1404,64,-0.3623,0.70117,1.0186,-0.71201,19
1404,64,-0.41211,0.61328,1.0918,-0.71201,27
1404,64,0.083984,1.3252,-0.22852,-0.71201,33
1404,64,0.042969,1.3682,-0.14258,-0.71201,32
1404,64,0.043945,1.3994,-0.12305,-0.71201,22
1404,64,0.089844,1.4316,-0.052734,-0.71201,10
1404,64,-0.39355,0.49512,1.0889,-0.356,16
1404,64,-0.40234,0.48145,1.125,-0.356,37
1404,64,0.082031,1.3096,-0.12793,-0.356,75
1404,64,0.12598,1.3408,-0.047852,-0.356,106
1404,64,0.085938,1.374,0.022461,-0.356,104
1404,64,0.13184,1.3994,0.015625,-0.356,68
1405,64,0.20117,1.2607,0.17578,0,11
1405,64,0.16504,1.3047,0.09375,0,17
1405,64,0.12598,1.3398,0.053711,0,18
1405,64,0.12891,1.3691,0.058594,0,13
1405,64,0,1.3652,-0.33496,0,8
1405,64,0,1.4072,-0.2832,0,9
1405,64,0.045898,1.4551,-0.16016,0,10
1405,64,0.13965,1.4785,-0.1582,0,8
1405,64,0.069336,2.2051,0.29395,0,7
1405,64,0.14063,2.2451,0.16309,0,6
1405,64,0,1.2168,0.18164,0.356,9
1405,64,0.039063,1.209,0.34961,0.356,14
1405,64,0.24121,1.2529,0.18262,0.356,19
1405,64,0.3291,1.2217,0.36914,0.356,26
1405,64,-0.12598,1.2178,-0.5625,0.356,34
1405,64,-0.085938,1.3252,-0.36328,0.356,41
1405,64,0,1.3945,-0.17773,0.356,38
1405,64,0.044922,1.4346,-0.030273,0.356,27
1405,64,0.1377,1.457,0.038086,0.356,18
1405,64,0.1377,2.1348,0.5,0.356,13
1405,64,0.069336,2.1787,0.45215,0.356,13
1405,64,0,1.2305,0,0.71201,7
1405,64,0,1.2568,0.079102,0.71201,8
1405,64,-0.083984,1.2461,-0.50488,0.71201,13
1405,64,-0.085938,1.3242,-0.36719,0.71201,16
1405,64,0,1.4004,-0.11914,0.71201,15
1405,64,0,1.4355,-0.0068359,0.71201,11
1405,64,0.068359,2.126,0.54883,0.71201,12
1405,64,0.069336,2.1631,0.52246,0.71201,12
1405,64,0.070313,2.2109,0.43945,0.71201,9
1405,64,0,2.1963,0,1.068,7
1405,64,0.13184,1.3682,-0.29492,-1.068,7
1405,64,0.13477,1.416,-0.18945,-1.068,10
1405,64,0.1377,1.4375,-0.24121,-1.068,9
1405,64,0.18652,1.4697,-0.19238,-1.068,6
1405,64,0.16113,1.2588,0.22168,-0.71201,9
1405,64,0.12402,1.3037,0.15234,-0.71201,10
1405,64,0,1.3467,0.053711,-0.71201,11
1405,64,-0.042969,1.293,-0.47168,-0.71201,10
1405,64,0.21973,1.3682,-0.23438,-0.71201,15
1405,64,0.17969,1.3936,-0.29004,-0.71201,24
1405,64,0.18262,1.4238,-0.28906,-0.71201,25
1405,64,0.13965,1.4668,-0.24805,-0.71201,17
1405,64,0.19727,1.2314,0.17871,-0.356,17
1405,64,0.24121,1.2539,0.17676,-0.356,30
1405,64,0.28809,1.2754,0.16309,-0.356,34
1405,64,0.37891,1.2646,0.26855,-0.356,30
1405,64,-0.042969,1.3535,-0.24805,-0.356,30
1405,64,0.043945,1.377,-0.28027,-0.356,23
1405,64,0.089844,1.4053,-0.27539,-0.356,21
1405,64,0.091797,1.4404,-0.24902,-0.356,20
1405,64,-0.24121,0.65625,-1.082,0,7
1405,64,-0.3291,0.5166,-1.167,0,11
1405,64,-0.33691,0.57617,-1.1709,0,13
1405,64,-0.34375,0.68359,-1.1445,0,11
1405,64,-0.12109,0.62012,1.123,0.356,14
1405,64,-0.16504,1.0225,-0.81543,0.356,23
1405,64,0.37891,1.1064,0.66895,0.356,28
1405,64,0.43066,0.88281,0.96484,0.356,24
1405,64,0.33691,0.94824,0.89648,0.71201,7
1405,64,-0.36621,0.67285,1.248,-1.068,5
1405,64,0.33691,1.1172,0.67383,-0.71201,7
1405,64,0.43066,1.2285,0.44727,-0.71201,7
1405,64,-0.30762,0,1.3838,-0.71201,8
1406,64,0.038086,1.2285,-0.055664,0,15
1406,64,0.039063,1.2559,-0.081055,0,44
1406,64,0.040039,1.2822,-0.12207,0,78
1406,64,0.041016,1.3066,-0.16406,0,98
1406,64,0.083984,1.332,-0.18652,0,90
1406,64,0.085938,1.3564,-0.21777,0,62
1406,64,0.087891,1.3838,-0.23145,0,34
1406,64,0.089844,1.4131,-0.23633,0,18
1406,64,0.045898,1.457,-0.14063,0,10
1406,64,0,1.2305,-0.018555,0.356,24
1406,64,0,1.2578,-0.071289,0.356,69
1406,64,0.040039,1.2852,-0.091797,0.356,130
1406,64,0.041016,1.3115,-0.12012,0.356,173
1406,64,0.041992,1.3389,-0.1416,0.356,174
1406,64,0.085938,1.3662,-0.14648,0.356,136
1406,64,0.087891,1.3926,-0.17188,0.356,82
1406,64,0.089844,1.4121,-0.24121,0.356,36
1406,64,0,1.1533,-0.33496,0.71201,15
1406,64,0,1.1875,-0.32031,0.71201,46
1406,64,0,1.2227,-0.30078,0.71201,88
1406,64,0.040039,1.2646,-0.24609,0.71201,119
1406,64,0.041016,1.3057,-0.1748,0.71201,122
1406,64,0.041992,1.3428,-0.10547,0.71201,97
1406,64,0.085938,1.3711,-0.087891,0.71201,65
1406,64,0.087891,1.3984,-0.11816,0.71201,35
1406,64,0.044922,1.4219,-0.19238,0.71201,14
1406,64,0,1.1719,-0.26367,1.068,22
1406,64,0,1.207,-0.23926,1.068,62
1406,64,0,1.2344,-0.24805,1.068,113
1406,64,0,1.2637,-0.25195,1.068,134
1406,64,0,1.292,-0.25977,1.068,114
1406,64,0,1.3213,-0.26074,1.068,66
1406,64,0.042969,1.3477,-0.2793,1.068,25
1406,64,0,1.1777,-0.2334,1.424,12
1406,64,0,1.21,-0.2207,1.424,29
1406,64,0,1.2422,-0.20508,1.424,49
1406,64,0,1.2715,-0.21289,1.424,56
1406,64,0,1.3027,-0.19727,1.424,47
1406,64,0,1.3291,-0.21875,1.424,26
1406,64,0.042969,1.3535,-0.24512,1.424,10
1406,64,0,1.1543,-0.33203,1.78,8
1406,64,0,1.165,-0.39355,1.78,10
1406,64,0,1.1729,-0.45898,1.78,8
1406,64,0,1.1992,-0.4707,1.78,6
1406,64,0,1.207,-0.23535,2.136,7
1406,64,0,1.2051,-0.36426,2.136,7
1406,64,0.28223,1.2158,0.32227,-0.71201,9
1406,64,0.20605,1.2725,0.27734,-0.71201,7
1406,64,0.041992,1.292,-0.38086,-0.71201,6
1406,64,0.085938,1.2627,-0.54102,-0.71201,10
1406,64,0.087891,1.2344,-0.66699,-0.71201,11
1406,64,0.044922,1.3535,-0.47461,-0.71201,8
1406,64,0.19727,1.1875,0.36914,-0.356,19
1406,64,0.24121,1.2305,0.29688,-0.356,31
1406,64,0.24707,1.2813,0.18652,-0.356,27
1406,64,0.083984,1.2705,-0.43945,-0.356,13
1406,64,0.12891,1.1563,-0.73535,-0.356,25
1406,64,0.13184,1.1689,-0.76953,-0.356,29
1406,64,0.089844,1.2842,-0.63379,-0.356,20
1406,64,0.1377,1.4258,-0.30273,-0.356,12
1406,64,-0.59082,0.73242,0.83789,1.78,5
1406,64,0.64453,0.74121,0.83496,1.78,4
1406,64,-0.53809,0.68945,0.86523,2.136,4
1406,64,-0.51172,0.75781,0.86621,2.136,4
1407,64,0.038086,1.2021,0.25879,0,4
1407,64,0.079102,1.251,0.11914,0,29
1407,64,0.080078,1.2852,0.0625,0,86
1407,64,0.082031,1.3154,0.020508,0,152
1407,64,0.041992,1.3467,0.0039063,0,176
1407,64,0.042969,1.376,0.020508,0,136
1407,64,0,1.4004,0.12305,0,60
1407,64,-0.17969,0.77051,1.1973,0,11
1407,64,0.045898,1.4111,-0.38867,0,12
1407,64,1.7871,0,-0.46094,0,6
1407,64,-1.874,0,-0.30957,0,9
1407,64,-1.8447,0.4082,-0.2373,0,9
1407,64,1.0869,0.4248,1.541,0,6
1407,64,0.15332,1.1709,-0.34277,0.356,8
1407,64,0.039063,1.2344,-0.24902,0.356,48
1407,64,0.040039,1.2813,-0.13672,0.356,156
1407,64,0.041016,1.3145,-0.089844,0.356,291
1407,64,0.041992,1.3447,-0.0625,0.356,355
1407,64,0.042969,1.376,-0.030273,0.356,281
1407,64,0,1.4043,0.057617,0.356,130
1407,64,-0.13477,0.40625,1.3701,0.356,26
1407,64,0.091797,1.4268,-0.31543,0.356,27
1407,64,1.8154,0.37695,-0.27246,0.356,16
1407,64,-1.9033,0,-0.28809,0.356,16
1407,64,1.1475,0,1.6846,0.356,11
1407,64,0.039063,1.2539,-0.11328,0.71201,28
1407,64,0.040039,1.2842,-0.095703,0.71201,93
1407,64,0.041016,1.3145,-0.084961,0.71201,180
1407,64,0.041992,1.3438,-0.083984,0.71201,230
1407,64,0.042969,1.373,-0.094727,0.71201,196
1407,64,0,1.4014,-0.11816,0.71201,110
1407,64,0,1.4014,-0.31055,0.71201,37
1407,64,0,1.4063,-0.4082,0.71201,15
1407,64,1.7295,0.57031,-0.2959,0.71201,7
1407,64,1.8154,0.41211,-0.21582,0.71201,10
1407,64,1.8447,0.4209,-0.21387,0.71201,10
1407,64,1.208,0,1.749,0.71201,7
1407,64,0,2.6348,-0.069336,0.71201,8
1407,64,0,2.6641,0.077148,0.71201,7
1407,64,0.040039,1.2871,-0.060547,1.068,12
1407,64,0,1.3135,-0.11426,1.068,28
1407,64,0.041992,1.3408,-0.12012,1.068,44
1407,64,0,1.3682,-0.15527,1.068,47
1407,64,0.043945,1.3936,-0.18164,1.068,37
1407,64,0,1.4111,-0.26074,1.068,21
1407,64,0,1.3975,-0.43945,1.068,9
1407,64,0.12109,1.1162,0.63281,-0.71201,9
1407,64,0.16504,1.126,0.66504,-0.71201,15
1407,64,0.12598,1.2051,0.58984,-0.71201,16
1407,64,0.12891,1.3613,0.1543,-0.71201,13
1407,64,0.38477,1.0479,-0.5166,-0.356,4
1407,64,0.079102,1.0635,0.66992,-0.356,11
1407,64,0.12109,1.0439,0.74609,-0.356,32
1407,64,0.12402,1.1045,0.70801,-0.356,54
1407,64,0.12598,1.2861,0.38184,-0.356,65
1407,64,0.12891,1.3701,-0.011719,-0.356,55
1407,64,0.087891,1.3945,-0.15918,-0.356,32
1407,64,-1.2559,0.67871,-0.14746,0,7
1407,64,-0.45801,0.78027,1.1514,0,7
1407,64,1.0381,0.78223,1.3096,0,5
1407,64,1.1719,0.51172,1.3711,0,8
1407,64,1.1299,0.55371,1.4287,0,8
1407,64,1.873,0.33984,-0.33789,0,6
1407,64,-1.3906,0.31934,-0.15723,0.356,14
1408,44,0.040039,1.2871,-0.051758,0,7
1408,44,0,1.3125,-0.11914,0,22
1408,44,0.041992,1.3369,-0.16406,0,49
1408,44,0.042969,1.3643,-0.17676,0,71
1408,44,0.043945,1.3936,-0.17969,0,75
1408,44,0.044922,1.4248,-0.16797,0,57
1408,44,0.045898,1.458,-0.13086,0,28
1408,44,0,1.4941,0,0,7
1408,44,0.23047,1.1455,-0.38379,0.356,5
1408,44,0.31445,1.1895,-0.27051,0.356,7
1408,44,-0.040039,0.80176,1.0088,0.356,20
1408,44,0,1.3115,-0.13477,0.356,54
1408,44,0,1.3379,-0.16016,0.356,105
1408,44,0.042969,1.3672,-0.1582,0.356,148
1408,44,0.043945,1.3965,-0.15625,0.356,154
1408,44,0.044922,1.4258,-0.16211,0.356,115
1408,44,0.045898,1.4531,-0.1748,0.356,56
1408,44,0.046875,1.4717,-0.25098,0.356,17
1408,44,0,1.3125,-0.11719,0.71201,20
1408,44,0,1.3408,-0.12988,0.71201,43
1408,44,0,1.3701,-0.12793,0.71201,62
1408,44,0.043945,1.4014,-0.1084,0.71201,65
1408,44,0.044922,1.4316,-0.083008,0.71201,47
1408,44,0,1.4629,-0.067383,0.71201,21
1408,44,0.26953,1.1602,-0.30664,-0.356,5
1408,44,0.31445,1.1963,-0.23535,-0.356,7
1408,44,-0.080078,0.74707,1.0469,-0.356,9
1408,44,0,0.76465,1.0732,-0.356,14
1408,44,0,0.80371,1.0811,-0.356,18
1408,44,0,1.333,-0.34375,-0.356,19
1408,44,0,1.3398,-0.42676,-0.356,16
1408,44,0.44824,1.3555,0.14648,-0.356,17
1408,44,0.41211,1.4043,0.048828,-0.356,18
1408,44,0.41992,1.4336,-0.012695,-0.356,14
1408,44,-0.56055,0.54395,1.2734,0,4
1408,44,-0.11816,0.67871,1.0537,0.356,6
1408,44,0.51367,1.292,0.5459,0.356,10
1408,44,-0.23047,0.74609,0.9502,-0.356,3
1408,44,-0.15723,0.81836,0.94434,-0.356,5
1408,44,0.3623,1.2334,-0.086914,-0.356,8
1408,44,0.41211,1.252,-0.021484,-0.356,9
1408,44,0.39551,1.3242,0.25684,-0.356,10
1408,44,-0.044922,1.2988,-0.6084,-0.356,12
1408,44,-0.045898,1.1309,-0.92969,-0.356,10
1409,29,0,1.377,0,0,7
1409,29,0.043945,1.4053,-0.013672,0,10
1409,29,0,1.4307,-0.1123,0,9
1409,29,-0.12402,1.2734,-0.31836,0.356,10
1409,29,0,1.3389,-0.14844,0.356,19
1409,29,0,1.3643,-0.18262,0.356,30
1409,29,0.043945,1.3926,-0.1875,0.356,36
1409,29,0.089844,1.4238,-0.15234,0.356,32
1409,29,0.091797,1.457,-0.11523,0.356,19
1409,29,0,1.373,-0.095703,0.71201,9
1409,29,0.043945,1.3936,-0.18164,0.71201,11
1409,29,0.089844,1.4297,-0.079102,0.71201,10
1409,29,0.085938,1.2734,-0.5166,-0.71201,5
1409,29,0,1.3154,-0.49512,-0.71201,5
1409,29,0.3584,1.377,-0.1875,-0.71201,7
1409,29,0.28223,1.2217,0.2998,-0.356,7
1409,29,0.3291,1.2373,0.31445,-0.356,8
1409,29,0,1.2813,-0.41699,-0.356,12
1409,29,0,1.3184,-0.39648,-0.356,18
1409,29,0.13184,1.3662,-0.30176,-0.356,21
1409,29,0.31348,1.3955,-0.11621,-0.356,24
1409,29,0.36621,1.415,-0.095703,-0.356,22
1409,29,0.49316,1.333,-0.20117,0,6
1409,29,0.3291,1.1641,0.52441,0.356,7
1409,29,0.3584,1.377,-0.1875,-0.71201,7
1409,29,-0.12109,1.0781,-0.69531,-0.356,5
1409,29,-0.16504,1.1875,-0.54688,-0.356,7
1409,29,0.33691,1.2666,0.31152,-0.356,8
1409,29,0.45801,1.3887,-0.077148,-0.356,22
1410,14,0.39551,1.3467,-0.075195,0.356,10
1410,14,0.40332,1.3682,-0.16016,0.356,12
1410,14,0.36621,1.4102,-0.14648,0.356,10
1410,14,0.38672,1.3027,-0.22168,-0.356,8
1410,14,0.39551,1.3232,-0.26367,-0.356,14
1410,14,0.40332,1.3535,-0.25684,-0.356,17
1410,14,0.45801,1.3789,-0.18262,-0.356,15
1410,14,-0.17578,1.0059,-0.96582,0.356,6
1410,14,-0.089844,0.29004,-1.4023,0.356,9
1410,14,-0.18262,0.29785,1.4219,0.356,8
1410,14,-0.042969,1.252,-0.57129,-0.356,6
1410,14,-0.087891,0.7793,-1.167,-0.356,10
1410,14,-0.089844,0,-1.4346,-0.356,13
1410,14,-0.091797,0.44336,1.3926,-0.356,12
1411,9,0.23047,1.1982,-0.15332,0.356,7
1411,9,0.19727,1.2363,-0.13379,0.356,11
1411,9,0.20117,1.2578,-0.19531,0.356,13
1411,9,0.24707,1.2686,-0.25684,0.356,10
1411,9,0.19238,1.1953,-0.21777,-0.356,8
1411,9,0.19727,1.2217,-0.23633,-0.356,13
1411,9,0.24121,1.2402,-0.25488,-0.356,15
1411,9,0.24707,1.2676,-0.26367,-0.356,11
1411,9,-0.24707,0.72852,1.0703,-0.356,6
1441,64,0.17871,1.127,-0.045898,0,6
1441,64,0.25586,1.1406,-0.073242,0,32
1441,64,0.2627,1.168,-0.092773,0,80
1441,64,0.26953,1.1963,-0.09375,0,132
1441,64,0.31445,1.2158,-0.088867,0,156
1441,64,0.32227,1.2461,-0.071289,0,137
1441,64,0.3291,1.2754,-0.053711,0,97
1441,64,0.37891,1.292,-0.058594,0,68
1441,64,0.43066,1.3047,-0.082031,0,73
1441,64,0.43945,1.3301,-0.11621,0,85
1441,64,0.49316,1.3418,-0.12793,0,82
1441,64,0.50293,1.3691,-0.13184,0,56
1441,64,0.6748,1.832,0.19922,0,19
1441,64,0.74707,1.8447,0.076172,0,21
1441,64,0.75781,1.8711,-0.09082,0,15
1441,64,0.31445,2.4639,-0.41895,0,11
1441,64,0.23926,2.4971,-0.44727,0,10
1441,64,0.24121,2.5244,-0.45898,0,7
1441,64,0.21973,1.1504,-0.035156,0.356,21
1441,64,0.2627,1.1709,-0.039063,0.356,51
1441,64,0.26953,1.1992,-0.045898,0.356,80
1441,64,0.27539,1.2285,-0.037109,0.356,91
1441,64,0.24121,1.2656,-0.0097656,0.356,74
1441,64,0.24707,1.2939,0.026367,0.356,49
1441,64,0.29492,1.3145,-0.02832,0.356,26
1441,64,0.43066,1.3047,-0.083984,0.356,26
1441,64,0.43945,1.335,-0.042969,0.356,30
1441,64,0.49316,1.3457,-0.06543,0.356,28
1441,64,0.50293,1.3711,-0.10742,0.356,20
1441,64,0.1875,1.1855,-0.018555,0.71201,12
1441,64,0.26953,1.2002,-0.014648,0.71201,20
1441,64,0.23633,1.2373,-0.0029297,0.71201,22
1441,64,0.24121,1.2656,-0.0019531,0.71201,18
1441,64,0.24707,1.2939,0.052734,0.71201,12
1441,64,0.23047,1.2002,0.1416,1.068,6
1441,64,0.23633,1.2363,-0.02832,1.068,7
1441,64,0.16113,1.2744,0.10938,1.068,5
1441,64,0.22559,1.1621,-0.2041,-1.068,8
1441,64,0.26953,1.1777,-0.23242,-1.068,13
1441,64,0.27539,1.2119,-0.20605,-1.068,15
1441,64,0.28223,1.2422,-0.19824,-1.068,13
1441,64,0.28809,1.2705,-0.20215,-1.068,9
1441,64,0.25,1.0889,-0.24023,-0.71201,6
1441,64,0.25586,1.1328,-0.15625,-0.71201,27
1441,64,0.2627,1.1611,-0.15723,-0.71201,67
1441,64,0.30762,1.1787,-0.17188,-0.71201,112
1441,64,0.31445,1.209,-0.16016,-0.71201,130
1441,64,0.32227,1.2393,-0.14941,-0.71201,116
1441,64,0.3291,1.2695,-0.12988,-0.71201,81
1441,64,0.37891,1.2852,-0.1377,-0.71201,56
1441,64,0.47363,1.2822,-0.16602,-0.71201,61
1441,64,0.4834,1.3066,-0.18848,-0.71201,71
1441,64,0.49316,1.333,-0.20117,-0.71201,67
1441,64,0.54883,1.3389,-0.22656,-0.71201,47
1441,64,0.79688,1.793,-0.0019531,-0.71201,22
1441,64,0.80957,1.8193,-0.03125,-0.71201,24
1441,64,0.75781,1.8682,-0.1377,-0.71201,17
1441,64,0.23633,2.4199,-0.65723,-0.71201,10
1441,64,0.23926,2.4521,-0.64941,-0.71201,9
1441,64,0.25,1.1104,-0.098633,-0.356,16
1441,64,0.25586,1.1377,-0.11328,-0.356,76
1441,64,0.2998,1.1563,-0.12695,-0.356,188
1441,64,0.26953,1.1934,-0.12793,-0.356,310
1441,64,0.31445,1.2129,-0.125,-0.356,363
1442,59,0.20898,1.0918,0.061523,0,7
1442,59,0.21387,1.1182,0.089844,0,43
1442,59,0.21973,1.1484,0.071289,0,123
1442,59,0.22559,1.1777,0.057617,0,220
1442,59,0.23047,1.207,0.055664,0,269
1442,59,0.23633,1.2354,0.056641,0,229
1442,59,0.24121,1.2637,0.082031,0,139
1442,59,0.28809,1.2354,0.3584,0,51
1442,59,0.4209,1.2783,0.054688,0,44
1442,59,0.71387,1.7588,0.14355,0,29
1442,59,0.72461,1.7871,0.12695,0,41
1442,59,0.73633,1.8174,0.078125,0,39
1442,59,0.74707,1.8467,0,0,24
1442,59,0.17871,1.1279,-0.012695,0.356,8
1442,59,0.18262,1.1553,0.068359,0.356,23
1442,59,0.22559,1.1777,0.063477,0.356,42
1442,59,0.19238,1.2148,0.036133,0.356,52
1442,59,0.23633,1.2373,0.023438,0.356,48
1442,59,0.20117,1.2725,-0.043945,0.356,32
1442,59,0.082031,1.3105,-0.10742,0.356,17
1442,59,0.083984,1.3418,-0.09082,0.356,16
1442,59,0.1875,1.1787,0.12891,0.71201,11
1442,59,0.19238,1.2139,0.061523,0.71201,14
1442,59,0.15723,1.249,0.033203,0.71201,12
1442,59,0.22559,1.168,-0.16797,-1.068,11
1442,59,0.23047,1.2021,-0.12402,-1.068,13
1442,59,0.19727,1.2402,-0.10059,-1.068,11
1442,59,0.21387,1.1221,0.0048828,-0.71201,37
1442,59,0.25586,1.1436,0.0058594,-0.71201,105
1442,59,0.22559,1.1797,-0.0097656,-0.71201,186
1442,59,0.23047,1.208,-0.0087891,-0.71201,227
1442,59,0.23633,1.2373,-0.0078125,-0.71201,198
1442,59,0.24121,1.2656,0.02832,-0.71201,118
1442,59,0.3291,1.251,0.25391,-0.71201,45
1442,59,0.71387,1.7646,0.02832,-0.71201,35
1442,59,0.72461,1.792,0.03125,-0.71201,50
1442,59,0.79688,1.792,-0.050781,-0.71201,49
1442,59,0.74707,1.8428,-0.10645,-0.71201,31
1442,59,0.17383,1.0986,0.036133,-0.356,13
1442,59,0.21387,1.1211,0.048828,-0.356,87
1442,59,0.25586,1.1426,0.032227,-0.356,248
1442,59,0.22559,1.1797,0.020508,-0.356,442
1442,59,0.23047,1.208,0.015625,-0.356,540
1442,59,0.23633,1.2373,0.013672,-0.356,465
1442,59,0.24121,1.2656,0.026367,-0.356,280
1442,59,0.3291,1.2422,0.29199,-0.356,97
1442,59,0.4209,1.2793,0.032227,-0.356,82
1442,59,0.71387,1.7607,0.11523,-0.356,56
1442,59,0.72461,1.79,0.082031,-0.356,79
1442,59,0.79688,1.793,-0.0039063,-0.356,76
1442,59,0.80957,1.8164,-0.10742,-0.356,49
1442,59,0.27832,1.0654,0.16406,0,7
1442,59,-0.20605,0.78711,1.0361,0,27
1442,59,-0.083984,0.97852,-0.92188,0,25
1442,59,-0.20605,0.86035,0.97656,-0.71201,24
1442,59,0.0625,0.68457,1.8691,-0.71201,16
1442,59,-0.20605,1.0146,0.81543,-0.356,53
1442,59,-0.041992,1.0205,-0.87891,-0.356,58
1442,59,0.0625,0.39844,1.9502,-0.356,26
1443,53,0.2373,1.0537,0.091797,0,9
1443,53,0.24316,1.0811,0.10156,0,60
1443,53,0.25,1.1084,0.11523,0,179
1443,53,0.25586,1.1357,0.12988,0,323
1443,53,0.2998,1.1543,0.14355,0,393
1443,53,0.26953,1.1885,0.16699,0,328
1443,53,0.27539,1.2178,0.16602,0,179
1443,53,0.32227,1.248,-0.0097656,0,81
1443,53,0.37109,1.25,-0.19336,0,84
1443,53,0.4209,1.2695,-0.1582,0,103
1443,53,0.47363,1.2881,-0.1084,0,108
1443,53,1.6807,1.0654,0.084961,0,14
1443,53,1.6416,1.1719,0.12598,0,11
1443,53,0.17871,1.1025,0.24023,0.356,5
1443,53,0.25586,1.1289,0.18262,0.356,11
1443,53,0.2627,1.1475,0.23535,0.356,13
1443,53,0.30762,1.1729,0.20898,0.356,10
1443,53,0.12109,1.2764,-0.12695,0.356,13
1443,53,0.082031,1.3145,-0.049805,0.356,17
1443,53,0.25586,1.1396,0.094727,-1.068,8
1443,53,0.2627,1.1689,0.084961,-1.068,10
1443,53,0.30762,1.1904,0.023438,-1.068,8
1443,53,0.27051,1.043,0.11133,-0.71201,8
1443,53,0.24316,1.085,0.035156,-0.71201,58
1443,53,0.28516,1.1045,0.048828,-0.71201,178
1443,53,0.25586,1.1416,0.06543,-0.71201,325
1443,53,0.2998,1.1602,0.073242,-0.71201,392
1443,53,0.30762,1.1875,0.087891,-0.71201,325
1443,53,0.31445,1.2168,0.085938,-0.71201,175
1443,53,0.3623,1.2324,-0.10449,-0.71201,82
1443,53,0.45313,1.2158,-0.2334,-0.71201,95
1443,53,0.46289,1.2432,-0.23633,-0.71201,118
1443,53,0.47363,1.2764,-0.20703,-0.71201,120
1443,53,0.27051,1.0381,0.15234,-0.356,16
1443,53,0.27832,1.0752,0.078125,-0.356,113
1443,53,0.25,1.1113,0.081055,-0.356,340
1443,53,0.25586,1.1387,0.09668,-0.356,617
1443,53,0.2998,1.1582,0.10645,-0.356,748
1443,53,0.26953,1.1934,0.12988,-0.356,622
1443,53,0.27539,1.2227,0.12793,-0.356,340
1443,53,0.32227,1.2471,-0.049805,-0.356,157
1443,53,0.37109,1.2432,-0.23438,-0.356,166
1443,53,0.4209,1.2637,-0.20313,-0.356,203
1443,53,0.43066,1.2969,-0.16992,-0.356,206
1443,53,1.7432,0.96094,-0.074219,-0.356,26
1443,53,1.7051,1.084,0.044922,-0.356,21
1443,53,0.88379,0.99023,-1.5234,0,6
1443,53,0.52344,1.126,0.34473,0.356,7
1443,53,0.57617,1.1641,0.22461,0.356,10
1443,53,-0.19727,0.49219,-1.1426,-0.71201,92
1443,53,-0.19727,0.60449,-1.0869,-0.356,171
1443,53,-0.24121,0.38379,-1.2061,-0.356,79
1443,53,0.56055,1.9014,0.19434,-0.356,15
1444,64,0.3623,0.82422,0.54883,0,4
1444,64,0.30469,0.99219,0.31055,0,39
1444,64,0.27832,1.041,0.2793,0,134
1444,64,0.28516,1.0762,0.25684,0,255
1444,64,0.3291,1.1006,0.22949,0,325
1444,64,0.33789,1.1328,0.21289,0,283
1444,64,0.38477,1.1572,0.16016,0,164
1444,64,0.039063,1.2578,0.048828,0,107
1444,64,0.040039,1.2783,-0.15723,0,84
1444,64,0.69238,1.71,0.055664,0,26
1444,64,0.70313,1.7373,0.0078125,0,28
1444,64,0.71387,1.7617,-0.11328,0,21
1444,64,0.2373,1.0049,0.33008,0.356,7
1444,64,0.27832,1.0381,0.29004,0.356,25
1444,64,0.28516,1.0693,0.28125,0.356,48
1444,64,0.29297,1.1035,0.26465,0.356,61
1444,64,0.2998,1.1357,0.25098,0.356,54
1444,64,0.30762,1.1748,0.19824,0.356,33
1444,64,0.39355,1.1855,0.15723,0.356,15
1444,64,0.25586,1.0996,0.31055,0.71201,7
1444,64,0.22559,1.1592,0.21875,0.71201,6
1444,64,0.24316,1.0791,0.12402,-1.424,6
1444,64,0.32129,1.0918,0.10156,-1.424,13
1444,64,0.29297,1.1299,0.098633,-1.424,15
1444,64,0.33789,1.1504,0.060547,-1.424,14
1444,64,0.38477,1.168,0.027344,-1.424,9
1444,64,0.27051,1.0273,0.21387,-1.068,13
1444,64,0.27832,1.0635,0.1748,-1.068,41
1444,64,0.32129,1.0859,0.14551,-1.068,79
1444,64,0.29297,1.126,0.14063,-1.068,98
1444,64,0.33789,1.1465,0.1123,-1.068,88
1444,64,0.3457,1.1777,0.078125,-1.068,58
1444,64,0.39355,1.1953,-0.042969,-1.068,28
1444,64,0.29688,0.9209,0.41797,-0.71201,6
1444,64,0.30469,1.0107,0.24512,-0.71201,69
1444,64,0.31348,1.0488,0.20215,-0.71201,231
1444,64,0.32129,1.0811,0.17969,-0.71201,439
1444,64,0.3291,1.1123,0.16211,-0.71201,555
1444,64,0.33789,1.1436,0.14551,-0.71201,488
1444,64,0.3457,1.1748,0.11719,-0.71201,300
1444,64,0.43262,1.1826,-0.016602,-0.71201,134
1444,64,0.040039,1.2764,-0.1748,-0.71201,89
1444,64,0.7373,1.6592,-0.020508,-0.71201,26
1444,64,0.69238,1.71,-0.042969,-0.71201,39
1444,64,0.76172,1.7119,-0.068359,-0.71201,42
1444,64,0.77344,1.7295,-0.18555,-0.71201,29
1444,64,0.3291,0.86035,0.5127,-0.356,8
1444,64,0.30469,1,0.28516,-0.356,86
1444,64,0.31348,1.042,0.23535,-0.356,291
1444,64,0.28516,1.083,0.22363,-0.356,556
1444,64,0.3291,1.1074,0.19629,-0.356,708
1444,64,0.33789,1.1387,0.17969,-0.356,618
1444,64,0.3457,1.1709,0.15234,-0.356,365
1444,64,0.039063,1.2559,0.082031,-0.356,207
1444,64,0.040039,1.2744,-0.18652,-0.356,161
1444,64,0.75,1.6865,-0.0029297,-0.356,54
1444,64,0.76172,1.7129,-0.038086,-0.356,58
1444,64,0.71387,1.7588,-0.14844,-0.356,41
1444,64,-0.16504,1.0391,-0.06543,0,3
1444,64,-0.038086,0.73926,0.98242,0,113
1444,64,0.43262,1.1826,-0.03125,0,69
1444,64,-0.11523,0.46191,-1.1348,0.356,17
1444,64,-0.039063,0.70215,1.0449,0.356,9
1444,64,-0.10938,0.35742,-1.1104,-1.424,8
1445,64,0.24902,0.94336,0.2002,0,8
1445,64,0.25586,0.97656,0.17969,0,56
1445,64,0.26367,1.0088,0.16016,0,169
1445,64,0.27051,1.04,0.13672,0,309
1445,64,0.27832,1.0713,0.12012,0,379
1445,64,0.28516,1.1006,0.10449,0,324
1445,64,0.29297,1.1299,0.097656,0,182
1445,64,0.22559,0.35059,1.126,0,56
1445,64,0.53809,1.1055,-0.021484,0,39
1445,64,0.51172,1.1504,-0.0097656,0,46
1445,64,0.25586,0.97168,0.20215,0.356,13
1445,64,0.26367,1.002,0.19531,0.356,39
1445,64,0.27051,1.0352,0.17285,0.356,70
1445,64,0.27832,1.0664,0.1582,0.356,86
1445,64,0.28516,1.0967,0.13965,0.356,74
1445,64,0.25586,1.1328,0.15039,0.356,41
1445,64,0.2627,0.092773,1.168,0.356,13
1445,64,0.5,1.124,0.02832,0.356,8
1445,64,0.47266,1.167,-0.03125,0.356,10
1445,64,0.4834,1.1934,0.044922,0.356,7
1445,64,0.20313,1.0469,0.19238,0.71201,9
1445,64,0.24316,1.0742,0.1582,0.71201,11
1445,64,0.25,1.1006,0.17383,0.71201,10
1445,64,0.27051,1.0439,0.10254,-1.78,7
1445,64,0.24316,1.085,-0.053711,-1.78,8
1445,64,0.51758,3.21,-0.62012,-1.78,3
1445,64,0.62598,3.0313,-1.252,-1.78,3
1445,64,0.26367,1.0195,0.055664,-1.424,13
1445,64,0.27051,1.0488,0.0087891,-1.424,23
1445,64,0.27832,1.0771,-0.018555,-1.424,29
1445,64,0.32129,1.0957,-0.012695,-1.424,24
1445,64,0.3291,1.123,-0.046875,-1.424,14
1445,64,0,2.2148,-0.66992,-1.424,9
1445,64,0.25586,0.98633,0.11133,-1.068,43
1445,64,0.29688,1.0088,0.083984,-1.068,130
1445,64,0.27051,1.0479,0.0625,-1.068,234
1445,64,0.27832,1.0771,0.041992,-1.068,286
1445,64,0.32129,1.0957,0.029297,-1.068,240
1445,64,0.29297,1.1328,0.061523,-1.068,135
1445,64,0.2627,0.83008,0.82715,-1.068,40
1445,64,0.53809,1.0928,-0.17383,-1.068,35
1445,64,0.55078,1.1182,-0.17676,-1.068,40
1445,64,0.52344,1.168,-0.15332,-1.068,27
1445,64,0.082031,0.95313,-0.90625,-1.068,10
1445,64,-0.28516,1.542,1.6611,-1.068,15
1445,64,0,2.2813,-0.3877,-1.068,16
1445,64,0,2.293,-0.47949,-1.068,12
1445,64,0,2.3721,0,-1.068,7
1445,64,0.28027,0.9375,0.18262,-0.71201,22
1445,64,0.25586,0.98438,0.12988,-0.71201,154
1445,64,0.29688,1.0068,0.10449,-0.71201,463
1445,64,0.27051,1.0459,0.085938,-0.71201,841
1445,64,0.27832,1.0752,0.066406,-0.71201,1024
1445,64,0.32129,1.0947,0.048828,-0.71201,870
1445,64,0.29297,1.1318,0.070313,-0.71201,494
1445,64,0.2627,0.7207,0.92383,-0.71201,149
1445,64,0.53809,1.0996,-0.12012,-0.71201,119
1445,64,0.55078,1.127,-0.10742,-0.71201,136
1445,64,0.52344,1.1748,-0.083984,-0.71201,93
1445,64,0.28027,0.93262,0.20801,-0.356,22
1445,64,0.25586,0.98047,0.15625,-0.356,151
1445,64,0.26367,1.0127,0.13184,-0.356,454
1445,64,0.27051,1.043,0.11133,-0.356,833
1445,64,0.27832,1.0732,0.092773,-0.356,1012
1446,64,0.21191,0.91602,0.22266,0,21
1446,64,0.24902,0.92969,0.25488,0,71
1446,64,0.25586,0.95703,0.26172,0,138
1446,64,0.26367,0.9873,0.26074,0,182
1446,64,0.27051,1.0186,0.25195,0,176
1446,64,0.27832,1.0537,0.22559,0,123
1446,64,0.25,1.1133,0.05957,0,63
1446,64,0.47559,1.0684,-0.0625,0,46
1446,64,0.48828,1.0908,-0.12012,0,48
1446,64,0.5,1.1172,-0.12207,0,36
1446,64,0.21777,0.94043,0.24512,0.356,16
1446,64,0.22461,0.96484,0.26465,0.356,32
1446,64,0.23047,0.98926,0.2832,0.356,43
1446,64,0.2373,1.0205,0.27637,0.356,42
1446,64,0.27832,1.0469,0.25684,0.356,29
1446,64,0.25,1.1123,0.073242,0.356,15
1446,64,0.40234,1.0967,-0.088867,0.356,10
1446,64,0.4502,1.1074,-0.11816,0.356,11
1446,64,0.46094,1.1348,-0.10938,0.356,8
1446,64,0.23047,0.99902,0.24512,0.71201,7
1446,64,0.2373,1.0098,0.31445,0.71201,7
1446,64,-0.46094,1.6025,1.291,-1.78,7
1446,64,0,2.0791,0.49707,-1.78,9
1446,64,0.067383,2.1563,0.21191,-1.78,9
1446,64,0.068359,2.1943,0.081055,-1.78,7
1446,64,0.18652,0.97852,-0.0039063,-1.424,7
1446,64,0.22461,1,-0.0048828,-1.424,14
1446,64,0.23047,1.0283,0.026367,-1.424,18
1446,64,0.2373,1.0566,0.047852,-1.424,17
1446,64,0.24316,1.085,0.051758,-1.424,12
1446,64,-0.39551,1.5029,1.4258,-1.424,11
1446,64,-0.40137,1.5488,1.418,-1.424,15
1446,64,0.20313,2.1553,-0.11328,-1.424,16
1446,64,0.20605,2.1855,-0.081055,-1.424,14
1446,64,0.13867,2.2217,-0.022461,-1.424,10
1446,64,0.27148,0.89844,0.23047,-1.068,31
1446,64,0.24902,0.94727,0.18066,-1.068,110
1446,64,0.25586,0.98047,0.15723,-1.068,225
1446,64,0.26367,1.0098,0.14746,-1.068,324
1446,64,0.27051,1.04,0.14063,-1.068,328
1446,64,0.27832,1.0703,0.12891,-1.068,249
1446,64,0.25,1.1123,0.066406,-1.068,153
1446,64,0.10938,1.1406,-0.24219,-1.068,133
1446,64,0.1123,1.1289,-0.39258,-1.068,153
1446,64,0.077148,1.1465,-0.43848,-1.068,137
1446,64,0.079102,1.1758,-0.44531,-1.068,89
1446,64,0.040039,1.2324,-0.37402,-1.068,40
1446,64,0.041016,1.3145,0.082031,-1.068,13
1446,64,0.26367,0.81738,0.375,-0.71201,10
1446,64,0.27148,0.90137,0.21875,-0.71201,91
1446,64,0.24902,0.94434,0.19434,-0.71201,314
1446,64,0.28809,0.96777,0.17676,-0.71201,628
1446,64,0.26367,1.0059,0.17676,-0.71201,886
1446,64,0.27051,1.0352,0.17188,-0.71201,873
1446,64,0.27832,1.0654,0.16113,-0.71201,659
1446,64,0.25,1.1104,0.094727,-0.71201,381
1446,64,0.10938,1.1348,-0.27148,-0.71201,287
1446,64,0.075195,1.0938,-0.49023,-0.71201,319
1446,64,0.077148,1.0645,-0.6123,-0.71201,283
1446,64,0.079102,1.0732,-0.6543,-0.71201,183
1446,64,0.040039,1.0879,-0.69043,-0.71201,84
1446,64,0.26367,0.84668,0.30273,-0.356,8
1446,64,0.24121,0.90527,0.23633,-0.356,75
1446,64,0.24902,0.93848,0.22266,-0.356,251
1447,64,0.082031,0.86816,-0.11035,0,4
1447,64,0.16992,0.8877,-0.081055,0,12
1447,64,0.20508,0.91406,0.036133,0,24
1447,64,0.21191,0.93066,0.15137,0,44
1447,64,0.21777,0.94141,0.23926,0,66
1447,64,0.19238,0.96289,0.29395,0,81
1447,64,0.19727,0.99414,0.29102,0,83
1447,64,0.16895,1.0449,0.23145,0,71
1447,64,0.13867,1.0977,0.12305,0,55
1447,64,0.10742,1.1367,0.015625,0,39
1447,64,0.14648,0.90918,0.1748,0.356,5
1447,64,0.15137,0.93066,0.21094,0.356,11
1447,64,0.18652,0.93457,0.29004,0.356,17
1447,64,0.19238,0.95117,0.33008,0.356,20
1447,64,0.19727,0.97949,0.33789,0.356,20
1447,64,0.13574,1.0537,0.21387,0.356,17
1447,64,0.10449,1.1035,0.098633,0.356,15
1447,64,0.10742,1.1357,-0.057617,0.356,12
1447,64,0,2.0137,0.17383,-1.78,9
1447,64,0.21191,0.9375,0.10547,-1.424,6
1447,64,0.24902,0.95996,0.087891,-1.424,8
1447,64,0.22461,0.97949,0.20313,-1.424,9
1447,64,0.23047,1.0254,0.089844,-1.424,9
1447,64,0.13574,1.0723,-0.075195,-1.424,10
1447,64,0.10449,1.0742,-0.27051,-1.424,13
1447,64,0.071289,1.0996,-0.2998,-1.424,13
1447,64,0.073242,1.0947,-0.41113,-1.424,10
1447,64,0.28418,1.708,-0.54785,-1.424,9
1447,64,0.28809,1.7295,-0.5752,-1.424,11
1447,64,0.35156,1.7256,-0.6416,-1.424,10
1447,64,0.23828,1.6689,-0.88477,-1.424,7
1447,64,0.24121,1.8203,-0.60449,-1.424,8
1447,64,0.18359,1.8887,-0.50195,-1.424,11
1447,64,0.12598,2.0049,-0.22168,-1.424,13
1447,64,0.16504,0.85645,-0.1084,-1.068,31
1447,64,0.16992,0.88574,-0.10547,-1.068,105
1447,64,0.20508,0.90918,-0.10254,-1.068,209
1447,64,0.21191,0.93652,-0.10742,-1.068,269
1447,64,0.21777,0.96484,-0.11816,-1.068,223
1447,64,0.22461,0.99707,-0.083984,-1.068,119
1447,64,0.13184,1.0391,0.11914,-1.068,114
1447,64,0.16895,1.0586,0.1582,-1.068,86
1447,64,-0.035156,1.0557,-0.35059,-1.068,36
1447,64,0.036133,1.1104,-0.26465,-1.068,74
1447,64,0.036133,1.1406,-0.2627,-1.068,74
1447,64,0.037109,1.1602,-0.30762,-1.068,41
1447,64,0.038086,1.1494,-0.4375,-1.068,14
1447,64,0.15918,0.82227,-0.13867,-0.71201,9
1447,64,0.16504,0.8584,-0.088867,-0.71201,66
1447,64,0.16992,0.8877,-0.085938,-0.71201,217
1447,64,0.17578,0.91699,-0.083008,-0.71201,425
1447,64,0.21191,0.93945,-0.079102,-0.71201,539
1447,64,0.21777,0.96875,-0.070313,-0.71201,444
1447,64,0.19238,1.0059,0.049805,-0.71201,272
1447,64,0.13184,1.0303,0.17969,-0.71201,304
1447,64,0.16895,1.0537,0.18945,-0.71201,266
1447,64,0.24316,1.0244,0.36133,-0.71201,123
1447,64,0,1.1143,-0.25195,-0.71201,84
1447,64,0.036133,1.1543,-0.19434,-0.71201,96
1447,64,0.037109,1.1738,-0.25098,-0.71201,60
1447,64,0.1377,0.86523,-0.070313,-0.356,39
1447,64,0.16992,0.88965,-0.06543,-0.356,124
1447,64,0.17578,0.91895,-0.060547,-0.356,238
1447,64,0.18164,0.94824,-0.043945,-0.356,298
1448,64,0.15332,0.79883,0.10254,0,6
1448,64,0.18555,0.82031,0.11914,0,46
1448,64,0.19238,0.85059,0.10352,0,126
1448,64,0.19824,0.88184,0.088867,0,204
1448,64,0.20508,0.91016,0.091797,0,212
1448,64,0.18164,0.80176,0.50781,0,152
1448,64,0.18652,0.81836,0.53613,0,95
1448,64,0.22461,0.92578,0.37988,0,72
1448,64,0,1.0537,0.02832,0,44
1448,64,-0.067383,1.0781,0.083008,0,32
1448,64,-0.069336,0.49902,-0.99219,0,19
1448,64,0.67773,1.5195,0.13184,0,25
1448,64,0.63672,1.5654,0.16895,0,29
1448,64,0.64844,1.5898,0.19531,0,25
1448,64,0.15918,0.82324,0.13281,0.356,10
1448,64,0.19238,0.84668,0.13281,0.356,28
1448,64,0.19824,0.87793,0.12207,0.356,44
1448,64,0.17578,0.91211,0.12109,0.356,45
1448,64,0.18164,0.72168,0.61719,0.356,32
1448,64,0.21777,0.79395,0.56055,0.356,21
1448,64,-0.032227,1.0234,-0.044922,0.356,17
1448,64,0,1.0547,0.0048828,0.356,15
1448,64,0,1.083,0.048828,0.356,10
1448,64,0.16504,0.86328,0.019531,-1.424,8
1448,64,0.16992,0.8916,-0.020508,-1.424,13
1448,64,0.17578,0.91309,0.11719,-1.424,13
1448,64,-0.09082,0.89844,-0.34473,-1.424,13
1448,64,-0.0625,0.95508,-0.27637,-1.424,20
1448,64,0,0.99902,-0.23145,-1.424,26
1448,64,0,1.0303,-0.22266,-1.424,23
1448,64,0,1.0508,-0.26367,-1.424,14
1448,64,0.12598,1.624,-1.1963,-1.424,5
1448,64,0,1.5186,-1.3779,-1.424,6
1448,64,0,1.6602,-1.2529,-1.424,5
1448,64,0.18555,0.82813,0.02832,-1.068,28
1448,64,0.19238,0.85742,0.0087891,-1.068,75
1448,64,0.19824,0.88574,-0.0078125,-1.068,114
1448,64,0.20508,0.91406,-0.010742,-1.068,114
1448,64,0.15137,0.9541,0.03418,-1.068,89
1448,64,0.0625,0.92188,-0.37207,-1.068,99
1448,64,0,0.98242,-0.29395,-1.068,160
1448,64,-0.033203,1.0176,-0.27344,-1.068,169
1448,64,0,1.0498,-0.26855,-1.068,123
1448,64,0.035156,1.0811,-0.2627,-1.068,60
1448,64,0.071289,1.1191,-0.21875,-1.068,21
1448,64,0.20508,0.79004,0.077148,-0.71201,16
1448,64,0.21191,0.82031,0.064453,-0.71201,111
1448,64,0.21973,0.84961,0.044922,-0.71201,298
1448,64,0.19824,0.88574,0.02832,-0.71201,468
1448,64,0.20508,0.91406,0.037109,-0.71201,479
1448,64,0.18164,0.83105,0.45801,-0.71201,346
1448,64,0.18652,0.83691,0.50586,-0.71201,246
1448,64,0,0.90527,-0.48145,-0.71201,180
1448,64,-0.033203,1.0088,-0.30566,-0.71201,207
1448,64,0,1.0479,-0.27734,-0.71201,160
1448,64,0.035156,1.084,-0.24902,-0.71201,85
1448,64,0.071289,1.127,-0.17188,-0.71201,33
1448,64,0.63672,1.5732,0.06543,-0.71201,28
1448,64,0.20508,0.78711,0.10449,-0.356,16
1448,64,0.18555,0.82324,0.092773,-0.356,115
1448,64,0.19238,0.85449,0.076172,-0.356,314
1448,64,0.19824,0.88379,0.05957,-0.356,504
1448,64,0.20508,0.91211,0.066406,-0.356,522
1448,64,0.18164,0.81445,0.4873,-0.356,375
1449,64,0,0.76074,0.026367,0,13
1449,64,0.098633,0.78027,0.084961,0,43
1449,64,0.12793,0.79785,0.13965,0,110
1449,64,0.13281,0.82324,0.16113,0,205
1449,64,0.10938,0.85352,0.17773,0,288
1449,64,0.11328,0.87988,0.19434,0,320
1449,64,0.087891,0.91699,0.1748,0,275
1449,64,0.12109,0.94629,0.15332,0,174
1449,64,0.0625,0.99219,-0.061523,0,89
1449,64,0.41602,0.92285,-0.15918,0,93
1449,64,0.39551,0.9541,-0.21191,0,69
1449,64,0.40625,0.9668,-0.27441,0,33
1449,64,0.049805,0.78613,0.067383,0.356,9
1449,64,0.10254,0.80176,0.13965,0.356,22
1449,64,0.13281,0.82324,0.16211,0.356,41
1449,64,0.082031,0.85645,0.18066,0.356,56
1449,64,0.084961,0.88281,0.19531,0.356,63
1449,64,0.087891,0.91504,0.18359,0.356,54
1449,64,0.060547,0.95605,0.12988,0.356,32
1449,64,0.03125,0.99512,-0.010742,0.356,14
1449,64,0.35254,0.96191,0.041016,0.356,7
1449,64,0.080078,0.82715,0.17383,0.71201,5
1449,64,0.082031,0.85742,0.17383,0.71201,7
1449,64,0.056641,0.88086,0.21191,0.71201,8
1449,64,0.058594,0.91113,0.21289,0.71201,7
1449,64,0.056641,0.9043,-0.060547,-1.78,6
1449,64,0.10254,0.8125,-0.042969,-1.424,6
1449,64,0.10645,0.8418,-0.027344,-1.424,11
1449,64,0.082031,0.875,-0.016602,-1.424,16
1449,64,0.056641,0.90625,-0.0048828,-1.424,20
1449,64,0.058594,0.93555,-0.018555,-1.424,19
1449,64,0.030273,0.96582,0.012695,-1.424,12
1449,64,0,1.7236,-0.12012,-1.424,9
1449,64,0,1.7422,-0.22656,-1.424,10
1449,64,-0.29785,0.5918,1.7852,-1.424,6
1449,64,0.074219,0.78711,-0.030273,-1.068,19
1449,64,0.10254,0.81348,0.0019531,-1.068,48
1449,64,0.10645,0.8418,0.030273,-1.068,89
1449,64,0.10938,0.87012,0.052734,-1.068,134
1449,64,0.084961,0.90137,0.06543,-1.068,159
1449,64,0.087891,0.93164,0.046875,-1.068,139
1449,64,0.09082,0.96191,-0.020508,-1.068,93
1449,64,0.0625,0.97852,-0.17285,-1.068,69
1449,64,0.032227,0.99121,-0.26074,-1.068,58
1449,64,0.033203,1.0127,-0.29199,-1.068,34
1449,64,0,1.0352,-0.32031,-1.068,11
1449,64,0.30176,1.5352,-0.38574,-1.068,12
1449,64,0.30762,1.5303,-0.50488,-1.068,14
1449,64,0.26074,1.5762,-0.48438,-1.068,12
1449,64,0.31836,1.542,-0.63672,-1.068,10
1449,64,0.053711,1.7002,-0.30566,-1.068,12
1449,64,0,1.7139,-0.75879,-1.068,6
1449,64,0,1.6748,-0.90527,-1.068,7
1449,64,0.047852,0.75977,-0.010742,-0.71201,25
1449,64,0.098633,0.78418,0.022461,-0.71201,88
1449,64,0.12793,0.80762,0.058594,-0.71201,219
1449,64,0.13281,0.83496,0.079102,-0.71201,405
1449,64,0.10938,0.86621,0.095703,-0.71201,593
1449,64,0.084961,0.89844,0.099609,-0.71201,676
1449,64,0.087891,0.92871,0.086914,-0.71201,588
1449,64,0.09082,0.96094,0.043945,-0.71201,369
1449,64,0.0625,0.99219,-0.057617,-0.71201,205
1449,64,0.032227,1.0215,-0.074219,-0.71201,148
1449,64,0.033203,1.0537,0.0068359,-0.71201,87
1450,64,0.087891,0.69531,-0.050781,0,10
1450,64,0.068359,0.72852,0.017578,0,59
1450,64,0.071289,0.75586,0.064453,0,172
1450,64,0.074219,0.77148,0.1582,0,323
1450,64,0.050781,0.79004,0.21484,0,421
1450,64,0.052734,0.80566,0.2627,0,403
1450,64,0.027344,0.85938,0.18164,0,299
1450,64,0.02832,0.89063,0.17383,0,161
1450,64,0.029297,0.8623,0.36621,0,67
1450,64,0.39258,0.88086,-0.061523,0,82
1450,64,0.43555,0.8916,-0.084961,0,89
1450,64,0.41602,0.92871,-0.12402,0,69
1450,64,0.42871,0.94043,-0.20801,0,37
1450,64,0.59277,1.4531,0.19531,0,23
1450,64,0.60449,1.4785,0.20801,0,33
1450,64,0.66602,1.4863,0.19238,0,36
1450,64,0.057617,1.6113,0.89746,0,16
1450,64,0.058594,1.6094,0.95898,0,19
1450,64,0.05957,1.6064,1.0205,0,16
1450,64,0,1.5566,1.1455,0,11
1450,64,0.068359,0.72656,0.0625,0.356,10
1450,64,0.071289,0.75293,0.087891,0.356,31
1450,64,0.049805,0.77539,0.14941,0.356,59
1450,64,0.050781,0.7959,0.19141,0.356,79
1450,64,0.026367,0.83789,0.13379,0.356,78
1450,64,0.027344,0.86914,0.12598,0.356,59
1450,64,0,0.90625,0.0625,0.356,33
1450,64,0.029297,0.89648,0.27148,0.356,14
1450,64,0.3623,0.89648,0,0.356,12
1450,64,0.37305,0.92285,0,0.356,13
1450,64,0.38477,0.94824,-0.058594,0.356,10
1450,64,0.049805,0.78906,0.017578,-1.424,15
1450,64,0.050781,0.81543,0.06543,-1.424,22
1450,64,0.052734,0.84766,-0.0029297,-1.424,23
1450,64,0.027344,0.86719,-0.13574,-1.424,19
1450,64,0,0.89844,-0.13379,-1.424,11
1450,64,0.068359,0.72852,-0.018555,-1.068,17
1450,64,0.071289,0.75781,0.0058594,-1.068,51
1450,64,0.074219,0.77441,0.14355,-1.068,96
1450,64,0.077148,0.77441,0.25684,-1.068,129
1450,64,0.080078,0.79004,0.30273,-1.068,125
1450,64,0.082031,0.82715,0.28613,-1.068,91
1450,64,0.11328,0.85156,0.29492,-1.068,50
1450,64,0.14648,0.85938,0.34473,-1.068,22
1450,64,0.33203,0.90625,0.041016,-1.068,15
1450,64,0.37305,0.92285,-0.035156,-1.068,15
1450,64,0.38477,0.94531,-0.10156,-1.068,11
1450,64,0.28027,1.374,-0.51465,-1.068,10
1450,64,0.28516,1.4043,-0.5166,-1.068,15
1450,64,0.24219,1.4824,-0.39063,-1.068,17
1450,64,0.24707,1.5459,-0.22266,-1.068,17
1450,64,0.20117,1.5967,0.063477,-1.068,16
1450,64,0.76855,0,1.5146,-1.068,15
1450,64,0.087891,0.69727,-0.012695,-0.71201,15
1450,64,0.091797,0.72656,-0.0068359,-0.71201,98
1450,64,0.071289,0.75781,0.035156,-0.71201,293
1450,64,0.074219,0.77637,0.13184,-0.71201,550
1450,64,0.077148,0.78223,0.2334,-0.71201,725
1450,64,0.052734,0.81543,0.23242,-0.71201,708
1450,64,0.054688,0.84863,0.22168,-0.71201,516
1450,64,0.056641,0.87695,0.23047,-0.71201,279
1450,64,0.058594,0.84766,0.39551,-0.71201,112
1450,64,0.39258,0.87793,-0.091797,-0.71201,115
1450,64,0.4043,0.90137,-0.12109,-0.71201,121
1451,64,0.080078,0.63379,-0.084961,0,8
1451,64,0.10547,0.66504,-0.018555,0,65
1451,64,0.10938,0.69434,0.012695,0,231
1451,64,0.11426,0.72266,0.037109,0,505
1451,64,0.11914,0.75,0.057617,0,774
1451,64,0.12402,0.77734,0.073242,0,823
1451,64,0.12793,0.80664,0.077148,0,617
1451,64,0.10645,0.84277,0.026367,0,313
1451,64,0.027344,0.86035,-0.17773,0,116
1451,64,0.42578,0.75977,-0.25781,0,55
1451,64,0.41016,0.83008,-0.14551,0,59
1451,64,0.45313,0.82813,-0.20801,0,51
1451,64,0.43555,0.86719,-0.22168,0,32
1451,64,0.41602,0.90527,-0.24023,0,14
1451,64,0.60254,0.47656,-1.1426,0,10
1451,64,1.0107,0.51953,-0.82813,0,11
1451,64,1.0313,0.23535,-0.96973,0,9
1451,64,0.058594,1.8652,-0.17578,0,9
1451,64,0.53516,1.6924,0.68848,0,8
1451,64,0.083984,0.66797,-0.0048828,0.356,12
1451,64,0.10938,0.69336,0.043945,0.356,44
1451,64,0.11426,0.71973,0.066406,0.356,98
1451,64,0.11914,0.74707,0.087891,0.356,151
1451,64,0.12402,0.77441,0.10352,0.356,162
1451,64,0.12793,0.80273,0.10938,0.356,121
1451,64,0.10645,0.84082,0.056641,0.356,62
1451,64,0.027344,0.86621,-0.14746,0.356,22
1451,64,0.42578,0.7793,-0.19043,0.356,10
1451,64,0.41016,0.83008,-0.14551,0.356,10
1451,64,0.45313,0.8418,-0.14258,0.356,9
1451,64,0.11426,0.7168,0.09668,0.71201,12
1451,64,0.094727,0.74414,0.13086,0.71201,18
1451,64,0.12402,0.76758,0.14453,0.71201,20
1451,64,0.10254,0.80078,0.14453,0.71201,15
1451,64,0.045898,0.72949,0.03418,1.068,4
1451,64,0.071289,0.75293,0.091797,1.068,7
1451,64,0.098633,0.7627,0.18262,1.068,8
1451,64,0.10254,0.77441,0.24805,1.068,6
1451,64,0.11914,0.73438,-0.16113,-2.136,6
1451,64,0.098633,0.77832,-0.095703,-2.136,6
1451,64,0.11426,0.71875,-0.080078,-1.78,8
1451,64,0.11914,0.75098,-0.039063,-1.78,13
1451,64,0.12402,0.7793,-0.055664,-1.78,14
1451,64,0.15332,0.80469,-0.03418,-1.78,11
1451,64,0.10938,0.69043,-0.077148,-1.424,12
1451,64,0.1377,0.71777,-0.044922,-1.424,27
1451,64,0.11914,0.75195,-0.03125,-1.424,41
1451,64,0.12402,0.78125,-0.018555,-1.424,44
1451,64,0.15332,0.80566,-0.021484,-1.424,33
1451,64,0.10645,0.83984,-0.069336,-1.424,16
1451,64,0.17578,1.1396,-0.80469,-1.424,10
1451,64,0.22461,1.2891,-0.58984,-1.424,13
1451,64,0.27441,1.3545,-0.4834,-1.424,13
1451,64,0.28027,1.4307,-0.3252,-1.424,11
1451,64,0.10547,0.6582,-0.095703,-1.068,20
1451,64,0.13184,0.68945,-0.037109,-1.068,77
1451,64,0.1377,0.71875,-0.0087891,-1.068,181
1451,64,0.14258,0.74805,0.010742,-1.068,279
1451,64,0.14844,0.77637,0.026367,-1.068,305
1451,64,0.15332,0.80469,0.029297,-1.068,232
1451,64,0.13281,0.83887,-0.024414,-1.068,115
1451,64,0.054688,0.81738,-0.31738,-1.068,41
1451,64,0.084961,0.40234,-0.80957,-1.068,21
1451,64,0.087891,0.16211,0.91895,-1.068,16
1452,64,0.095703,0.60742,0.0087891,0,30
1452,64,0.10059,0.63574,-0.020508,0,144
1452,64,0.083984,0.66699,-0.038086,0,339
1452,64,0.10938,0.69238,-0.050781,0,523
1452,64,0.11426,0.7207,-0.0625,0,537
1452,64,0.071289,0.75195,-0.09668,0,382
1452,64,-0.024414,0.76953,-0.17871,0,286
1452,64,-0.050781,0.81152,-0.10547,0,210
1452,64,-0.052734,0.84766,-0.011719,0,112
1452,64,0.35742,0.78809,-0.15527,0,71
1452,64,0.39746,0.80176,-0.1543,0,82
1452,64,0.38086,0.83691,-0.18359,0,67
1452,64,0.39258,0.85254,-0.23242,0,41
1452,64,0.37305,0.88867,-0.24902,0,17
1452,64,0.077148,0.61035,0,0.356,6
1452,64,0.10059,0.63672,0.0019531,0.356,31
1452,64,0.083984,0.66797,-0.022461,0.356,73
1452,64,0.10938,0.69336,-0.039063,0.356,112
1452,64,0.11426,0.7207,-0.063477,0.356,114
1452,64,0.094727,0.74902,-0.10156,0.356,77
1452,64,0,0.76563,-0.19922,0.356,40
1452,64,-0.050781,0.81348,-0.094727,0.356,27
1452,64,-0.052734,0.84668,0.047852,0.356,15
1452,64,0.3291,0.80371,-0.12988,0.356,14
1452,64,0.36914,0.81836,-0.13672,0.356,16
1452,64,0.38086,0.83984,-0.16699,0.356,14
1452,64,0.3623,0.88867,-0.11719,0.356,8
1452,64,0.063477,0.6709,-0.011719,0.71201,9
1452,64,0.10938,0.69434,-0.021484,0.71201,15
1452,64,0.091797,0.72559,-0.035156,0.71201,15
1452,64,0.094727,0.74219,-0.14258,0.71201,10
1452,64,0.087891,0.69727,0,1.068,6
1452,64,0.068359,0.72754,-0.045898,1.068,6
1452,64,0.10547,0.64746,-0.15332,-1.78,7
1452,64,0.10938,0.66602,-0.19434,-1.78,10
1452,64,0.091797,0.68945,-0.22949,-1.78,10
1452,64,0.14258,0.69141,-0.28516,-1.78,7
1452,64,0.42285,1.7227,-0.76758,-1.78,8
1452,64,0.42969,1.7861,-0.68945,-1.78,10
1452,64,0.43555,1.8311,-0.65137,-1.78,9
1452,64,0.37891,1.9287,-0.4707,-1.78,6
1452,64,0.080078,0.63086,-0.10645,-1.424,9
1452,64,0.10547,0.65332,-0.12598,-1.424,23
1452,64,0.13184,0.67285,-0.15527,-1.424,35
1452,64,0.1377,0.69336,-0.19336,-1.424,35
1452,64,0.14258,0.71387,-0.22168,-1.424,23
1452,64,0.20117,1.2246,-0.34668,-1.424,11
1452,64,0.20605,1.2207,-0.45117,-1.424,18
1452,64,0.25293,1.2275,-0.49512,-1.424,22
1452,64,0.25781,1.2305,-0.55957,-1.424,20
1452,64,0.26367,1.2285,-0.63086,-1.424,15
1452,64,0.095703,0.60449,-0.058594,-1.068,15
1452,64,0.12109,0.62793,-0.078125,-1.068,78
1452,64,0.12598,0.65332,-0.10352,-1.068,191
1452,64,0.13184,0.67773,-0.12988,-1.068,291
1452,64,0.1377,0.69922,-0.16699,-1.068,293
1452,64,0.14258,0.70996,-0.23535,-1.068,192
1452,64,0.12402,0.64063,-0.44629,-1.068,73
1452,64,0.077148,0.68066,0.4502,-1.068,31
1452,64,0.34473,0.76465,-0.13477,-1.068,22
1452,64,0.38477,0.76758,-0.18848,-1.068,35
1452,64,0.39746,0.78906,-0.20996,-1.068,40
1452,64,0.41016,0.80859,-0.23926,-1.068,33
1452,64,0.39258,0.83203,-0.29492,-1.068,19
