Frame #,# Obj,X,Y,Z,Doppler,Intensity
172,2,0,2.2598,0.33691,0.356,6
172,2,0,2.2793,0.39844,0.356,6
176,2,-0.3252,1.9639,0.60254,-0.356,7
176,2,-0.3291,1.9912,0.61133,-0.356,7
178,4,-0.24121,1.8398,0.54297,-0.71201,10
178,4,-0.30664,1.8457,0.5918,-0.71201,9
178,4,0.90625,0.94824,-1.4199,-0.71201,6
178,4,0.79688,1.1816,-1.3486,-0.71201,5
179,10,-0.17285,1.6758,0.75195,-1.068,15
179,10,-0.23438,1.6953,0.76465,-1.068,20
179,10,-0.23828,1.6914,0.84082,-1.068,20
179,10,-0.24121,1.7393,0.80859,-1.068,14
179,10,-0.22656,1.6309,0.7666,-0.71201,11
179,10,-0.23047,1.6426,0.80762,-0.71201,20
179,10,-0.17578,1.6846,0.80273,-0.71201,26
179,10,-0.23828,1.7197,0.78027,-0.71201,23
179,10,-0.24121,1.707,0.87402,-0.71201,15
179,10,-0.17578,1.6553,0.8623,-0.356,8
180,15,0.072266,2.2646,0.4707,0.356,6
180,15,0,2.2832,0.52832,0.356,6
180,15,-0.21973,1.4873,0.91016,-1.424,12
180,15,-0.16797,1.5762,0.8252,-1.424,17
180,15,-0.16992,1.5996,0.84277,-1.424,17
180,15,-0.23047,1.5918,0.90527,-1.424,11
180,15,0,1.4619,0.9209,-1.068,7
180,15,-0.10938,1.4688,0.95898,-1.068,18
180,15,-0.11133,1.4814,0.99219,-1.068,27
180,15,-0.16992,1.4932,1.0195,-1.068,27
180,15,-0.17285,1.5566,0.97656,-1.068,19
180,15,-0.21973,1.5654,0.76855,-0.356,11
180,15,-0.22363,1.5801,0.80469,-0.356,13
180,15,-0.28418,1.6592,0.68066,-0.356,11
180,15,-0.72266,1.2197,-1.8281,0.356,4
181,18,-0.26074,1.3369,0.96582,0,8
181,18,-0.21191,1.4307,0.89063,0,15
181,18,-0.21582,1.4639,0.89258,0,19
181,18,-0.21973,1.5088,0.87305,0,17
181,18,-0.2793,1.5703,0.80566,0,10
181,18,0,2.2256,0.51563,0.356,6
181,18,0,2.2588,0.5,0.356,8
181,18,0,2.2852,0.51855,0.356,8
181,18,-0.15625,1.4346,0.83984,-0.71201,10
181,18,-0.21191,1.4619,0.83887,-0.71201,17
181,18,-0.21582,1.5391,0.75586,-0.71201,21
181,18,-0.16504,1.5605,0.79102,-0.71201,19
181,18,-0.22363,1.5869,0.78906,-0.71201,11
181,18,-0.20898,1.4268,0.84082,-0.356,16
181,18,-0.15918,1.4775,0.82324,-0.356,30
181,18,-0.16211,1.5029,0.83691,-0.356,37
181,18,-0.21973,1.54,0.81641,-0.356,32
181,18,-0.22363,1.5469,0.86523,-0.356,19
182,3,-0.21191,1.5234,0.7207,-0.356,11
182,3,-0.21582,1.5576,0.71582,-0.356,13
182,3,-0.27441,1.6152,0.63672,-0.356,10
207,11,-0.3252,1.9326,0.69727,0,6
207,11,-0.3291,2.0146,0.52832,0,9
207,11,-0.40137,1.9912,0.66699,0,9
207,11,-0.33887,2.0029,0.75586,0,7
207,11,-0.33398,2.0586,0.47266,-0.71201,9
207,11,-0.3252,2.0166,0.38965,-0.356,10
207,11,-0.26367,2.0381,0.47168,-0.356,16
207,11,-0.33398,2.0146,0.63281,-0.356,17
207,11,-0.33887,2.0391,0.65039,-0.356,13
207,11,0.93555,1.2881,-1.4277,-0.356,9
207,11,0.94824,1.2998,-1.4521,-0.356,7
208,14,-0.25586,1.8076,0.93262,0,8
208,14,-0.38965,1.8203,0.92578,0,10
208,14,-0.26367,1.9004,0.87598,0,10
208,14,-0.40137,1.9414,0.80176,0,6
208,14,-0.25293,1.8369,0.80371,-0.71201,10
208,14,-0.25586,1.9375,0.61816,-0.71201,19
208,14,-0.3252,1.9512,0.6416,-0.71201,25
208,14,-0.3291,1.9648,0.69238,-0.71201,23
208,14,-0.33398,1.9941,0.69531,-0.71201,15
208,14,-0.31543,1.8877,0.64844,-0.356,10
208,14,-0.25586,1.9053,0.71289,-0.356,20
208,14,-0.3252,1.9326,0.69727,-0.356,26
208,14,-0.3291,1.9492,0.7334,-0.356,25
208,14,-0.26758,1.9609,0.81055,-0.356,17
209,4,0,1.7637,1.2607,0.356,9
209,4,0,1.7783,1.29,0.356,12
209,4,-0.13867,1.749,1.3701,0.356,11
209,4,-0.37305,1.9199,0.37402,-0.71201,7
210,17,-0.30176,1.6289,0.99609,-1.068,9
210,17,-0.30664,1.7314,0.87207,-1.068,12
210,17,-0.31152,1.7881,0.82031,-1.068,13
210,17,-0.37891,1.8223,0.78809,-1.068,8
210,17,-0.29785,1.4189,1.2334,-0.71201,8
210,17,-0.30176,1.6045,1.0342,-0.71201,17
210,17,-0.30664,1.6885,0.95215,-0.71201,25
210,17,-0.31152,1.751,0.89551,-0.71201,25
210,17,-0.31543,1.7998,0.86328,-0.71201,17
210,17,-0.3623,1.5625,1.0781,-0.356,9
210,17,-0.24512,1.6855,0.97461,-0.356,13
210,17,-0.31152,1.7002,0.99023,-0.356,14
210,17,0,2.002,0.90332,-0.356,8
210,17,0,2.0674,0.82617,-0.356,8
210,17,0.53516,1.1924,-1.3838,-0.71201,5
210,17,0.60449,1.3828,-1.208,-0.71201,9
210,17,0.66406,1.2285,-1.3369,-0.356,6
211,17,-0.28809,1.5615,0.94043,0,10
211,17,-0.29297,1.6602,0.82031,0,14
211,17,-0.29785,1.6328,0.93262,0,14
211,17,-0.30176,1.6816,0.90527,0,10
211,17,-0.29297,1.7129,0.70215,-1.068,8
211,17,-0.29785,1.7236,0.75098,-1.068,8
211,17,-0.28418,1.5986,0.81348,-0.71201,10
211,17,-0.23047,1.6357,0.82324,-0.71201,23
211,17,-0.29297,1.666,0.80762,-0.71201,32
211,17,-0.29785,1.7002,0.80371,-0.71201,33
211,17,-0.24121,1.7471,0.79199,-0.71201,24
211,17,-0.36816,1.7813,0.73633,-0.71201,11
211,17,-0.34082,1.5869,0.81445,-0.356,11
211,17,-0.28809,1.6113,0.85156,-0.356,24
211,17,-0.23438,1.6436,0.87012,-0.356,35
211,17,-0.29785,1.6816,0.84277,-0.356,35
211,17,-0.30176,1.7188,0.83105,-0.356,25
212,8,-0.2793,1.5879,0.76953,-0.71201,8
212,8,-0.28418,1.6172,0.77539,-0.71201,12
212,8,-0.17285,1.6465,0.81445,-0.71201,15
212,8,-0.17578,1.6963,0.77734,-0.71201,13
212,8,-0.33496,1.5908,0.74023,-0.356,7
212,8,-0.28418,1.6465,0.71094,-0.356,10
212,8,-0.23047,1.6426,0.80859,-0.356,12
212,8,-0.23438,1.6533,0.85254,-0.356,10
213,21,-0.26953,1.5029,0.80957,0,10
213,21,-0.21973,1.543,0.81152,0,20
213,21,-0.22363,1.5479,0.86426,0,26
213,21,-0.22656,1.5977,0.83203,0,23
213,21,-0.28809,1.6211,0.83301,0,14
213,21,-0.27441,1.5498,0.78027,-1.068,9
213,21,-0.2793,1.6191,0.70117,-1.068,11
213,21,-0.22656,1.6504,0.72168,-1.068,10
213,21,-0.26563,1.4424,0.85742,-0.71201,7
213,21,-0.21582,1.5234,0.78613,-0.71201,22
213,21,-0.21973,1.5654,0.76855,-0.71201,41
213,21,-0.22363,1.5986,0.76563,-0.71201,51
213,21,-0.22656,1.6328,0.7627,-0.71201,44
213,21,-0.23047,1.6641,0.7627,-0.71201,26
213,21,-0.23438,1.708,0.73438,-0.71201,10
213,21,-0.21582,1.5186,0.7959,-0.356,25
213,21,-0.21973,1.5508,0.7959,-0.356,47
213,21,-0.22363,1.585,0.79297,-0.356,60
213,21,-0.22656,1.625,0.77832,-0.356,53
213,21,-0.28809,1.6299,0.81641,-0.356,31
213,21,-0.29297,1.6357,0.86816,-0.356,12
238,3,-0.44824,1.9619,0.39258,-0.356,6
238,3,-0.45508,2,0.34277,-0.356,6
238,3,0.91016,0.95703,-1.6064,-0.356,4
239,2,-0.31543,1.9277,0.51953,-0.356,10
239,2,-0.32031,1.9727,0.45703,-0.356,10
240,7,-0.36816,1.8438,0.5625,-0.71201,10
240,7,-0.31152,1.8945,0.52832,-0.71201,10
240,7,-0.3623,1.8242,0.52734,-0.356,7
240,7,-0.36816,1.834,0.59375,-0.356,10
240,7,-0.37305,1.8799,0.54297,-0.356,9
240,7,0.78516,0.96484,-1.4795,-0.356,4
240,7,0.87109,1.2383,-1.293,-0.356,5
242,8,-0.23438,1.6533,0.85254,0,6
242,8,-0.35742,1.6592,0.8623,0,6
242,8,-0.23438,1.6895,0.77832,-0.71201,10
242,8,-0.23828,1.6982,0.82617,-0.71201,11
242,8,-0.17285,1.665,0.77637,-0.356,8
242,8,-0.23438,1.6338,0.88965,-0.356,13
242,8,-0.29785,1.6533,0.89551,-0.356,13
242,8,-0.30176,1.708,0.85352,-0.356,10
243,15,-0.33496,1.5342,0.85254,0,12
243,15,-0.28418,1.6152,0.7793,0,17
243,15,-0.28809,1.6377,0.7998,0,16
243,15,-0.29297,1.6787,0.78027,0,11
243,15,0,2.2266,0.51074,0.356,8
243,15,0.072266,2.1846,0.75781,0.356,8
243,15,-0.2793,1.6152,0.71191,-0.71201,14
243,15,-0.28418,1.6523,0.69727,-0.71201,20
243,15,-0.23047,1.7002,0.67871,-0.71201,20
243,15,-0.29297,1.7178,0.68945,-0.71201,13
243,15,-0.21973,1.543,0.81152,-0.356,12
243,15,-0.2793,1.5762,0.79395,-0.356,23
243,15,-0.28418,1.6348,0.7373,-0.356,32
243,15,-0.28809,1.6641,0.74414,-0.356,31
243,15,-0.29297,1.6885,0.75879,-0.356,21
244,19,-0.21582,1.4951,0.83984,0,16
244,19,-0.27441,1.501,0.87207,0,30
244,19,-0.22363,1.5527,0.85547,0,41
244,19,-0.22656,1.6182,0.79297,0,37
244,19,-0.28809,1.6523,0.76855,0,24
244,19,-0.23438,1.6211,0.91211,0,10
244,19,-0.16211,1.5664,0.71191,-0.71201,17
244,19,-0.21973,1.5732,0.75293,-0.71201,33
244,19,-0.22363,1.6133,0.73438,-0.71201,43
244,19,-0.22656,1.6611,0.69727,-0.71201,40
244,19,-0.23047,1.7051,0.66602,-0.71201,25
244,19,-0.29297,1.7158,0.69629,-0.71201,10
244,19,-0.26563,1.4463,0.84961,-0.356,8
244,19,-0.21582,1.499,0.83203,-0.356,29
244,19,-0.16504,1.5605,0.79004,-0.356,58
244,19,-0.22363,1.5918,0.78027,-0.356,78
244,19,-0.22656,1.6338,0.75977,-0.356,71
244,19,-0.23047,1.6699,0.75,-0.356,46
244,19,-0.23438,1.6777,0.80176,-0.356,19
245,19,-0.21191,1.3447,1.0156,0,7
245,19,-0.26953,1.375,1.0107,0,11
245,19,-0.27441,1.3555,1.085,0,13
245,19,-0.2793,1.3174,1.1738,0,10
245,19,-0.21582,1.4385,0.93262,-0.71201,11
245,19,-0.21973,1.4414,0.98047,-0.71201,12
245,19,-0.2793,1.5313,0.87695,-0.71201,9
245,19,-0.15918,1.4072,0.93848,-0.356,13
245,19,-0.21582,1.3896,1.0039,-0.356,21
245,19,-0.21973,1.3936,1.0479,-0.356,23
245,19,-0.2793,1.3867,1.0918,-0.356,17
245,19,-0.28418,1.3623,1.166,-0.356,9
245,19,0.48633,1.3984,-0.89063,0,6
245,19,0.54883,1.4971,-0.73828,0,7
245,19,0.55859,1.3877,-0.97754,0,6
245,19,0.55859,1.2783,-1.1162,-0.71201,5
245,19,0.54883,1.4902,-0.75098,-0.356,12
245,19,0.55859,1.4004,-0.95801,-0.356,10
245,19,0.62402,1.3652,-1.0215,-0.356,6
246,16,-0.20898,1.4229,0.84766,0,11
246,16,-0.21191,1.46,0.8418,0,20
246,16,-0.26953,1.4473,0.90527,0,22
246,16,-0.21973,1.5088,0.87402,0,19
246,16,-0.33496,1.5625,0.79883,0,10
246,16,-0.26074,1.4502,0.78516,-0.71201,9
246,16,-0.21191,1.5137,0.74023,-0.71201,16
246,16,-0.21582,1.5352,0.76367,-0.71201,19
246,16,-0.21973,1.5869,0.72168,-0.71201,16
246,16,-0.2793,1.5586,0.82715,-0.71201,9
246,16,-0.25586,1.4521,0.71777,-0.356,7
246,16,-0.20898,1.4385,0.82031,-0.356,22
246,16,-0.21191,1.4746,0.81641,-0.356,38
246,16,-0.26953,1.4814,0.84668,-0.356,44
246,16,-0.21973,1.5156,0.86133,-0.356,37
246,16,-0.2793,1.5742,0.79785,-0.356,20
247,2,-0.21191,1.3613,0.99316,-0.356,9
247,2,-0.21582,1.4268,0.9502,-0.356,9
271,2,-0.32031,1.9316,0.6084,-0.356,9
271,2,-0.3252,1.959,0.61719,-0.356,9
272,5,-0.36816,1.8477,0.5498,-0.356,6
272,5,-0.43555,1.8896,0.45313,-0.356,6
272,5,-0.44238,1.9541,0.2666,-0.356,4
272,5,0.87109,1.1172,-1.4004,-0.356,4
272,5,0.82129,0.92871,-1.5967,-0.356,3
273,10,-0.31152,1.6475,1.0752,0,7
273,10,-0.30664,1.7988,0.72168,-0.71201,13
273,10,-0.24902,1.7969,0.82227,-0.71201,15
273,10,-0.31543,1.8428,0.7666,-0.71201,12
273,10,-0.30176,1.6982,0.87207,-0.356,11
273,10,-0.30664,1.7168,0.90039,-0.356,15
273,10,-0.31152,1.7393,0.91992,-0.356,17
273,10,-0.31543,1.8184,0.82324,-0.356,13
273,10,0.79688,1.1816,-1.3486,-0.71201,7
273,10,0.66406,1.3428,-1.2217,-0.356,6
275,7,-0.23047,1.4609,1.1035,-0.71201,10
275,7,-0.35156,1.5742,0.95508,-0.71201,9
275,7,-0.28418,1.1748,1.3555,-0.356,8
275,7,-0.23047,1.46,1.1045,-0.356,11
275,7,-0.35156,1.5586,0.97949,-0.356,10
275,7,0.4541,1.4531,-0.99023,-0.356,5
275,7,0.57617,1.3203,-1.1533,-0.356,6
276,15,-0.3291,1.4619,0.91797,0,7
276,15,-0.22363,1.4971,0.94922,0,15
276,15,-0.22656,1.5313,0.94922,0,21
276,15,-0.23047,1.5889,0.90918,0,20
276,15,-0.23438,1.5996,0.94824,0,14
276,15,-0.3291,1.4805,0.88867,-0.71201,9
276,15,-0.22363,1.5088,0.93066,-0.71201,20
276,15,-0.22656,1.6006,0.82715,-0.71201,27
276,15,-0.23047,1.6465,0.80176,-0.71201,26
276,15,-0.23438,1.6963,0.7627,-0.71201,17
276,15,-0.21973,1.416,1.0176,-0.356,15
276,15,-0.22363,1.498,0.94727,-0.356,30
276,15,-0.22656,1.5674,0.8877,-0.356,41
276,15,-0.23047,1.6045,0.88184,-0.356,40
276,15,-0.29297,1.6602,0.82031,-0.356,26
277,15,-0.21582,1.4463,0.9209,0,6
277,15,-0.16504,1.499,0.90234,0,11
277,15,-0.2793,1.4873,0.94922,0,12
277,15,-0.22656,1.5527,0.91406,0,11
277,15,-0.3457,1.627,0.7998,0,6
277,15,-0.21582,1.4902,0.84766,-0.71201,9
277,15,-0.21973,1.5391,0.82031,-0.71201,16
277,15,-0.22363,1.5596,0.84277,-0.71201,19
277,15,-0.22656,1.6172,0.79395,-0.71201,16
277,15,-0.23047,1.6777,0.7334,-0.71201,9
277,15,-0.21582,1.498,0.83301,-0.356,11
277,15,-0.16504,1.5059,0.89063,-0.356,21
277,15,-0.22363,1.5557,0.84961,-0.356,25
277,15,-0.22656,1.5977,0.83301,-0.356,21
277,15,-0.28809,1.6572,0.75879,-0.356,12
278,16,-0.26074,1.5088,0.66406,0,5
278,16,-0.26563,1.4971,0.75781,0,12
278,16,-0.16211,1.5449,0.75684,0,21
278,16,-0.21973,1.5898,0.7168,0,23
278,16,-0.22363,1.5947,0.77344,0,18
278,16,-0.28418,1.5986,0.81348,0,9
278,16,-0.21191,1.5234,0.7207,-0.71201,12
278,16,-0.21582,1.5781,0.66895,-0.71201,19
278,16,-0.27441,1.6152,0.63672,-0.71201,20
278,16,-0.16797,1.6357,0.7002,-0.71201,16
278,16,-0.26074,1.4834,0.7207,-0.356,9
278,16,-0.21191,1.541,0.68262,-0.356,24
278,16,-0.16211,1.5693,0.70508,-0.356,40
278,16,-0.21973,1.5986,0.69629,-0.356,45
278,16,-0.22363,1.6133,0.73535,-0.356,34
278,16,-0.28418,1.6592,0.68164,-0.356,17
279,13,-0.26074,1.3809,0.90137,0,6
279,13,-0.21191,1.5254,0.7168,0,13
279,13,-0.21582,1.5713,0.6875,0,16
279,13,-0.27441,1.5332,0.81348,0,13
279,13,-0.2793,1.542,0.8584,0,8
279,13,-0.21191,1.5479,0.66602,-0.71201,10
279,13,-0.21582,1.6025,0.60938,-0.71201,13
279,13,-0.16504,1.6357,0.62012,-0.71201,11
279,13,-0.20898,1.501,0.70117,-0.356,13
279,13,-0.15918,1.5332,0.71289,-0.356,27
279,13,-0.21582,1.5674,0.69434,-0.356,33
279,13,-0.21973,1.5908,0.71387,-0.356,28
279,13,-0.2793,1.6387,0.65332,-0.356,16
313,5,-0.37305,1.8467,0.64453,-0.71201,9
313,5,-0.31543,1.8389,0.77637,-0.71201,10
313,5,-0.38477,1.8223,0.85742,-0.71201,8
313,5,-0.31152,1.8096,0.77246,-0.356,8
313,5,-0.37891,1.7559,0.92676,-0.356,8
314,7,-0.30176,1.7412,0.7832,-0.71201,11
314,7,-0.36816,1.8037,0.67969,-0.71201,11
314,7,-0.31152,1.8154,0.75684,-0.71201,10
314,7,-0.35742,1.7129,0.75,-0.356,8
314,7,-0.3623,1.7549,0.72461,-0.356,10
314,7,-0.30664,1.7783,0.76953,-0.356,10
314,7,-0.37305,1.751,0.87207,-0.356,7
315,13,-0.29297,1.626,0.88574,0,7
315,13,-0.35742,1.5957,0.97461,0,9
315,13,-0.30176,1.6357,0.98535,0,10
315,13,-0.30664,1.7021,0.92773,0,7
315,13,-0.29297,1.6572,0.8252,-0.71201,17
315,13,-0.29785,1.6738,0.85742,-0.71201,26
315,13,-0.24121,1.7119,0.86523,-0.71201,26
315,13,-0.30664,1.7461,0.8418,-0.71201,17
315,13,-0.3457,1.6436,0.76465,-0.356,7
315,13,-0.29297,1.6387,0.86133,-0.356,17
315,13,-0.29785,1.6504,0.90137,-0.356,25
315,13,-0.30176,1.6729,0.91992,-0.356,25
315,13,-0.30664,1.7109,0.91016,-0.356,17
316,10,-0.39746,1.6357,0.68164,0,5
316,10,-0.3457,1.6748,0.69238,0,6
316,10,-0.29297,1.4912,1.0967,0,5
316,10,-0.3457,1.6748,0.69238,-0.71201,6
316,10,-0.29297,1.6602,0.82031,-0.71201,7
316,10,-0.34082,1.7061,0.52148,-0.356,10
316,10,-0.28809,1.6729,0.72363,-0.356,11
316,10,-0.29297,1.6338,0.87207,-0.356,10
316,10,-0.23828,1.5498,1.0801,-0.356,9
316,10,-0.17285,1.6768,0.75,0,6
317,17,-0.27441,1.4619,0.93555,0,9
317,17,-0.22363,1.5469,0.86621,0,18
317,17,-0.28418,1.5713,0.86426,0,24
317,17,-0.28809,1.6172,0.83984,0,23
317,17,-0.29297,1.6602,0.82031,0,15
317,17,-0.35742,1.6953,0.78906,0,6
317,17,-0.27441,1.5771,0.72559,-0.71201,9
317,17,-0.22363,1.6104,0.74219,-0.71201,18
317,17,-0.22656,1.6445,0.73633,-0.71201,24
317,17,-0.28809,1.6748,0.71777,-0.71201,22
317,17,-0.23438,1.7021,0.75,-0.71201,15
317,17,-0.21973,1.5518,0.79492,-0.356,18
317,17,-0.2793,1.5791,0.78711,-0.356,34
317,17,-0.28418,1.6016,0.80762,-0.356,46
317,17,-0.28809,1.6348,0.80664,-0.356,43
317,17,-0.29297,1.6699,0.79883,-0.356,28
317,17,-0.23828,1.6904,0.8418,-0.356,12
318,14,-0.37793,1.3271,1.04,0,7
318,14,-0.27441,1.2998,1.1504,0,12
318,14,-0.33496,1.4189,1.0332,0,13
318,14,-0.34082,1.583,0.82227,0,12
318,14,-0.3457,1.6602,0.72656,0,8
318,14,-0.32422,1.5,0.79492,-0.71201,7
318,14,-0.3291,1.4268,0.97168,-0.71201,10
318,14,-0.39063,1.5596,0.77832,-0.71201,10
318,14,-0.31836,1.4082,0.89551,-0.356,6
318,14,-0.26953,1.4102,0.96094,-0.356,14
318,14,-0.27441,1.4307,0.9834,-0.356,22
318,14,-0.2793,1.5137,0.90723,-0.356,26
318,14,-0.28418,1.6084,0.79492,-0.356,23
318,14,-0.28809,1.6475,0.7793,-0.356,15
319,13,-0.26563,1.4316,0.87598,0,9
319,13,-0.32422,1.4775,0.83594,0,15
319,13,-0.27441,1.5205,0.83691,0,19
319,13,-0.2793,1.5557,0.83301,0,17
319,13,-0.34082,1.5586,0.86719,0,10
319,13,-0.26953,1.5303,0.75586,-0.71201,13
319,13,-0.21973,1.5566,0.78418,-0.71201,17
319,13,-0.2793,1.6094,0.72461,-0.71201,14
319,13,-0.26563,1.4766,0.7959,-0.356,17
319,13,-0.26953,1.5088,0.79785,-0.356,31
319,13,-0.27441,1.541,0.79785,-0.356,39
319,13,-0.22363,1.5791,0.80469,-0.356,34
319,13,-0.28418,1.5947,0.82031,-0.356,20
320,11,-0.31836,1.3467,0.98535,0,7
320,11,-0.26953,1.5117,0.79297,0,11
320,11,-0.3291,1.5313,0.7959,0,12
320,11,-0.2793,1.5586,0.82715,0,9
320,11,-0.21582,1.5947,0.62891,-0.71201,9
320,11,-0.3291,1.5957,0.65918,-0.71201,9
320,11,-0.26563,1.4521,0.84082,-0.356,16
320,11,-0.21582,1.5283,0.77832,-0.356,25
320,11,-0.3291,1.5742,0.70801,-0.356,26
320,11,-0.2793,1.6211,0.69727,-0.356,20
320,11,-0.34082,1.6553,0.66406,-0.356,9
321,5,-0.21191,1.5088,0.75195,-0.356,8
321,5,-0.26953,1.5576,0.69824,-0.356,9
321,5,-0.3291,1.5645,0.72852,-0.356,7
321,5,0.64844,1.1035,-1.1611,-0.356,5
321,5,0.65918,1.3721,-0.87891,-0.356,4
347,4,-0.30176,1.8057,0.62109,-0.71201,11
347,4,-0.24512,1.8223,0.68652,-0.71201,10
347,4,-0.30176,1.7627,0.7334,-0.356,11
347,4,-0.36816,1.7607,0.78418,-0.356,9
348,13,-0.35156,1.6445,0.8291,0,7
348,13,-0.35742,1.583,0.99512,0,7
348,13,-0.3623,1.7002,0.84668,0,6
348,13,-0.23828,1.7764,0.6416,-1.068,9
348,13,-0.3457,1.6436,0.76465,-0.71201,15
348,13,-0.29297,1.6992,0.73535,-0.71201,24
348,13,-0.29785,1.7178,0.76563,-0.71201,26
348,13,-0.30176,1.7764,0.7002,-0.71201,20
348,13,-0.24512,1.8232,0.68359,-0.71201,11
348,13,-0.28809,1.6406,0.79395,-0.356,14
348,13,-0.29297,1.6797,0.77832,-0.356,21
348,13,-0.29785,1.7119,0.77832,-0.356,23
348,13,-0.30176,1.7393,0.78906,-0.356,17
349,13,-0.34082,1.6484,0.68066,0,9
349,13,-0.3457,1.6797,0.68164,0,9
349,13,-0.29297,1.7412,0.62793,0,7
349,13,-0.33496,1.6533,0.58887,-0.356,10
349,13,-0.34082,1.7002,0.53906,-0.356,13
349,13,-0.28809,1.7852,0.36719,-0.356,13
349,13,-0.41016,1.7949,0.35254,-0.356,8
349,13,0.69238,1.1484,-1.2676,0,5
349,13,0.76172,1.25,-1.1709,0,4
349,13,0.61426,1.082,-1.2822,-0.356,6
349,13,0.7373,1.1621,-1.1846,-0.356,9
349,13,0.69238,1.0059,-1.3838,-0.356,9
349,13,0.76172,0.86133,-1.4805,-0.356,6
350,18,-0.26953,1.5059,0.80371,0,11
350,18,-0.27441,1.5303,0.81934,0,19
350,18,-0.2793,1.5449,0.85254,0,24
350,18,-0.28418,1.5391,0.9209,0,21
350,18,-0.28809,1.583,0.90234,0,14
350,18,-0.35156,1.6523,0.8125,0,6
350,18,-0.26953,1.5479,0.71973,-0.71201,12
350,18,-0.21973,1.5625,0.77344,-0.71201,22
350,18,-0.22363,1.6104,0.74219,-0.71201,28
350,18,-0.22656,1.6133,0.80176,-0.71201,26
350,18,-0.28809,1.6621,0.74707,-0.71201,17
350,18,-0.31836,1.4746,0.78125,-0.356,7
350,18,-0.26953,1.5068,0.80176,-0.356,21
350,18,-0.27441,1.5498,0.78223,-0.356,37
350,18,-0.2793,1.5654,0.81445,-0.356,47
350,18,-0.28418,1.5938,0.82227,-0.356,42
350,18,-0.28809,1.623,0.8291,-0.356,27
350,18,-0.23438,1.6299,0.89551,-0.356,12
351,16,-0.21191,1.4561,0.84961,0,6
351,16,-0.26953,1.4912,0.83008,0,11
351,16,-0.27441,1.4785,0.91016,0,15
351,16,-0.22363,1.5449,0.86914,0,16
351,16,-0.22656,1.5957,0.83594,0,12
351,16,-0.28809,1.6338,0.80762,0,6
351,16,-0.21582,1.5508,0.73145,-0.71201,10
351,16,-0.21973,1.5498,0.79883,-0.71201,14
351,16,-0.2793,1.5918,0.7627,-0.71201,14
351,16,-0.28418,1.6465,0.71289,-0.71201,10
351,16,-0.26563,1.4619,0.82422,-0.356,10
351,16,-0.26953,1.4863,0.83789,-0.356,21
351,16,-0.21973,1.5322,0.83105,-0.356,30
351,16,-0.22363,1.5869,0.79004,-0.356,31
351,16,-0.22656,1.6338,0.76074,-0.356,22
351,16,-0.28809,1.5898,0.89063,-0.356,10
352,16,-0.15918,1.5313,0.7168,0,11
352,16,-0.26953,1.5518,0.70996,0,17
352,16,-0.21973,1.5742,0.75,0,21
352,16,-0.22363,1.6104,0.74219,0,17
352,16,-0.22656,1.6768,0.6582,0,9
352,16,-0.21582,1.5654,0.7002,0.356,7
352,16,-0.27441,1.54,0.7998,0.356,8
352,16,-0.26953,1.5703,0.66992,-0.71201,14
352,16,-0.21973,1.6172,0.65234,-0.71201,17
352,16,-0.22363,1.6855,0.54883,-0.71201,14
352,16,-0.22656,1.6865,0.63281,-0.71201,8
352,16,-0.21191,1.5234,0.7207,-0.356,22
352,16,-0.21582,1.5684,0.69336,-0.356,38
352,16,-0.21973,1.6182,0.65039,-0.356,45
352,16,-0.22363,1.6377,0.67871,-0.356,36
352,16,-0.22656,1.6777,0.65723,-0.356,19
353,4,-0.26953,1.5664,0.67773,0,5
353,4,-0.10645,1.5713,0.63672,-0.356,9
353,4,-0.21582,1.5977,0.62207,-0.356,12
353,4,-0.27441,1.6494,0.54004,-0.356,11
380,3,-0.37305,1.9033,0.45313,-0.356,7
380,3,-0.25293,1.9619,0.41406,-0.356,7
380,3,0.87109,1.3975,-1.1201,-0.356,4
382,16,0,1.9023,1.0986,0.356,10
382,16,-0.069336,1.9336,1.1016,0.356,10
382,16,-0.29297,1.7412,0.62793,-0.71201,11
382,16,-0.29785,1.751,0.68457,-0.71201,15
382,16,-0.30176,1.7939,0.6543,-0.71201,16
382,16,-0.30664,1.8232,0.65723,-0.71201,12
382,16,-0.35156,1.7256,0.64355,-0.356,11
382,16,-0.29785,1.7295,0.73828,-0.356,14
382,16,-0.30176,1.7598,0.74121,-0.356,13
382,16,-0.30664,1.7744,0.78125,-0.356,10
382,16,0.76172,0.86133,-1.4805,-0.71201,7
382,16,0.77344,1.1455,-1.3086,-0.71201,9
382,16,0.78516,1.0078,-1.4502,-0.71201,9
382,16,0.82031,0.68164,-1.542,-0.356,7
382,16,0.71387,1.0371,-1.4277,-0.356,8
382,16,0.78516,1.1025,-1.3799,-0.356,8
383,20,-0.28418,1.4053,1.1152,0,8
383,20,-0.28809,1.5195,1.0068,0,12
383,20,-0.29297,1.6309,0.87598,0,13
383,20,-0.29785,1.6133,0.9668,0,10
383,20,-0.30176,1.6934,0.88184,0,6
383,20,-0.23047,1.7041,0.66895,-1.068,9
383,20,-0.29297,1.6943,0.74609,-1.068,10
383,20,-0.17871,1.7637,0.69531,-1.068,9
383,20,-0.16797,1.5381,0.89258,-0.71201,9
383,20,-0.22656,1.5635,0.89551,-0.71201,21
383,20,-0.23047,1.6035,0.88379,-0.71201,33
383,20,-0.23438,1.6543,0.84961,-0.71201,37
383,20,-0.23828,1.6953,0.83301,-0.71201,29
383,20,-0.30176,1.7305,0.80566,-0.71201,16
383,20,-0.2793,1.4121,1.0586,-0.356,9
383,20,-0.22656,1.5156,0.97363,-0.356,21
383,20,-0.23047,1.582,0.9209,-0.356,33
383,20,-0.23438,1.6123,0.92773,-0.356,36
383,20,-0.23828,1.6436,0.93066,-0.356,28
383,20,-0.30176,1.6572,0.94922,-0.356,15
384,13,-0.27441,1.5146,0.84863,0,7
384,13,-0.2793,1.6387,0.65527,0,11
384,13,-0.28418,1.6328,0.74219,0,11
384,13,-0.3457,1.5352,0.96387,0,8
384,13,-0.27441,1.4805,0.90625,-0.71201,8
384,13,-0.2793,1.6377,0.65723,-0.71201,13
384,13,-0.22656,1.6533,0.71582,-0.71201,15
384,13,-0.23047,1.6572,0.77832,-0.71201,12
384,13,-0.21973,1.5498,0.79883,-0.356,14
384,13,-0.2793,1.6094,0.72363,-0.356,21
384,13,-0.28418,1.6328,0.74316,-0.356,23
384,13,-0.28809,1.6416,0.79199,-0.356,17
384,13,0.75,1.3838,-0.96387,-0.356,9
385,10,-0.26953,1.6357,0.48828,0,6
385,10,-0.3291,1.5605,0.73828,0,7
385,10,-0.33496,1.6221,0.66992,0,7
385,10,-0.16992,1.6699,0.69434,0,6
385,10,-0.21973,1.5781,0.74121,-0.71201,8
385,10,-0.2793,1.6523,0.62012,-0.71201,8
385,10,-0.26953,1.6104,0.56641,-0.356,11
385,10,-0.21973,1.6201,0.64551,-0.356,15
385,10,-0.22363,1.6465,0.65625,-0.356,15
385,10,-0.22656,1.6504,0.72168,-0.356,10
386,16,-0.21191,1.4473,0.86328,0,13
386,16,-0.21582,1.5342,0.76465,0,20
386,16,-0.27441,1.583,0.71094,0,21
386,16,-0.22363,1.6045,0.75293,0,16
386,16,-0.22656,1.6143,0.80078,0,8
386,16,-0.26563,1.5039,0.74316,-0.71201,10
386,16,-0.16211,1.5645,0.71484,-0.71201,17
386,16,-0.27441,1.627,0.60352,-0.71201,17
386,16,-0.2793,1.6738,0.55957,-0.71201,13
386,16,-0.26074,1.3369,0.96582,-0.356,11
386,16,-0.21191,1.4717,0.82129,-0.356,27
386,16,-0.21582,1.5518,0.72949,-0.356,41
386,16,-0.21973,1.5977,0.69824,-0.356,43
386,16,-0.2793,1.6377,0.6582,-0.356,32
386,16,-0.22656,1.6719,0.67188,-0.356,16
386,16,0.46973,1.2012,-1.0596,-0.356,6
387,14,-0.26074,1.3887,0.88867,0,7
387,14,-0.21191,1.4785,0.80957,0,12
387,14,-0.26953,1.4834,0.84473,0,12
387,14,-0.3291,1.5166,0.82422,0,9
387,14,-0.39063,1.5781,0.74121,0,5
387,14,-0.26563,1.5039,0.74316,-0.71201,9
387,14,-0.26953,1.5547,0.7041,-0.71201,10
387,14,-0.25586,1.3057,0.95996,-0.356,6
387,14,-0.20898,1.457,0.78809,-0.356,15
387,14,-0.21191,1.46,0.8418,-0.356,25
387,14,-0.21582,1.5186,0.79492,-0.356,27
387,14,-0.27441,1.5762,0.72754,-0.356,21
387,14,-0.2793,1.6191,0.70313,-0.356,12
387,14,0.72559,1.0752,-1.2285,0,3
388,8,-0.26074,1.375,0.91113,0,8
388,8,-0.26563,1.5322,0.68359,0,9
388,8,-0.21582,1.498,0.83301,0,8
388,8,-0.20508,1.4375,0.7627,-0.356,10
388,8,-0.20898,1.4756,0.75293,-0.356,17
388,8,-0.21191,1.498,0.77246,-0.356,20
388,8,-0.21582,1.5596,0.71289,-0.356,17
388,8,-0.21973,1.5781,0.74121,-0.356,10
415,2,-0.25293,1.9141,0.59668,-0.356,8
415,2,-0.38477,1.8994,0.66797,-0.356,8
416,2,-0.31152,1.8447,0.68359,-0.356,8
416,2,-0.31543,1.7959,0.87012,-0.356,9
418,6,-0.23438,1.5908,0.96289,-0.71201,11
418,6,-0.23828,1.6201,0.9707,-0.71201,17
418,6,-0.30176,1.6426,0.97363,-0.71201,17
418,6,-0.24512,1.6738,0.99512,-0.71201,12
418,6,-0.23828,1.5654,1.0566,-0.356,10
418,6,-0.30176,1.5713,1.085,-0.356,11
419,17,-0.28418,1.584,0.84082,-1.068,11
419,17,-0.23047,1.5996,0.88965,-1.068,15
419,17,-0.23438,1.6387,0.87988,-1.068,14
419,17,-0.2793,1.4453,1.0117,-0.71201,12
419,17,-0.22656,1.5078,0.98633,-0.71201,26
419,17,-0.17285,1.5811,0.93457,-0.71201,36
419,17,-0.23438,1.6455,0.86719,-0.71201,34
419,17,-0.23828,1.7109,0.79883,-0.71201,22
419,17,-0.18164,1.7705,0.75488,-0.71201,9
419,17,-0.22363,1.29,1.2158,-0.356,9
419,17,-0.28418,1.4893,1,-0.356,17
419,17,-0.28809,1.543,0.9707,-0.356,24
419,17,-0.29297,1.6104,0.91309,-0.356,23
419,17,-0.29785,1.6816,0.84082,-0.356,15
419,17,0.55859,1.2783,-1.1162,-0.356,6
419,17,0.56738,1.4287,-0.9668,-0.356,10
419,17,0.69238,1.3818,-1.0078,-0.356,13
420,19,-0.37793,1.5264,0.7168,0,7
420,19,-0.38477,1.5313,0.77148,0,11
420,19,-0.39063,1.5205,0.85352,0,12
420,19,-0.39746,1.5625,0.83594,0,9
420,19,-0.16797,1.5195,0.92383,-1.068,8
420,19,-0.21973,1.5,0.88867,-0.71201,12
420,19,-0.2793,1.5049,0.9209,-0.71201,14
420,19,-0.22656,1.6104,0.80664,-0.71201,13
420,19,-0.32422,1.4629,0.86035,-0.356,12
420,19,-0.38477,1.4775,0.87012,-0.356,18
420,19,-0.33496,1.541,0.84082,-0.356,19
420,19,-0.4541,1.5293,0.86816,-0.356,13
420,19,0.56738,1.4102,-0.99316,0,5
420,19,0.60449,1.3506,-0.94727,-0.71201,8
420,19,0.55859,1.374,-0.99707,-0.71201,10
420,19,0.56738,1.4189,-0.98145,-0.71201,8
420,19,0.54883,1.333,-1.0039,-0.356,10
420,19,0.61426,1.2979,-1.0635,-0.356,12
420,19,0.62402,1.3184,-1.0811,-0.356,10
421,18,-0.26074,1.3809,0.90137,0,8
421,18,-0.26563,1.4404,0.86035,0,19
421,18,-0.21582,1.4932,0.84277,0,30
421,18,-0.27441,1.5195,0.83984,0,32
421,18,-0.2793,1.5859,0.77344,0,26
421,18,-0.28418,1.626,0.75684,0,14
421,18,-0.20898,1.5176,0.66406,-0.71201,8
421,18,-0.21191,1.5156,0.73828,-0.71201,19
421,18,-0.26953,1.541,0.7334,-0.71201,28
421,18,-0.27441,1.5977,0.67871,-0.71201,31
421,18,-0.22363,1.6416,0.66992,-0.71201,24
421,18,-0.28418,1.666,0.66504,-0.71201,12
421,18,-0.26074,1.4424,0.7998,-0.356,15
421,18,-0.21191,1.4854,0.7959,-0.356,37
421,18,-0.21582,1.5205,0.79199,-0.356,57
421,18,-0.27441,1.5615,0.75879,-0.356,62
421,18,-0.22363,1.6152,0.73047,-0.356,49
421,18,-0.22656,1.6465,0.73242,-0.356,26
422,11,-0.20508,1.4053,0.82031,0,5
422,11,-0.15625,1.3428,0.97949,0,9
422,11,-0.21191,1.418,0.91113,0,11
422,11,-0.26953,1.4639,0.87793,0,10
422,11,-0.27441,1.5146,0.84863,0,7
422,11,-0.21191,1.5098,0.74902,-0.71201,10
422,11,-0.20508,1.4414,0.75488,-0.356,8
422,11,-0.20898,1.4307,0.83496,-0.356,16
422,11,-0.21191,1.4658,0.83203,-0.356,20
422,11,-0.21582,1.5293,0.77539,-0.356,19
422,11,-0.21973,1.5488,0.80078,-0.356,12
423,2,-0.31348,1.4336,0.79688,-0.356,9
423,2,-0.31836,1.458,0.81055,-0.356,9
447,1,-0.3252,1.9512,0.6416,-0.356,6
451,12,-0.35742,1.7129,0.75,0,5
451,12,-0.30176,1.6719,0.92188,0,5
451,12,-0.30176,1.8135,0.59668,-1.068,8
451,12,-0.23438,1.7158,0.7168,-0.71201,16
451,12,-0.29785,1.7432,0.70508,-0.71201,22
451,12,-0.24121,1.7861,0.69922,-0.71201,23
451,12,-0.30664,1.8125,0.68652,-0.71201,17
451,12,-0.18652,1.8525,0.70801,-0.71201,10
451,12,-0.29297,1.6895,0.75684,-0.356,14
451,12,-0.23828,1.7305,0.75684,-0.356,19
451,12,-0.24121,1.7676,0.74414,-0.356,19
451,12,-0.30664,1.7656,0.7998,-0.356,13
452,5,-0.29785,1.7402,0.71289,-0.71201,10
452,5,-0.28809,1.6523,0.76855,-0.356,11
452,5,-0.29297,1.7412,0.62793,-0.356,11
452,5,0.80762,1.0908,-1.25,-0.356,7
452,5,0.82031,1.166,-1.2178,-0.356,6
453,16,-0.26953,1.375,1.0107,0,6
453,16,-0.27441,1.5889,0.69922,0,12
453,16,-0.2793,1.5908,0.76367,0,15
453,16,-0.28418,1.6084,0.79492,0,14
453,16,-0.28809,1.6826,0.7002,0,9
453,16,-0.21973,1.5957,0.70313,-0.71201,14
453,16,-0.2793,1.665,0.58301,-0.71201,17
453,16,-0.22656,1.71,0.56836,-0.71201,15
453,16,-0.28809,1.7559,0.49023,-0.71201,8
453,16,-0.21582,1.5596,0.71289,-0.356,11
453,16,-0.21973,1.5938,0.70703,-0.356,22
453,16,-0.2793,1.6152,0.71094,-0.356,28
453,16,-0.28418,1.6641,0.66992,-0.356,25
453,16,-0.28809,1.71,0.63086,-0.356,15
453,16,0.7373,1.3564,-0.95508,-0.71201,8
453,16,0.69238,1.3594,-1.0381,-0.71201,5
454,19,-0.21191,1.4004,0.93848,0,15
454,19,-0.16211,1.46,0.91113,0,31
454,19,-0.16504,1.4873,0.9209,0,40
454,19,-0.22363,1.5273,0.89941,0,37
454,19,-0.22656,1.5781,0.86914,0,24
454,19,-0.28809,1.6113,0.85254,0,9
454,19,-0.21191,1.4648,0.83301,-0.71201,15
454,19,-0.16211,1.5166,0.8125,-0.71201,30
454,19,-0.16504,1.5449,0.82129,-0.71201,40
454,19,-0.16797,1.583,0.81152,-0.71201,37
454,19,-0.16992,1.6514,0.73633,-0.71201,24
454,19,-0.17285,1.6797,0.74316,-0.71201,10
454,19,-0.26074,1.415,0.84668,-0.356,9
454,19,-0.21191,1.4307,0.89063,-0.356,30
454,19,-0.16211,1.4932,0.85449,-0.356,60
454,19,-0.16504,1.5352,0.83984,-0.356,79
454,19,-0.16797,1.5635,0.84766,-0.356,73
454,19,-0.22656,1.5957,0.83691,-0.356,46
454,19,-0.23047,1.6104,0.87109,-0.356,19
455,4,-0.21973,1.5244,0.8457,0,6
455,4,-0.16211,1.4951,0.85059,-0.356,10
455,4,-0.16504,1.5771,0.75684,-0.356,12
455,4,-0.16797,1.5244,0.91602,-0.356,9
456,12,-0.26074,1.4932,0.69922,0,6
456,12,-0.21191,1.4561,0.84961,0,11
456,12,-0.16211,1.584,0.6709,0,15
456,12,-0.21973,1.5977,0.69824,0,13
456,12,-0.2793,1.6289,0.67969,0,7
456,12,-0.21582,1.5996,0.61621,-0.71201,11
456,12,-0.21973,1.6641,0.52051,-0.71201,10
456,12,-0.20898,1.5254,0.64551,-0.356,13
456,12,-0.15918,1.582,0.59766,-0.356,26
456,12,-0.21582,1.6055,0.60156,-0.356,32
456,12,-0.21973,1.625,0.63184,-0.356,28
456,12,-0.22363,1.666,0.60449,-0.356,16
457,2,-0.26074,1.3281,0.97656,-0.356,7
457,2,-0.21191,1.2773,1.0996,-0.356,7
486,3,0,1.8252,1.1699,0.356,8
486,3,0,1.7529,1.3232,0.356,9
486,3,0,1.6963,1.4414,0.356,6
488,10,-0.30176,1.7119,0.8457,0,9
488,10,-0.24512,1.7119,0.92676,0,10
488,10,-0.31152,1.665,1.0479,0,7
488,10,-0.24121,1.7676,0.74414,-0.71201,14
488,10,-0.24512,1.8174,0.69727,-0.71201,15
488,10,-0.31152,1.8057,0.78125,-0.71201,12
488,10,-0.29785,1.6797,0.8457,-0.356,13
488,10,-0.24121,1.7178,0.85254,-0.356,19
488,10,-0.24512,1.7686,0.81445,-0.356,20
488,10,-0.31152,1.8027,0.78809,-0.356,15
490,12,-0.22656,1.5898,0.84766,0,9
490,12,-0.23047,1.6221,0.84961,0,11
490,12,-0.29297,1.6084,0.91602,0,9
490,12,-0.28418,1.6172,0.77539,-0.71201,15
490,12,-0.23047,1.6494,0.79492,-0.71201,20
490,12,-0.17578,1.6758,0.82129,-0.71201,19
490,12,-0.23828,1.7041,0.81445,-0.71201,13
490,12,-0.22363,1.624,0.70996,-0.356,11
490,12,-0.22656,1.6143,0.80078,-0.356,19
490,12,-0.23047,1.6289,0.83496,-0.356,24
490,12,-0.23438,1.6475,0.86328,-0.356,21
490,12,-0.23828,1.665,0.89063,-0.356,14
491,3,-0.3291,1.4971,0.85938,-0.356,9
491,3,-0.39063,1.6191,0.64746,-0.356,9
491,3,0.61426,1.1426,1.2285,-0.356,5
492,18,-0.26563,1.375,0.96191,0,10
492,18,-0.21582,1.4326,0.94238,0,23
492,18,-0.21973,1.502,0.88574,0,32
492,18,-0.16797,1.5322,0.90234,0,32
492,18,-0.28418,1.5664,0.87402,0,22
492,18,-0.28809,1.6338,0.80762,0,11
492,18,-0.21191,1.498,0.77246,-0.71201,10
492,18,-0.21582,1.4961,0.83789,-0.71201,21
492,18,-0.16504,1.5459,0.81836,-0.71201,30
492,18,-0.22363,1.5752,0.8125,-0.71201,30
492,18,-0.22656,1.6396,0.74707,-0.71201,21
492,18,-0.23047,1.6885,0.70703,-0.71201,10
492,18,-0.21191,1.46,0.8418,-0.356,20
492,18,-0.21582,1.4795,0.86621,-0.356,44
492,18,-0.16504,1.5234,0.86035,-0.356,63
492,18,-0.16797,1.5742,0.82715,-0.356,62
492,18,-0.22656,1.6123,0.80469,-0.356,44
492,18,-0.23047,1.6143,0.86328,-0.356,20
493,14,-0.26563,1.4756,0.79883,0,10
493,14,-0.21582,1.5215,0.79004,0,16
493,14,-0.21973,1.5713,0.75488,0,18
493,14,-0.22363,1.6064,0.75,0,14
493,14,-0.22656,1.582,0.86133,0,7
493,14,-0.16211,1.5889,0.65918,-0.71201,13
493,14,-0.16504,1.6445,0.59766,-0.71201,15
493,14,-0.2793,1.6191,0.70117,-0.71201,11
493,14,-0.15625,1.4736,0.76855,-0.356,9
493,14,-0.21191,1.5068,0.75586,-0.356,21
493,14,-0.21582,1.5469,0.73926,-0.356,32
493,14,-0.21973,1.5977,0.69824,-0.356,36
493,14,-0.22363,1.6064,0.74902,-0.356,28
493,14,-0.22656,1.6094,0.80957,-0.356,14
494,11,-0.21191,1.5293,0.70801,0,8
494,11,-0.21582,1.5508,0.73145,0,10
494,11,-0.27441,1.4961,0.87891,0,8
494,11,-0.26563,1.5986,0.50977,-0.71201,7
494,11,-0.26953,1.5762,0.6543,-0.71201,8
494,11,-0.27441,1.6328,0.58887,-0.71201,7
494,11,-0.26074,1.5254,0.62598,-0.356,9
494,11,-0.21191,1.5293,0.70801,-0.356,17
494,11,-0.21582,1.582,0.66113,-0.356,21
494,11,-0.21973,1.6035,0.68555,-0.356,17
494,11,-0.2793,1.6602,0.59863,-0.356,9
524,4,-0.43555,1.8242,0.6709,0,4
524,4,-0.30664,1.8232,0.65723,-0.356,9
524,4,-0.31152,1.873,0.60059,-0.356,9
524,4,-0.44238,1.9082,0.49609,-0.356,6
525,2,-0.3623,1.7734,0.67773,-0.356,10
525,2,-0.30664,1.793,0.73535,-0.356,9
526,7,-0.35742,1.6592,0.8623,0,6
526,7,-0.35156,1.7539,0.56152,-0.71201,10
526,7,-0.29785,1.7471,0.69531,-0.71201,10
526,7,-0.28809,1.6602,0.75195,-0.356,10
526,7,-0.29297,1.7129,0.70215,-0.356,13
526,7,-0.35742,1.7344,0.7002,-0.356,12
526,7,-0.30176,1.7832,0.68164,-0.356,9
527,19,-0.2793,1.5098,0.91406,0,11
527,19,-0.28418,1.5225,0.94824,0,20
527,19,-0.28809,1.5811,0.90723,0,26
527,19,-0.29297,1.627,0.88281,0,24
527,19,-0.29785,1.6738,0.85547,0,16
527,19,-0.30176,1.6768,0.91406,0,7
527,19,-0.28809,1.668,0.73438,-1.068,7
527,19,-0.22363,1.5498,0.86035,-0.71201,17
527,19,-0.22656,1.6045,0.81934,-0.71201,33
527,19,-0.17285,1.6318,0.84277,-0.71201,44
527,19,-0.23438,1.6768,0.80371,-0.71201,42
527,19,-0.23828,1.7139,0.79395,-0.71201,28
527,19,-0.30176,1.7607,0.73828,-0.71201,12
527,19,-0.2793,1.5176,0.90137,-0.356,22
527,19,-0.22656,1.5918,0.84375,-0.356,43
527,19,-0.23047,1.624,0.8457,-0.356,57
527,19,-0.29297,1.6484,0.84277,-0.356,52
527,19,-0.23828,1.6836,0.85547,-0.356,36
527,19,-0.24121,1.7344,0.81934,-0.356,15
528,17,-0.32422,1.4531,0.87695,0,8
528,17,-0.27441,1.5107,0.85449,0,19
528,17,-0.22363,1.5498,0.86035,0,30
528,17,-0.28418,1.5723,0.86328,0,30
528,17,-0.28809,1.6104,0.85449,0,22
528,17,-0.29297,1.6172,0.90137,0,11
528,17,-0.21973,1.5596,0.77832,-0.71201,20
528,17,-0.22363,1.6074,0.74805,-0.71201,31
528,17,-0.22656,1.624,0.78125,-0.71201,33
528,17,-0.28809,1.6543,0.76465,-0.71201,23
528,17,-0.29297,1.707,0.71777,-0.71201,11
528,17,-0.26953,1.5098,0.7959,-0.356,15
528,17,-0.21973,1.5488,0.80078,-0.356,38
528,17,-0.22363,1.5811,0.80176,-0.356,56
528,17,-0.22656,1.6162,0.7959,-0.356,59
528,17,-0.23047,1.6416,0.81055,-0.356,43
528,17,-0.23438,1.6699,0.81934,-0.356,21
529,17,-0.26563,1.4238,0.88672,0,12
529,17,-0.26953,1.4668,0.87207,0,23
529,17,-0.27441,1.4893,0.89258,0,31
529,17,-0.2793,1.543,0.85645,0,28
529,17,-0.28418,1.582,0.84473,0,19
529,17,-0.3457,1.6563,0.7373,0,7
529,17,-0.21191,1.5371,0.69141,-0.71201,11
529,17,-0.21582,1.5449,0.74414,-0.71201,23
529,17,-0.27441,1.5742,0.73145,-0.71201,30
529,17,-0.2793,1.6035,0.7373,-0.71201,28
529,17,-0.22656,1.6504,0.72168,-0.71201,18
529,17,-0.21191,1.4756,0.81445,-0.356,22
529,17,-0.26953,1.501,0.8125,-0.356,44
529,17,-0.21973,1.5488,0.7998,-0.356,60
529,17,-0.2793,1.5771,0.79199,-0.356,54
529,17,-0.28418,1.6182,0.77246,-0.356,34
529,17,-0.3457,1.6377,0.77637,-0.356,13
530,15,-0.15625,1.4238,0.85742,0,8
530,15,-0.26563,1.4551,0.83496,0,15
530,15,-0.21582,1.5,0.8291,0,19
530,15,-0.21973,1.4922,0.90137,0,17
530,15,-0.2793,1.54,0.8623,0,10
530,15,-0.20898,1.4551,0.79102,-0.71201,8
530,15,-0.21191,1.5059,0.75684,-0.71201,15
530,15,-0.16211,1.5596,0.72754,-0.71201,19
530,15,-0.16504,1.5654,0.78027,-0.71201,17
530,15,-0.22363,1.5566,0.84766,-0.71201,10
530,15,-0.20898,1.4326,0.83203,-0.356,15
530,15,-0.21191,1.4756,0.81543,-0.356,29
530,15,-0.16211,1.5166,0.8125,-0.356,37
530,15,-0.21973,1.5527,0.79199,-0.356,32
530,15,-0.22363,1.5918,0.78027,-0.356,19
532,3,-0.20898,1.4873,0.72949,-0.356,8
532,3,-0.21191,1.5186,0.73145,-0.356,9
532,3,-0.21582,1.5713,0.6875,-0.356,7
558,11,-0.38965,1.8877,0.78027,0,6
558,11,-0.39551,1.9639,0.6582,0,7
558,11,-0.33398,1.9424,0.8291,0,7
558,11,0,1.6396,1.373,0.356,7
558,11,0,1.6729,1.3779,0.356,9
558,11,0,1.7822,1.2842,0.356,8
558,11,-0.32031,1.918,0.64844,-0.356,8
558,11,-0.38965,1.9951,0.43652,-0.356,11
558,11,-0.39551,2.0195,0.46191,-0.356,12
558,11,-0.40137,2.0684,0.36426,-0.356,9
558,11,0.86816,1.6592,-1.0322,-0.356,5
559,3,0,1.6289,1.3848,0.356,8
559,3,-0.067383,1.6328,1.4238,0.356,10
559,3,0,1.7256,1.3594,0.356,8
560,10,-0.37305,1.8457,0.64746,0,6
560,10,-0.37891,1.8701,0.66699,0,7
560,10,-0.32031,1.877,0.75879,0,6
560,10,-0.24902,1.8818,0.60254,-0.71201,9
560,10,-0.37891,1.8867,0.61719,-0.71201,10
560,10,-0.38477,1.876,0.73242,-0.71201,8
560,10,-0.30664,1.8496,0.58008,-0.356,8
560,10,-0.37305,1.8232,0.70996,-0.356,12
560,10,-0.31543,1.8682,0.70215,-0.356,14
560,10,-0.25586,1.8408,0.86523,-0.356,12
562,16,-0.29785,1.4189,1.2334,0,7
562,16,-0.30176,1.583,1.0684,0,9
562,16,-0.24512,1.6035,1.1045,0,9
562,16,-0.17578,1.5947,0.96973,-0.71201,10
562,16,-0.29785,1.6748,0.85449,-0.71201,17
562,16,-0.24121,1.7256,0.83691,-0.71201,23
562,16,-0.24512,1.7529,0.84668,-0.71201,21
562,16,-0.31152,1.8086,0.77441,-0.71201,13
562,16,-0.23438,1.582,0.97656,-0.356,11
562,16,-0.23828,1.6396,0.9375,-0.356,18
562,16,-0.24121,1.6836,0.91797,-0.356,23
562,16,-0.24512,1.7207,0.91113,-0.356,22
562,16,-0.24902,1.7236,0.9668,-0.356,14
562,16,0.6543,1.3955,-1.1172,0,4
562,16,0.78516,1.3164,-1.1787,0,5
562,16,0.52734,1.4961,-0.99805,-0.356,6
563,12,-0.17285,1.6289,0.84863,0,7
563,12,-0.23438,1.5869,0.9707,0,8
563,12,-0.23828,1.541,1.0918,0,8
563,12,-0.30176,1.6289,0.99609,0,6
563,12,-0.23047,1.6357,0.82324,-0.71201,10
563,12,-0.23438,1.6367,0.88184,-0.71201,13
563,12,-0.23828,1.6631,0.89648,-0.71201,14
563,12,-0.24121,1.6846,0.91699,-0.71201,11
563,12,-0.28809,1.6182,0.83887,-0.356,13
563,12,-0.23438,1.6621,0.83496,-0.356,17
563,12,-0.23828,1.6621,0.89746,-0.356,17
563,12,-0.24121,1.6758,0.93359,-0.356,13
564,18,-0.21973,1.5059,0.87891,0,8
564,18,-0.22363,1.5313,0.89355,0,18
564,18,-0.28418,1.5313,0.93457,0,27
564,18,-0.23047,1.5664,0.94727,0,29
564,18,-0.23438,1.5947,0.95605,0,23
564,18,-0.29785,1.6338,0.93066,0,12
564,18,-0.27441,1.502,0.86914,-0.71201,9
564,18,-0.22363,1.5713,0.81934,-0.71201,23
564,18,-0.22656,1.5986,0.83105,-0.71201,36
564,18,-0.23047,1.6367,0.82031,-0.71201,40
564,18,-0.23438,1.6533,0.85254,-0.71201,31
564,18,-0.29785,1.6797,0.8457,-0.71201,17
564,18,-0.27441,1.4453,0.96094,-0.356,15
564,18,-0.22363,1.5322,0.8916,-0.356,36
564,18,-0.22656,1.5752,0.875,-0.356,54
564,18,-0.23047,1.6006,0.88867,-0.356,58
564,18,-0.23438,1.6309,0.89355,-0.356,46
564,18,-0.23828,1.6436,0.93066,-0.356,25
565,15,-0.21582,1.5068,0.81836,0,6
565,15,-0.21973,1.5195,0.85449,0,11
565,15,-0.22363,1.4697,0.99121,0,15
565,15,-0.22656,1.5166,0.97168,0,15
565,15,-0.23047,1.5176,1.0244,0,10
565,15,-0.21582,1.5547,0.72363,-0.71201,8
565,15,-0.16504,1.5352,0.83984,-0.71201,18
565,15,-0.16797,1.542,0.8877,-0.71201,26
565,15,-0.16992,1.5635,0.90723,-0.71201,25
565,15,-0.23047,1.5967,0.89551,-0.71201,16
565,15,-0.21582,1.5469,0.74023,-0.356,10
565,15,-0.16504,1.5146,0.87598,-0.356,23
565,15,-0.16797,1.5293,0.9082,-0.356,32
565,15,-0.16992,1.542,0.94434,-0.356,31
565,15,-0.17285,1.5635,0.96484,-0.356,21
566,17,-0.31348,1.3232,0.96777,0,5
566,17,-0.26563,1.4053,0.91699,0,12
566,17,-0.26953,1.417,0.95117,0,17
566,17,-0.27441,1.4219,0.99512,0,16
566,17,-0.2793,1.5049,0.9209,0,12
566,17,-0.34082,1.5313,0.91504,0,5
566,17,-0.26074,1.4785,0.73047,-0.71201,7
566,17,-0.26563,1.4893,0.77344,-0.71201,15
566,17,-0.21582,1.5068,0.81836,-0.71201,22
566,17,-0.21973,1.5469,0.80469,-0.71201,22
566,17,-0.22363,1.5771,0.80859,-0.71201,15
566,17,-0.20898,1.416,0.86035,-0.356,11
566,17,-0.21191,1.4648,0.83301,-0.356,23
566,17,-0.21582,1.4795,0.86621,-0.356,34
566,17,-0.27441,1.5029,0.86914,-0.356,32
566,17,-0.22363,1.5332,0.89063,-0.356,23
566,17,-0.28418,1.5469,0.9082,-0.356,10
567,15,-0.26074,1.3281,0.97656,0,9
567,15,-0.21191,1.3818,0.96484,0,14
567,15,-0.21582,1.4805,0.86426,0,16
567,15,-0.21973,1.5498,0.79883,0,13
567,15,-0.22363,1.5908,0.78125,0,8
567,15,-0.26074,1.4189,0.84082,-0.71201,8
567,15,-0.15918,1.5195,0.74219,-0.71201,13
567,15,-0.26953,1.5703,0.66992,-0.71201,13
567,15,-0.16504,1.6016,0.70508,-0.71201,11
567,15,-0.25586,1.3057,0.95996,-0.356,7
567,15,-0.20898,1.3623,0.94141,-0.356,18
567,15,-0.21191,1.4688,0.82617,-0.356,29
567,15,-0.21582,1.5469,0.73926,-0.356,33
567,15,-0.21973,1.5918,0.70996,-0.356,27
567,15,-0.22363,1.6396,0.67285,-0.356,15
568,14,-0.20117,1.2109,1.043,0,5
568,14,-0.25586,1.3564,0.88574,0,9
568,14,-0.15625,1.375,0.93359,0,13
568,14,-0.21191,1.3926,0.9502,0,12
568,14,-0.26953,1.4482,0.90234,0,8
568,14,-0.20508,1.3906,0.84473,-0.71201,8
568,14,-0.15625,1.4795,0.75684,-0.71201,11
568,14,-0.21191,1.5342,0.69922,-0.71201,10
568,14,-0.15137,1.3789,0.81934,-0.356,10
568,14,-0.20508,1.374,0.87207,-0.356,18
568,14,-0.20898,1.416,0.85938,-0.356,24
568,14,-0.21191,1.4785,0.80859,-0.356,23
568,14,-0.21582,1.5303,0.77344,-0.356,17
568,14,-0.27441,1.5996,0.6748,-0.356,9
596,8,-0.29297,1.7354,0.64648,-0.71201,11
596,8,-0.23828,1.7227,0.77539,-0.71201,15
596,8,-0.24121,1.7354,0.81543,-0.71201,15
596,8,-0.30664,1.7373,0.8584,-0.71201,12
596,8,-0.29785,1.7773,0.61426,-0.356,10
596,8,-0.30176,1.7588,0.74414,-0.356,8
596,8,0.64453,1.1914,-1.2959,-0.71201,6
596,8,0.77344,1.2695,-1.1895,-0.71201,8
597,6,-0.17871,1.583,1.042,-0.71201,11
597,6,-0.28418,1.6563,0.68848,-0.356,10
597,6,-0.28809,1.7148,0.61816,-0.356,10
597,6,0.6543,1.4854,-0.99512,-0.71201,6
597,6,0.79492,1.2598,-1.0391,-0.356,6
597,6,0.80762,1.2871,-1.0479,-0.356,7
598,1,-0.33496,1.6914,0.46777,-0.356,7
599,12,0,1.5801,0.76855,0,4
599,12,-0.22363,1.6436,0.66309,0,6
599,12,-0.22656,1.4834,1.0225,0,5
599,12,-0.11133,1.584,0.81934,-0.71201,8
599,12,0.70215,0.8623,-1.3232,-0.356,6
599,12,-0.21973,1.668,0.50879,-0.356,8
599,12,-0.16797,1.6152,0.74512,-0.356,11
599,12,-0.22656,1.6309,0.7666,-0.356,9
599,12,0.65918,1.5684,-0.43945,0,3
599,12,1.3496,0.9082,0.58203,-0.356,4
599,12,0.71387,0.8291,-1.375,-0.356,6
599,12,1.4512,0.69922,0.77246,-0.356,6
600,15,-0.20898,1.4307,0.83496,0,7
600,15,-0.10645,1.418,0.92969,0,13
600,15,-0.16211,1.3896,1.0146,0,16
600,15,-0.16504,1.4023,1.0459,0,15
600,15,-0.11133,1.415,1.085,0,10
600,15,-0.20898,1.5078,0.68555,-0.71201,8
600,15,-0.15918,1.501,0.77832,-0.71201,16
600,15,-0.1084,1.4492,0.93555,-0.71201,21
600,15,-0.16504,1.46,0.96387,-0.71201,19
600,15,-0.22363,1.5313,0.89355,-0.71201,12
600,15,-0.20898,1.498,0.70605,-0.356,13
600,15,-0.10645,1.4336,0.90527,-0.356,24
600,15,-0.1084,1.4111,0.99219,-0.356,31
600,15,-0.10938,1.415,1.0361,-0.356,29
600,15,-0.16797,1.4678,1.0049,-0.356,19
602,15,-0.15137,1.3555,0.85645,0,10
602,15,-0.20508,1.3701,0.87793,0,15
602,15,-0.20898,1.4473,0.80469,0,17
602,15,-0.21191,1.4756,0.81445,0,14
602,15,-0.21582,1.5479,0.7373,0,8
602,15,-0.15137,1.416,0.75293,-0.71201,9
602,15,-0.10254,1.4443,0.77051,-0.71201,14
602,15,-0.20898,1.5039,0.69336,-0.71201,15
602,15,-0.15918,1.5322,0.7168,-0.71201,12
602,15,-0.19727,1.3896,0.72852,-0.356,8
602,15,-0.15137,1.377,0.82129,-0.356,20
602,15,-0.15332,1.4229,0.80176,-0.356,31
602,15,-0.15625,1.4678,0.7793,-0.356,35
602,15,-0.15918,1.5029,0.77441,-0.356,29
602,15,-0.16211,1.5498,0.74707,-0.356,16
625,1,-0.41211,2.1406,0.27441,-0.356,5
628,6,-0.44824,1.8105,0.85059,0,5
628,6,-0.32031,1.9053,0.68652,-0.71201,7
628,6,-0.37305,1.8086,0.74707,-0.356,6
628,6,-0.31543,1.8779,0.67676,-0.356,10
628,6,-0.32031,1.8945,0.71582,-0.356,11
628,6,-0.3252,1.9326,0.69727,-0.356,10
630,11,-0.3623,1.7256,0.79297,0,9
630,11,-0.36816,1.7207,0.86816,0,10
630,11,-0.37305,1.6387,1.0684,0,8
630,11,-0.30176,1.7803,0.69043,-0.71201,13
630,11,-0.24512,1.7949,0.75488,-0.71201,15
630,11,-0.37305,1.7949,0.77734,-0.71201,12
630,11,-0.29785,1.7314,0.73242,-0.356,12
630,11,-0.24121,1.7588,0.76465,-0.356,19
630,11,-0.24512,1.7568,0.83887,-0.356,21
630,11,-0.24902,1.7842,0.84961,-0.356,17
630,11,-0.37891,1.7939,0.84961,-0.356,10
631,8,-0.35156,1.7021,0.70313,0,7
631,8,-0.35742,1.6523,0.875,0,8
631,8,-0.3623,1.6592,0.92285,0,7
631,8,-0.29785,1.7314,0.73242,-0.71201,9
631,8,-0.28809,1.7021,0.65137,-0.356,8
631,8,-0.29297,1.6982,0.7373,-0.356,13
631,8,-0.29785,1.7354,0.72363,-0.356,16
631,8,-0.30176,1.7656,0.72656,-0.356,13
632,9,-0.34082,1.5488,0.88477,0,6
632,9,-0.3457,1.6016,0.84863,0,9
632,9,-0.35156,1.6895,0.73145,0,9
632,9,-0.35742,1.6836,0.81445,0,6
632,9,-0.34082,1.6563,0.66211,-0.356,11
632,9,-0.28809,1.6826,0.7002,-0.356,16
632,9,-0.29297,1.7207,0.68457,-0.356,17
632,9,-0.35742,1.7617,0.62793,-0.356,11
632,9,0.77344,1.2813,-1.1768,-0.356,6
633,17,-0.27441,1.4805,0.90625,0,6
633,17,-0.22363,1.5488,0.86133,0,16
633,17,-0.22656,1.5693,0.88379,0,25
633,17,-0.23047,1.5986,0.89258,0,28
633,17,-0.29297,1.6201,0.89551,0,23
633,17,-0.29785,1.6279,0.94043,0,13
633,17,-0.22363,1.624,0.70996,-0.71201,16
633,17,-0.22656,1.6289,0.77051,-0.71201,26
633,17,-0.23047,1.6641,0.76367,-0.71201,30
633,17,-0.23438,1.6914,0.77246,-0.71201,25
633,17,-0.29785,1.7256,0.74707,-0.71201,13
633,17,-0.27441,1.582,0.71387,-0.356,11
633,17,-0.22363,1.585,0.79492,-0.356,29
633,17,-0.22656,1.6016,0.82422,-0.356,48
633,17,-0.23047,1.6289,0.83691,-0.356,54
633,17,-0.23438,1.6533,0.85156,-0.356,45
633,17,-0.23828,1.6758,0.87109,-0.356,25
634,14,-0.37793,1.4873,0.79492,0,5
634,14,-0.27441,1.4531,0.94922,0,10
634,14,-0.33496,1.4688,0.96094,0,12
634,14,-0.28418,1.5107,0.9668,0,12
634,14,-0.3457,1.541,0.9541,0,8
634,14,-0.3291,1.4766,0.89453,-0.71201,10
634,14,-0.33496,1.5742,0.77637,-0.71201,13
634,14,-0.34082,1.583,0.82227,-0.71201,12
634,14,-0.3457,1.6387,0.77539,-0.71201,9
634,14,-0.26953,1.4297,0.93262,-0.356,10
634,14,-0.27441,1.5098,0.85547,-0.356,18
634,14,-0.2793,1.5371,0.86719,-0.356,24
634,14,-0.28418,1.5947,0.82031,-0.356,22
634,14,-0.28809,1.5977,0.87793,-0.356,15
635,18,-0.26563,1.4883,0.77539,0,11
635,18,-0.21582,1.5303,0.77344,0,19
635,18,-0.21973,1.5605,0.77832,0,23
635,18,-0.2793,1.582,0.78125,0,19
635,18,-0.28418,1.627,0.75488,0,11
635,18,-0.21191,1.5752,0.59863,-0.71201,13
635,18,-0.21582,1.5801,0.66602,-0.71201,23
635,18,-0.21973,1.5977,0.69824,-0.71201,28
635,18,-0.22363,1.6338,0.6875,-0.71201,25
635,18,-0.28418,1.6514,0.69922,-0.71201,14
635,18,-0.3457,1.6748,0.69238,-0.71201,5
635,18,-0.31348,1.4678,0.73047,-0.356,7
635,18,-0.21191,1.5068,0.75586,-0.356,21
635,18,-0.21582,1.5586,0.71387,-0.356,37
635,18,-0.21973,1.5879,0.7207,-0.356,44
635,18,-0.22363,1.6152,0.72949,-0.356,38
635,18,-0.22656,1.6582,0.70605,-0.356,22
635,18,-0.28809,1.6709,0.72754,-0.356,8
636,8,-0.20898,1.3896,0.90039,0,8
636,8,-0.31836,1.4727,0.78516,0,11
636,8,-0.26953,1.5303,0.75586,0,12
636,8,-0.27441,1.5566,0.76855,0,9
636,8,-0.20898,1.4023,0.88184,-0.356,15
636,8,-0.26563,1.4434,0.85547,-0.356,21
636,8,-0.26953,1.5332,0.75098,-0.356,22
636,8,-0.27441,1.5928,0.68945,-0.356,17
637,11,-0.20898,1.5488,0.58789,0,8
637,11,-0.26563,1.54,0.66602,0,11
637,11,-0.21582,1.5889,0.64453,0,12
637,11,-0.27441,1.6084,0.65234,0,8
637,11,-0.26953,1.6279,0.5127,-0.71201,9
637,11,-0.20898,1.5449,0.59766,-0.356,17
637,11,-0.21191,1.5645,0.62793,-0.356,25
637,11,-0.21582,1.5684,0.69336,-0.356,25
637,11,-0.21973,1.6074,0.6748,-0.356,17
637,11,0.69043,1.167,-1.0234,0,6
637,11,0.75586,1.0713,-1.126,-0.71201,5
638,8,-0.20508,1.3994,0.83105,0,9
638,8,-0.20898,1.4307,0.83496,0,11
638,8,-0.21191,1.4863,0.7959,0,10
638,8,-0.20117,1.333,0.88184,-0.356,11
638,8,-0.25586,1.416,0.78613,-0.356,19
638,8,-0.20898,1.4717,0.75977,-0.356,23
638,8,-0.21191,1.5107,0.74609,-0.356,20
638,8,-0.21582,1.5674,0.69531,-0.356,12
639,4,-0.20117,1.4639,0.64063,-0.356,9
639,4,-0.25586,1.4863,0.64355,-0.356,12
639,4,-0.20898,1.5098,0.68164,-0.356,12
639,4,-0.15918,1.4834,0.81152,-0.356,9
666,2,-0.31152,1.8711,0.60742,-0.356,9
666,2,-0.31543,1.9336,0.49414,-0.356,8
668,3,-0.18359,1.7637,0.83984,-0.71201,9
668,3,-0.24121,1.7246,0.83887,-0.356,8
668,3,-0.30664,1.7373,0.8584,-0.356,9
669,11,-0.3457,1.584,0.88086,0,6
669,11,-0.29297,1.6602,0.82031,0,6
669,11,-0.28809,1.6494,0.77441,-0.71201,9
669,11,-0.17578,1.7002,0.77051,-0.71201,11
669,11,-0.17871,1.6621,0.91113,-0.71201,11
669,11,-0.24121,1.7041,0.87891,-0.71201,9
669,11,-0.28418,1.6309,0.74609,-0.356,8
669,11,-0.28809,1.6914,0.67871,-0.356,12
669,11,-0.29297,1.6992,0.73535,-0.356,14
669,11,-0.17871,1.6865,0.86523,-0.356,13
669,11,-0.24121,1.6611,0.95801,-0.356,10
670,10,-0.17285,1.5156,1.0381,0,9
670,10,-0.29297,1.4668,1.1299,0,8
670,10,-0.29785,1.6211,0.95215,0,6
670,10,-0.17285,1.6143,0.87695,-0.71201,13
670,10,-0.17578,1.6553,0.8623,-0.71201,13
670,10,-0.29785,1.5918,1.002,-0.71201,8
670,10,-0.16992,1.4727,1.0479,-0.356,10
670,10,-0.17285,1.5391,1.0029,-0.356,17
670,10,-0.23438,1.585,0.97266,-0.356,17
670,10,-0.23828,1.6074,0.99121,-0.356,12
671,15,-0.26953,1.4688,0.87012,0,11
671,15,-0.16504,1.4668,0.95313,0,22
671,15,-0.22363,1.4697,0.99023,0,28
671,15,-0.22656,1.5371,0.94043,0,26
671,15,-0.23047,1.5615,0.95508,0,16
671,15,-0.16211,1.5029,0.83691,-0.71201,12
671,15,-0.21973,1.5342,0.82813,-0.71201,23
671,15,-0.22363,1.5557,0.84961,-0.71201,31
671,15,-0.16992,1.5635,0.90723,-0.71201,29
671,15,-0.23047,1.6113,0.86914,-0.71201,18
671,15,-0.21582,1.4834,0.85938,-0.356,21
671,15,-0.16504,1.5029,0.89551,-0.356,41
671,15,-0.16797,1.5264,0.91406,-0.356,54
671,15,-0.22656,1.5537,0.91113,-0.356,49
671,15,-0.17285,1.5596,0.9707,-0.356,31
672,17,-0.15918,1.4707,0.83594,0,10
672,17,-0.16211,1.457,0.91406,0,19
672,17,-0.16504,1.4902,0.91699,0,25
672,17,-0.16797,1.5391,0.89258,0,24
672,17,-0.16992,1.5752,0.88672,0,16
672,17,-0.28809,1.6094,0.85645,0,6
672,17,-0.21191,1.4814,0.80469,-0.71201,11
672,17,-0.16211,1.4961,0.84863,-0.71201,25
672,17,-0.16504,1.5547,0.80176,-0.71201,34
672,17,-0.16797,1.582,0.8125,-0.71201,32
672,17,-0.16992,1.625,0.79297,-0.71201,22
672,17,-0.21191,1.4512,0.85645,-0.356,19
672,17,-0.16211,1.501,0.8418,-0.356,38
672,17,-0.16504,1.5283,0.85156,-0.356,51
672,17,-0.16797,1.5498,0.87305,-0.356,48
672,17,-0.22656,1.5713,0.88184,-0.356,31
672,17,-0.17285,1.6064,0.8916,-0.356,13
673,17,-0.31348,1.4336,0.79688,0,8
673,17,-0.26563,1.5107,0.73047,0,12
673,17,-0.26953,1.584,0.63574,0,13
673,17,-0.3291,1.5957,0.65918,0,9
673,17,-0.26563,1.5459,0.65234,-0.71201,9
673,17,-0.26953,1.6055,0.5791,-0.71201,9
673,17,-0.25586,1.3965,0.82031,-0.356,8
673,17,-0.26074,1.4521,0.78027,-0.356,18
673,17,-0.26563,1.542,0.66211,-0.356,25
673,17,-0.26953,1.5635,0.68359,-0.356,25
673,17,-0.27441,1.6211,0.62012,-0.356,18
673,17,0.64844,1.4189,-0.74414,0,7
673,17,0.65918,1.2383,-1.0586,0,6
673,17,0.63672,1.3721,-0.77246,-0.71201,5
673,17,0.64844,1.1768,-1.0869,-0.71201,6
673,17,0.64844,1.2471,-1.0059,-0.356,14
673,17,0.71387,1.2334,-1.0283,-0.356,12
674,9,-0.26074,1.4561,0.77344,0,7
674,9,-0.26563,1.4463,0.84961,0,7
674,9,-0.32422,1.5508,0.69043,0,5
674,9,-0.26074,1.4863,0.71289,-0.71201,6
674,9,-0.21191,1.5752,0.59863,-0.71201,7
674,9,-0.20508,1.3818,0.86035,-0.356,10
674,9,-0.20898,1.4658,0.77051,-0.356,15
674,9,-0.21191,1.5059,0.75684,-0.356,15
674,9,-0.21582,1.5459,0.74121,-0.356,12
675,8,-0.15332,1.4121,0.81934,0,7
675,8,-0.26074,1.3955,0.87793,0,7
675,8,-0.31836,1.4404,0.84277,0,6
675,8,-0.15137,1.4463,0.69238,-0.356,8
675,8,-0.15332,1.4482,0.75488,-0.356,13
675,8,-0.15625,1.4902,0.73535,-0.356,15
675,8,-0.15918,1.5557,0.66309,-0.356,13
675,8,-0.21582,1.5283,0.77832,-0.356,9
694,32,-0.19727,1.3486,0.80176,0,9
694,32,-0.20117,1.3115,0.91406,0,14
694,32,-0.20508,1.3477,0.91309,0,16
694,32,-0.26074,1.3711,0.91602,0,12
694,32,-0.18945,1.6436,1.1602,0,13
694,32,-0.19238,1.6768,1.1631,0,24
694,32,-0.19531,1.7373,1.126,0,31
694,32,-0.19727,1.8135,1.0576,0,27
694,32,-0.2002,1.8945,0.96973,0,18
694,32,-0.12793,1.8584,0.85645,0.356,9
694,32,-0.19531,1.8408,0.94727,0.356,11
694,32,-0.19727,1.8945,0.90527,0.356,10
694,32,-0.19434,1.3301,0.77637,-0.71201,9
694,32,-0.14844,1.3271,0.84766,-0.71201,23
694,32,-0.20117,1.3789,0.80859,-0.71201,33
694,32,-0.20508,1.4014,0.82617,-0.71201,34
694,32,-0.26074,1.3818,0.89941,-0.71201,23
694,32,-0.12793,1.6309,1.2354,-0.71201,22
694,32,-0.19531,1.7324,1.1338,-0.71201,27
694,32,-0.19727,1.8955,0.90234,-0.71201,24
694,32,-0.2002,2.0049,0.71484,-0.71201,15
694,32,-0.19434,1.2607,0.88379,-0.356,9
694,32,-0.19727,1.3135,0.85938,-0.356,23
694,32,-0.20117,1.3428,0.86621,-0.356,35
694,32,-0.20508,1.374,0.87207,-0.356,37
694,32,-0.26074,1.4121,0.85059,-0.356,27
694,32,-0.26563,1.4756,0.79883,-0.356,13
694,32,-0.18945,1.6719,1.1191,-0.356,29
694,32,-0.19238,1.6982,1.1328,-0.356,52
694,32,-0.12988,1.7754,1.0742,-0.356,66
694,32,-0.19727,1.8613,0.9707,-0.356,59
694,32,-0.13379,1.9482,0.86914,-0.356,38
695,32,-0.19043,1.4014,0.56543,0,6
695,32,-0.19434,1.3369,0.76465,0,14
695,32,-0.19727,1.335,0.82422,0,22
695,32,-0.20117,1.3467,0.86035,0,24
695,32,-0.20508,1.3613,0.8916,0,19
695,32,-0.31348,1.3447,0.93848,0,8
695,32,0,1.2764,1.5293,0,15
695,32,-0.063477,1.4453,1.4111,0,18
695,32,0,1.4824,1.417,0,16
695,32,0,1.3887,1.5479,0,10
695,32,-0.24707,1.3086,0.85352,0.356,6
695,32,-0.20117,1.291,0.94238,0.356,7
695,32,-0.14551,1.4053,0.64258,-0.71201,14
695,32,-0.19727,1.3994,0.71094,-0.71201,26
695,32,-0.15137,1.4307,0.72363,-0.71201,32
695,32,-0.20508,1.4375,0.7627,-0.71201,25
695,32,-0.20898,1.4189,0.85449,-0.71201,14
695,32,0,1.4082,1.4492,-0.71201,14
695,32,0,1.3838,1.5127,-0.71201,11
695,32,-0.23828,1.3535,0.65625,-0.356,8
695,32,-0.19434,1.3682,0.70605,-0.356,25
695,32,-0.19727,1.3701,0.76563,-0.356,42
695,32,-0.20117,1.3926,0.78516,-0.356,48
695,32,-0.15332,1.4072,0.8291,-0.356,36
695,32,-0.20898,1.4238,0.8457,-0.356,18
695,32,0,1.4492,1.3662,-0.356,30
695,32,0,1.4746,1.3818,-0.356,36
695,32,-0.064453,1.4873,1.4092,-0.356,33
695,32,-0.12988,1.5039,1.4307,-0.356,21
695,32,0.64063,1.8184,-0.69629,0,9
695,32,0.69434,1.2012,1.4697,-0.71201,8
695,32,0.64063,1.4668,1.2813,-0.71201,7
696,42,-0.18262,1.1934,0.8291,0,11
696,42,-0.13965,1.2344,0.8291,0,27
696,42,-0.14258,1.2666,0.83398,0,41
696,42,-0.14551,1.3125,0.81641,0,43
696,42,-0.14844,1.3418,0.82324,0,30
696,42,-0.20117,1.4131,0.74609,0,14
696,42,0,1.9404,0.29004,0,8
696,42,0,1.9668,0.3125,0,8
696,42,-0.18945,1.9443,0.51563,0,11
696,42,-0.25586,1.8936,0.74414,0,17
696,42,-0.25977,1.8662,0.87891,0,21
696,42,-0.26367,1.8896,0.89746,0,19
696,42,-0.2002,1.9346,0.88672,0,13
696,42,-0.18262,1.2549,0.73242,-0.71201,10
696,42,-0.13965,1.2852,0.74902,-0.71201,28
696,42,-0.14258,1.3271,0.73438,-0.71201,46
696,42,-0.09668,1.3623,0.73828,-0.71201,49
696,42,-0.14844,1.4072,0.70605,-0.71201,36
696,42,-0.20117,1.46,0.65039,-0.71201,17
696,42,0,1.9912,0.032227,-0.71201,5
696,42,-0.25293,2.0049,0.014648,-0.71201,9
696,42,-0.25586,1.9619,0.53613,-0.71201,16
696,42,-0.19531,1.9365,0.73242,-0.71201,22
696,42,-0.13184,1.9453,0.80273,-0.71201,21
696,42,-0.13379,1.9961,0.75293,-0.71201,14
696,42,-0.1377,1.2324,0.7793,-0.356,21
696,42,-0.09375,1.2637,0.79102,-0.356,51
696,42,-0.14258,1.2949,0.78809,-0.356,79
696,42,-0.14551,1.335,0.7793,-0.356,83
696,42,-0.14844,1.3877,0.74512,-0.356,59
696,42,-0.15137,1.4219,0.74121,-0.356,28
696,42,0,1.9551,0.16992,-0.356,15
696,42,0,1.9766,0.24512,-0.356,14
696,42,-0.12598,1.9805,0.38379,-0.356,20
696,42,-0.19238,1.9287,0.66992,-0.356,31
696,42,-0.19531,1.8984,0.82715,-0.356,39
696,42,-0.19727,1.9209,0.84863,-0.356,36
696,42,-0.2002,1.9775,0.78906,-0.356,24
696,42,-1.1826,0.49414,-1.5244,0,5
696,42,0.87109,0.41309,1.7432,-0.71201,4
696,42,0.98145,0,1.8096,-0.356,8
696,42,0.99609,0,-1.9639,-0.356,8
697,47,-0.21973,1.1631,0.75879,0,7
697,47,-0.089844,1.1748,0.81934,0,23
697,47,-0.1377,1.2158,0.80469,0,40
697,47,-0.13965,1.2344,0.8291,0,48
697,47,-0.14258,1.2646,0.83691,0,39
697,47,-0.14551,1.3096,0.82031,0,22
697,47,-0.24121,1.6709,0.94141,0,11
697,47,-0.18359,1.7373,0.89258,0,19
697,47,-0.24902,1.8174,0.77637,0,20
697,47,-0.25293,1.8506,0.77246,0,13
697,47,0,1.7129,1.127,0,9
697,47,0,2.0488,0.60938,0,10
697,47,0.067383,2.0645,0.65527,0,9
697,47,-0.24512,1.9365,0.20117,-1.068,8
697,47,-0.24902,1.958,0.26855,-1.068,9
697,47,-0.21973,1.1973,0.70313,-0.71201,8
697,47,-0.13477,1.2393,0.71191,-0.71201,24
697,47,-0.1377,1.2715,0.71289,-0.71201,42
697,47,-0.13965,1.293,0.73535,-0.71201,49
697,47,-0.14258,1.3135,0.75781,-0.71201,40
697,47,-0.14551,1.3613,0.73047,-0.71201,22
697,47,-0.18164,1.79,0.70703,-0.71201,22
697,47,-0.18359,1.8652,0.58203,-0.71201,37
697,47,-0.24902,1.9023,0.53516,-0.71201,38
697,47,-0.25293,1.9375,0.51758,-0.71201,26
697,47,0,1.8799,0.81836,-0.71201,19
697,47,-0.17578,1.1963,0.7168,-0.356,15
697,47,-0.13477,1.2285,0.73047,-0.356,44
697,47,-0.1377,1.2461,0.75781,-0.356,78
697,47,-0.09375,1.2656,0.78809,-0.356,92
697,47,-0.14258,1.2949,0.78906,-0.356,76
697,47,-0.14551,1.334,0.78027,-0.356,42
697,47,-0.18164,1.7148,0.87305,-0.356,27
697,47,-0.18359,1.8018,0.75586,-0.356,44
697,47,-0.18652,1.8574,0.69336,-0.356,45
697,47,-0.18945,1.875,0.72852,-0.356,29
697,47,0,1.8018,0.97852,-0.356,20
697,47,-0.06543,1.8828,0.88086,-0.356,21
697,47,0,2.0566,0.58301,-0.356,19
697,47,0.067383,2.0908,0.56543,-0.356,16
697,47,0.78516,0.96484,-1.4795,0,6
697,47,0.69434,0,-1.9404,0,7
697,47,0.76855,1.4111,-1.2734,0,6
697,47,0.90625,0.91602,-1.4414,-0.71201,13
697,47,0.76855,0,-1.9023,-0.71201,10
697,47,0.8457,0.98242,-1.4346,-0.356,14
697,47,0.76855,1.0449,-1.5879,-0.356,12
698,48,-0.13184,1.1084,0.85449,0,6
698,48,-0.35742,1.6338,0.90918,0,9
698,48,-0.24121,1.5234,1.1641,0,11
698,48,-0.18359,1.2852,1.4707,0,11
698,48,0,1.1025,0.82422,-1.424,7
698,48,-0.043945,1.1934,0.74219,-1.424,12
698,48,0,1.2031,0.78223,-1.424,12
698,48,0,1.2861,0.7002,-1.424,9
698,48,-0.085938,1.2305,0.6123,-1.068,10
698,48,-0.13184,1.2695,0.58887,-1.068,17
698,48,-0.13477,1.29,0.61328,-1.068,21
698,48,-0.18262,1.3252,0.5957,-1.068,17
698,48,-0.13965,1.3301,0.66602,-1.068,10
698,48,0.87891,0.82031,-1.4385,-1.068,9
698,48,-0.47559,1.7695,-0.5166,-1.068,11
698,48,0,1.8359,0.60449,-1.068,12
698,48,0,1.8535,0.64355,-1.068,13
698,48,0,1.8242,0.7998,-1.068,11
698,48,-0.17188,1.2256,0.60156,-0.71201,8
698,48,-0.13184,1.2451,0.63867,-0.71201,16
698,48,-0.13477,1.2686,0.65723,-0.71201,21
698,48,-0.18262,1.3105,0.62793,-0.71201,18
698,48,-0.18652,1.3174,0.67969,-0.71201,11
698,48,0.80762,0.76855,-1.4707,-0.71201,12
698,48,-0.41016,1.71,-0.64941,-0.71201,21
698,48,-0.41602,1.8281,-0.3291,-0.71201,28
698,48,-0.42285,1.8379,-0.4248,-0.71201,25
698,48,0.061523,1.9063,0.46094,-0.71201,15
698,48,-0.22461,1.3037,0.55664,-0.356,7
698,48,0.80762,0.8623,-1.417,-0.356,8
698,48,-0.41016,1.7949,-0.35156,-0.356,16
698,48,-0.35742,1.835,0.36035,-0.356,24
698,48,-0.3623,1.7119,0.82031,-0.356,23
698,48,-0.36816,0.74414,-1.7783,-0.356,14
698,48,0.89258,1.1748,-1.2031,0,6
698,48,-0.52734,1.6016,-0.81836,-1.068,8
698,48,0.11914,1.7793,0.66699,-1.068,10
698,48,-0.54395,1.7373,-0.65137,-1.068,9
698,48,-0.51855,1.2354,-1.2686,-0.71201,10
698,48,0.82031,0.79004,-1.4893,-0.71201,20
698,48,0.83301,0.87598,-1.4707,-0.71201,24
698,48,0.8457,0.94434,-1.459,-0.71201,21
698,48,0.79688,0.90137,-1.5498,-0.71201,13
698,48,-0.51855,1.3076,-1.1943,-0.356,7
698,48,0.82031,0.90625,-1.4209,-0.356,14
698,48,0.83301,0.9209,-1.4434,-0.356,18
698,48,0.78516,1.0078,-1.4502,-0.356,16
698,48,0.8584,1.0566,-1.4131,-0.356,11
699,50,0,1.0234,0.7832,0,7
699,50,0,1.0693,0.77051,0,21
699,50,0,1.0684,0.82129,0,34
699,50,-0.042969,1.0996,0.82715,0,38
699,50,0,1.1475,0.8125,0,30
699,50,0,1.207,0.77637,0,16
699,50,-0.28809,1.7979,0.30078,0,6
699,50,0,1.2588,1.4277,0,7
699,50,0,1.3682,1.3662,0,10
699,50,0,1.4697,1.3008,0,9
699,50,-0.082031,1.1211,0.68848,-1.068,13
699,50,0,1.1387,0.71973,-1.068,21
699,50,0,1.1807,0.70801,-1.068,23
699,50,-0.087891,1.1934,0.7373,-1.068,18
699,50,0,1.6514,0.68164,-1.068,12
699,50,0,1.8154,0.03418,-1.068,12
699,50,0,1.832,-0.22363,-1.068,11
699,50,-0.11719,1.8633,0.16797,-1.068,13
699,50,-0.11914,1.8691,0.33984,-1.068,13
699,50,-0.040039,1.084,0.69531,-0.71201,19
699,50,-0.041016,1.1035,0.7207,-0.71201,49
699,50,0,1.1289,0.73535,-0.71201,79
699,50,-0.042969,1.165,0.73242,-0.71201,89
699,50,-0.043945,1.2129,0.70996,-0.71201,69
699,50,-0.089844,1.2588,0.68457,-0.71201,35
699,50,0,1.5264,0.92871,-0.71201,15
699,50,0.056641,0.43945,1.7607,-0.71201,15
699,50,0,1.8086,-0.36426,-0.71201,14
699,50,0,1.8721,-0.10449,-0.71201,17
699,50,-0.11914,1.8994,-0.024414,-0.71201,18
699,50,0,1.0605,0.73242,-0.356,19
699,50,0,1.0693,0.77051,-0.356,51
699,50,-0.041992,1.1064,0.76855,-0.356,84
699,50,-0.042969,1.1475,0.75977,-0.356,94
699,50,-0.043945,1.1758,0.76855,-0.356,73
699,50,-0.044922,1.2139,0.76465,-0.356,39
699,50,-0.40332,1.7744,0.30469,-0.356,10
699,50,0.17578,1.2734,-1.3643,-0.356,9
699,50,0,0.60938,-1.8037,-0.356,12
699,50,0,0.91113,1.7051,-0.356,16
699,50,-1.1162,0,-1.6035,-1.068,7
699,50,-1.1348,0,-1.4844,-1.068,7
699,50,0.57617,0.18555,1.7432,-1.068,6
699,50,0.66992,0.41406,1.6035,-0.71201,8
699,50,0.62402,0.35254,1.668,-0.71201,11
699,50,0.57617,0,1.8438,-0.71201,11
699,50,0.64453,0.10156,1.7578,-0.71201,9
699,50,0.69238,0.49316,-1.6377,-0.356,7
699,50,0.76172,1.2871,-1.1299,-0.356,8
699,50,0.71387,1.6084,-0.72559,-0.356,8
700,56,0,1.0459,0.75391,0,4
700,56,0,1.5508,0.76367,0,5
700,56,0,1.6318,0.65234,0,5
700,56,0.055664,1.5537,0.88086,0,3
700,56,0,1.6152,0.8916,0,13
700,56,0,1.6602,0.87012,0,16
700,56,0,1.6875,0.88184,0,14
700,56,0,1.0781,0.65137,-1.424,9
700,56,-0.080078,1.1035,0.66016,-1.424,21
700,56,0,1.1162,0.70117,-1.424,29
700,56,0,1.1377,0.7207,-1.424,28
700,56,0,1.1768,0.71484,-1.424,18
700,56,0,1.0322,0.77148,-1.068,17
700,56,0,1.0938,0.73535,-1.068,34
700,56,-0.041992,1.123,0.74219,-1.068,39
700,56,-0.042969,1.1494,0.75586,-1.068,28
700,56,-0.087891,1.1875,0.74707,-1.068,12
700,56,0,1.7275,-0.043945,-1.068,22
700,56,0,1.748,-0.17773,-1.068,26
700,56,-0.16797,1.7549,-0.28906,-1.068,21
700,56,0.85156,0.78809,-1.3975,-1.068,17
700,56,-0.15332,1.085,0.55957,-0.71201,11
700,56,-0.15723,1.1016,0.58984,-0.71201,17
700,56,-0.16113,1.1221,0.61328,-0.71201,15
700,56,-0.24707,0.91895,0.91211,-0.71201,7
700,56,0,1.0625,0.82813,-0.71201,10
700,56,0,1.6934,0.13281,-0.71201,28
700,56,-0.053711,1.7266,0.025391,-0.71201,45
700,56,-0.10938,1.7539,-0.037109,-0.71201,53
700,56,-0.11133,1.7754,-0.16992,-0.71201,43
700,56,0.9082,0.8584,-1.3174,-0.71201,36
700,56,0,1.7549,0.6582,-0.71201,49
700,56,0,1.7822,0.66797,-0.71201,42
700,56,0,1.7852,0.74023,-0.71201,23
700,56,-0.15723,1.0518,0.67383,-0.356,7
700,56,-0.16113,1.0742,0.69336,-0.356,9
700,56,-0.16504,1.0742,0.74609,-0.356,8
700,56,0,1.6758,0.27734,-0.356,16
700,56,0,1.7197,0.17383,-0.356,25
700,56,-0.10938,1.751,0.09375,-0.356,31
700,56,-0.16797,1.7764,-0.094727,-0.356,23
700,56,0.9082,1.0352,-1.1836,-0.356,23
700,56,0,1.6104,0.90137,-0.356,34
700,56,0,1.7178,0.75098,-0.356,46
700,56,0,1.7334,0.78613,-0.356,39
700,56,0.86426,0,1.7285,0,4
700,56,1.5381,0.64941,0.5498,0,4
700,56,1.5078,0.55566,0.78125,0,3
700,56,0.89355,0.82324,-1.3105,-1.068,17
700,56,-0.22656,1.7344,-0.48828,-1.068,12
700,56,0.61816,1.0273,-0.54688,-0.71201,5
700,56,0.94922,0.875,-1.2354,-0.71201,34
700,56,-0.28418,1.7207,-0.50781,-0.71201,22
700,56,0.89355,1.1455,-1.04,-0.356,21
700,56,1.5889,0.71289,0.51367,-0.356,13
700,56,0.92285,0.93555,-1.2959,-0.356,21
701,44,0,0.95605,0.67676,0,12
701,44,0,0.96973,0.70801,0,25
701,44,0,0.9873,0.7334,0,35
701,44,-0.039063,1.0479,0.69824,0,34
701,44,0,1.0605,0.73242,0,24
701,44,0,1.1045,0.71875,0,11
701,44,-0.15918,1.6855,0.14355,0,8
701,44,0,1.6729,0.43164,0,11
701,44,0,1.6855,0.49707,0,10
701,44,0,0.87305,0.86719,0.356,7
701,44,-0.039063,0.96289,0.81152,0.356,8
701,44,0,1.0146,0.64258,-1.068,14
701,44,0,1.0439,0.65039,-1.068,21
701,44,0,1.0732,0.65918,-1.068,21
701,44,0,1.1143,0.64844,-1.068,14
701,44,0.053711,1.71,0.24316,-1.068,9
701,44,0.10938,1.6563,0.57813,-1.068,10
701,44,0.055664,1.5361,0.91113,-1.068,9
701,44,0,0.97266,0.59863,-0.71201,6
701,44,0,0.98633,0.63281,-0.71201,25
701,44,0,1.0137,0.64355,-0.71201,58
701,44,0,1.0381,0.65918,-0.71201,84
701,44,0,1.0684,0.66699,-0.71201,82
701,44,0,1.1045,0.66406,-0.71201,57
701,44,0,1.1455,0.65137,-0.71201,26
701,44,0,1.6982,-0.032227,-0.71201,18
701,44,0,1.6855,0.38086,-0.71201,29
701,44,0,1.6162,0.68945,-0.71201,32
701,44,0,1.4941,0.97852,-0.71201,24
701,44,0,0.94141,0.64648,-0.356,7
701,44,0,0.96777,0.66113,-0.356,28
701,44,0,0.99512,0.67188,-0.356,62
701,44,0,1.0215,0.68555,-0.356,88
701,44,0,1.0518,0.69336,-0.356,85
701,44,0,1.084,0.69727,-0.356,59
701,44,0,1.1318,0.6748,-0.356,27
701,44,0.78223,0.38867,-1.4229,-0.356,12
701,44,0,1.6934,0.12891,-0.356,19
701,44,0,1.6719,0.43848,-0.356,29
701,44,0,1.6279,0.66211,-0.356,29
701,44,0.7959,0.86035,-1.2295,0,7
701,44,0.80957,0.9082,-1.2275,0,6
701,44,1.4609,0.7832,0.2002,-0.356,10
701,44,0.7959,0.56543,-1.3896,-0.356,13
702,60,0,0.7959,0.77832,0,5
702,60,0,0.92383,0.67188,0,19
702,60,-0.036133,0.93945,0.69922,0,35
702,60,-0.075195,0.9707,0.70313,0,44
702,60,-0.077148,1.0264,0.67285,0,37
702,60,-0.11816,1.0605,0.66895,0,22
702,60,0,1.5635,0.38867,0,19
702,60,0,1.6006,0.3584,0,23
702,60,0,1.5791,0.54199,0,23
702,60,0,1.5635,0.66406,0,21
702,60,0,1.5254,0.81152,0,19
702,60,0,1.5,0.91602,0,14
702,60,0,1.2842,-0.92285,-1.424,14
702,60,0,1.3311,-0.90625,-1.424,18
702,60,0,1.4023,-0.85059,-1.424,17
702,60,0,1.4844,-0.76367,-1.424,12
702,60,-0.10449,0.99609,0.48535,-1.068,11
702,60,-0.10742,1.0068,0.52832,-1.068,21
702,60,-0.073242,1.0283,0.55566,-1.068,29
702,60,-0.075195,1.0508,0.57617,-1.068,27
702,60,0,1.0869,0.57617,-1.068,18
702,60,0,1.2334,-0.98926,-1.068,25
702,60,0,1.3262,-0.91406,-1.068,30
702,60,0,1.3789,-0.88867,-1.068,26
702,60,0,1.3174,-1.0254,-1.068,18
702,60,0.10938,1.6084,0.69922,-1.068,29
702,60,0.11133,1.708,0.5127,-1.068,33
702,60,0.16992,1.7744,0.3457,-1.068,34
702,60,0.23047,1.8115,0.26367,-1.068,31
702,60,0.29297,1.835,0.24414,-1.068,25
702,60,0.29785,1.8594,0.27832,-1.068,16
702,60,0,0.95703,0.56738,-0.71201,15
702,60,-0.071289,0.99121,0.56348,-0.71201,40
702,60,-0.073242,1.0137,0.58301,-0.71201,69
702,60,-0.075195,1.0469,0.58398,-0.71201,79
702,60,-0.077148,1.0732,0.5957,-0.71201,66
702,60,-0.079102,1.1123,0.58496,-0.71201,37
702,60,0,1.5664,-0.37402,-0.71201,40
702,60,0,1.6035,-0.34375,-0.71201,40
702,60,0,1.668,-0.069336,-0.71201,37
702,60,0,1.4043,0.95605,-0.71201,42
702,60,0.053711,1.46,0.92285,-0.71201,53
702,60,0.10938,1.5322,0.85449,-0.71201,57
702,60,0.11133,1.6143,0.75684,-0.71201,51
702,60,0.11328,1.7217,0.56543,-0.71201,39
702,60,0.28809,1.8027,0.26563,-0.71201,28
702,60,0.29297,1.8428,0.17773,-0.71201,22
702,60,0.29785,1.8721,0.17969,-0.71201,14
702,60,0,0.89746,0.65918,-0.356,12
702,60,0,0.94238,0.64551,-0.356,41
702,60,-0.036133,0.97754,0.64551,-0.356,79
702,60,-0.075195,1.0137,0.63965,-0.356,97
702,60,-0.077148,1.0439,0.64551,-0.356,82
702,60,-0.079102,1.0879,0.62891,-0.356,47
702,60,0,1.6016,0.17578,-0.356,39
702,60,0,1.6221,0.24121,-0.356,45
702,60,0,1.6133,0.42871,-0.356,46
702,60,0,1.5283,0.74023,-0.356,46
702,60,0,1.4863,0.88086,-0.356,46
702,60,0,1.4951,0.92383,-0.356,39
703,62,0,0.87891,0.63379,0,10
703,62,-0.069336,0.93359,0.60254,0,17
703,62,-0.071289,0.97266,0.59375,0,22
703,62,-0.073242,1.002,0.60156,0,19
703,62,-0.1123,1.001,0.6543,0,11
703,62,0,1.4297,-0.60547,0,19
703,62,0,1.5762,-0.12598,0,17
703,62,-0.10059,1.6074,-0.036133,0,12
703,62,0.16211,1.7168,0.10449,-1.424,7
703,62,0.21973,1.7393,-0.12207,-1.424,6
703,62,0,0.92188,0.5127,-1.068,8
703,62,0,0.96191,0.49805,-1.068,14
703,62,0,1.002,0.48535,-1.068,17
703,62,0,1.0273,0.49902,-1.068,16
703,62,0,1.0342,0.55078,-1.068,11
703,62,-0.046875,1.3223,-0.69336,-1.068,20
703,62,0,1.3125,-0.77148,-1.068,26
703,62,0,1.3682,-0.73242,-1.068,23
703,62,0.098633,1.29,-0.90918,-1.068,10
703,62,0.051758,1.4941,0.74219,-1.068,26
703,62,0.052734,1.5205,0.75684,-1.068,33
703,62,0.053711,1.5752,0.70898,-1.068,28
703,62,0.054688,1.623,0.67188,-1.068,13
703,62,0,0.9502,0.45703,-0.71201,15
703,62,0,0.9541,0.51367,-0.71201,31
703,62,-0.069336,0.97461,0.53223,-0.71201,47
703,62,-0.036133,1.0039,0.54297,-0.71201,54
703,62,-0.036133,1.0322,0.55371,-0.71201,43
703,62,-0.1123,1.0674,0.53906,-0.71201,24
703,62,0,1.2646,-0.79492,-0.71201,44
703,62,0,1.2861,-0.81543,-0.71201,64
703,62,0,1.3389,-0.78516,-0.71201,64
703,62,0.049805,1.335,-0.8457,-0.71201,38
703,62,0,0.28809,1.585,-0.71201,13
703,62,0,1.3486,0.93262,-0.71201,32
703,62,0,1.46,0.81055,-0.71201,56
703,62,0,1.4932,0.81055,-0.71201,70
703,62,0,1.5068,0.84668,-0.71201,55
703,62,0,1.4629,0.97363,-0.71201,22
703,62,0,0.91309,0.52734,-0.356,11
703,62,-0.03418,0.93262,0.55078,-0.356,27
703,62,-0.069336,0.95605,0.56641,-0.356,45
703,62,-0.071289,0.98047,0.58203,-0.356,54
703,62,-0.073242,1.0137,0.58203,-0.356,46
703,62,-0.1123,1.0352,0.59863,-0.356,26
703,62,0,1.2168,-0.86621,-0.356,29
703,62,0,1.2324,-0.89551,-0.356,48
703,62,0.048828,1.3145,-0.8252,-0.356,55
703,62,0,1.3857,-0.7627,-0.356,40
703,62,0,1.2275,-1.043,-0.356,18
703,62,0,1.4619,0.86426,-0.356,42
703,62,0,1.4766,0.89844,-0.356,33
703,62,0.80566,0.56055,-1.2773,0,8
703,62,1.6201,0.5957,-0.081055,-1.424,4
703,62,-1.7578,0,-0.2207,-1.424,4
703,62,-0.49414,1.3945,0.55859,-1.068,7
703,62,0.51367,0.4082,1.3418,-0.71201,24
703,62,1.5098,0,0.57422,-0.71201,12
703,62,1.5381,0,0.64258,-0.71201,19
703,62,-1.5381,0.69922,0.48535,-0.71201,12
703,62,0.51367,0,1.4053,-0.356,17
703,62,0.80566,0,1.5635,-0.356,13
704,61,-0.16016,0.9082,0.44824,0,5
704,61,-0.13184,0.86523,0.58887,0,6
704,61,-0.16895,0.8291,0.67676,0,5
704,61,-0.045898,1.3643,-0.53027,0,14
704,61,0,1.3828,-0.56641,0,17
704,61,0,1.4023,-0.59375,0,14
704,61,-0.13184,0.97363,0.38184,-1.424,7
704,61,-0.13574,0.98535,0.43066,-1.424,7
704,61,-0.12109,0.85254,0.43945,-1.068,7
704,61,-0.09375,0.86914,0.47656,-1.068,32
704,61,-0.095703,0.89551,0.49023,-1.068,78
704,61,-0.06543,0.9209,0.50879,-1.068,123
704,61,-0.067383,0.94727,0.52246,-1.068,133
704,61,-0.10449,0.96973,0.53516,-1.068,100
704,61,-0.10742,1,0.54102,-1.068,50
704,61,0,1.4648,0.29102,-1.068,19
704,61,0,1.4893,0.32129,-1.068,33
704,61,0,1.5293,0.26465,-1.068,35
704,61,0.098633,1.5684,0.17578,-1.068,32
704,61,0.10059,1.291,0.95801,-1.068,54
704,61,0.050781,1.3389,0.94629,-1.068,65
704,61,0.051758,1.3398,0.99414,-1.068,48
704,61,0,1.25,1.1504,-1.068,19
704,61,-0.12109,0.81152,0.51074,-0.71201,11
704,61,-0.09375,0.85449,0.50293,-0.71201,53
704,61,-0.064453,0.87793,0.52441,-0.71201,131
704,61,-0.098633,0.90137,0.53809,-0.71201,211
704,61,-0.067383,0.92773,0.55566,-0.71201,229
704,61,-0.10449,0.9541,0.56348,-0.71201,175
704,61,-0.10742,0.9834,0.57227,-0.71201,88
704,61,0,1.4883,0.13281,-0.71201,48
704,61,-0.047852,1.5059,0.2207,-0.71201,71
704,61,0,1.5381,0.20801,-0.71201,66
704,61,0.098633,1.5781,-0.043945,-0.71201,52
704,61,0.10059,1.2051,1.0645,-0.71201,90
704,61,0.050781,1.2813,1.0234,-0.71201,109
704,61,0.051758,1.2715,1.0811,-0.71201,83
704,61,0.052734,0.99707,1.374,-0.71201,34
704,61,-0.09375,0.83691,0.53223,-0.356,23
704,61,-0.095703,0.86328,0.54492,-0.356,60
704,61,-0.098633,0.88281,0.56738,-0.356,97
704,61,-0.10156,0.91406,0.57324,-0.356,107
704,61,-0.10449,0.93457,0.59473,-0.356,82
704,61,-0.10742,0.96582,0.59961,-0.356,41
704,61,-0.091797,1.4004,-0.41895,-0.356,32
704,61,0,1.4717,-0.25391,-0.356,50
704,61,-0.047852,1.5215,-0.045898,-0.356,57
704,61,-0.048828,1.5518,0.0029297,-0.356,45
704,61,0,1.499,-0.50586,-0.356,27
704,61,0.10059,1.0703,1.1992,-0.356,40
704,61,0.050781,1.2021,1.1143,-0.356,50
704,61,0.051758,1.1885,1.1719,-0.356,40
704,61,0.79395,0,-1.3838,-1.068,15
704,61,0.80957,0,-1.332,-1.068,19
704,61,0.77637,0,-1.3506,-1.068,18
704,61,1.1152,1.0889,-0.67578,-1.068,11
704,61,0.79395,0,-1.4531,-0.71201,27
704,61,0.82422,0.36523,-1.2637,-0.71201,34
704,61,0.74121,0.75586,-1.1748,-0.71201,30
704,61,1.1152,1.1484,-0.56934,-0.71201,20
704,61,0.69238,0.97754,-1.0332,-0.356,14
705,64,-0.14648,0.70313,0.60156,0,5
705,64,-0.12109,0.74805,0.60059,0,6
705,64,0,1.4043,0.063477,0,5
705,64,0,1.4199,-0.21191,0,9
705,64,0,1.3438,-0.58203,0,9
705,64,0.13965,0.44727,1.418,0,8
705,64,0.047852,1.0186,1.1318,0,17
705,64,0.048828,1.1465,1.0459,0,21
705,64,0.049805,1.2285,0.99414,0,17
705,64,0.050781,1.3711,0.84473,0,10
705,64,0.047852,0.97168,1.1719,0.356,8
705,64,0.048828,1.1914,0.99414,0.356,9
705,64,0,1.2627,0.95313,0.356,6
705,64,0,1.4336,0.064453,-1.424,7
705,64,0.047852,1.3467,0.70898,-1.424,12
705,64,0.048828,1.3975,0.67383,-1.424,14
705,64,0.049805,1.4424,0.64746,-1.424,10
705,64,-0.056641,0.78027,0.46094,-1.068,10
705,64,-0.029297,0.8291,0.43652,-1.068,22
705,64,-0.060547,0.86914,0.41797,-1.068,35
705,64,-0.0625,0.89648,0.42969,-1.068,37
705,64,-0.095703,0.93066,0.41797,-1.068,27
705,64,-0.06543,0.96582,0.41895,-1.068,14
705,64,0,1.376,0.048828,-1.068,19
705,64,0,1.4063,0,-1.068,32
705,64,0,1.4209,-0.20215,-1.068,37
705,64,0,0.24805,-1.4434,-1.068,39
705,64,0.046875,1.1963,0.89355,-1.068,72
705,64,0.094727,1.2979,0.79199,-1.068,112
705,64,0.09668,1.334,0.78809,-1.068,121
705,64,0.098633,1.3438,0.82715,-1.068,93
705,64,0.15137,1.3994,0.78418,-1.068,52
705,64,0.20508,1.5703,0.4248,-1.068,33
705,64,0.20898,1.5674,0.53418,-1.068,24
705,64,0.15918,1.5273,0.72559,-1.068,13
705,64,0,0.78613,0.4541,-0.71201,13
705,64,0,0.82227,0.44922,-0.71201,32
705,64,-0.060547,0.84375,0.4668,-0.71201,51
705,64,-0.0625,0.875,0.4707,-0.71201,56
705,64,-0.064453,0.90137,0.4834,-0.71201,41
705,64,-0.098633,0.92871,0.48828,-0.71201,20
705,64,0,1.3682,0.15332,-0.71201,24
705,64,0,1.4063,0.0048828,-0.71201,42
705,64,0,1.418,-0.22363,-0.71201,50
705,64,0,0.93652,1.126,-0.71201,65
705,64,0.046875,1.2129,0.87012,-0.71201,113
705,64,0.047852,1.2832,0.81934,-0.71201,160
705,64,0.09668,1.2979,0.8457,-0.71201,168
705,64,0.14844,1.2891,0.9043,-0.71201,127
705,64,0.20117,1.3623,0.83496,-0.71201,79
705,64,0.25586,1.5537,0.45996,-0.71201,58
705,64,0.20898,1.5576,0.56348,-0.71201,42
705,64,0.15918,1.5322,0.7168,-0.71201,21
705,64,0,0.83105,0.43262,-0.356,15
705,64,0,0.83594,0.48535,-0.356,24
705,64,0,0.85254,0.51465,-0.356,26
705,64,-0.032227,0.87891,0.52637,-0.356,19
705,64,0,0.92285,0.50977,-0.356,8
705,64,0,1.4053,-0.024414,-0.356,16
705,64,0,1.4316,-0.10449,-0.356,25
705,64,0,1.4463,0.22754,-0.356,38
705,64,0.046875,1.3359,0.66602,-0.356,50
705,64,0.047852,1.3213,0.75586,-0.356,56
705,64,0.09668,1.2891,0.85938,-0.356,52
706,64,-0.10254,0.70313,0.41016,0,6
706,64,-0.052734,0.69043,0.49219,0,13
706,64,-0.054688,0.7168,0.50488,0,20
706,64,-0.056641,0.71777,0.55371,0,21
706,64,-0.058594,0.69434,0.62695,0,16
706,64,0,1.2314,0.54785,0,13
706,64,-0.085938,1.2734,0.5166,0,16
706,64,-0.087891,1.3242,0.46387,0,14
706,64,0.044922,1.2285,0.74121,0,16
706,64,0.045898,1.2412,0.77539,0,24
706,64,0.046875,1.2383,0.83398,0,23
706,64,0,1.2197,0.91211,0,14
706,64,-0.084961,0.62988,0.64844,0.356,7
706,64,0,1.0635,1.0059,0.356,7
706,64,0,1.0791,1.0332,0.356,7
706,64,-0.056641,0.79297,0.43848,-1.424,8
706,64,0,1.2383,0.45215,-1.424,21
706,64,0,1.3154,0.29102,-1.424,36
706,64,0,1.3574,0.22559,-1.424,37
706,64,-0.087891,1.3867,0.21582,-1.424,25
706,64,-0.22461,1.415,0.091797,-1.424,11
706,64,0.091797,1.2451,0.76563,-1.424,18
706,64,0.046875,1.3076,0.71973,-1.424,18
706,64,0,1.3145,0.76855,-1.424,11
706,64,-0.077148,0.74121,0.34375,-1.068,15
706,64,-0.052734,0.74512,0.40332,-1.068,39
706,64,-0.054688,0.74902,0.45605,-1.068,70
706,64,-0.056641,0.75684,0.49805,-1.068,88
706,64,-0.029297,0.76953,0.53516,-1.068,79
706,64,-0.030273,0.79199,0.55273,-1.068,49
706,64,0,1.2246,0.4873,-1.068,63
706,64,-0.041992,1.2871,0.39746,-1.068,108
706,64,-0.042969,1.3379,0.32227,-1.068,116
706,64,-0.087891,1.376,0.27246,-1.068,83
706,64,0.044922,1.2568,0.69141,-1.068,79
706,64,0.091797,1.2412,0.77148,-1.068,131
706,64,0.046875,1.2607,0.7998,-1.068,124
706,64,0.047852,1.25,0.86816,-1.068,78
706,64,0.33984,0.71094,-1.3379,-1.068,33
706,64,0.3457,1.54,0.094727,-1.068,35
706,64,0.35254,1.5693,0.083008,-1.068,24
706,64,-0.074219,0.7373,0.27539,-0.71201,8
706,64,-0.077148,0.73535,0.35547,-0.71201,29
706,64,-0.080078,0.73633,0.41602,-0.71201,66
706,64,-0.054688,0.73535,0.47754,-0.71201,113
706,64,-0.056641,0.74219,0.52051,-0.71201,142
706,64,-0.058594,0.75098,0.55664,-0.71201,127
706,64,-0.060547,0.7666,0.58496,-0.71201,78
706,64,-0.0625,0.79004,0.60254,-0.71201,30
706,64,0,1.2041,0.53516,-0.71201,53
706,64,-0.041992,1.2598,0.47559,-0.71201,91
706,64,-0.085938,1.3164,0.3916,-0.71201,100
706,64,-0.13184,1.3604,0.32813,-0.71201,82
706,64,0.044922,1.2158,0.76172,-0.71201,112
706,64,0.091797,1.2031,0.83008,-0.71201,169
706,64,0.046875,1.2256,0.85254,-0.71201,160
706,64,0.047852,1.208,0.92676,-0.71201,98
706,64,0.33984,0.78906,-1.293,-0.71201,44
706,64,0.3457,1.5332,0.1748,-0.71201,46
706,64,0.35254,1.5645,0.15332,-0.71201,33
706,64,-0.050781,0.72266,0.38477,-0.356,18
706,64,-0.052734,0.73145,0.42773,-0.356,37
706,64,-0.054688,0.72852,0.48828,-0.356,56
706,64,-0.056641,0.73047,0.53711,-0.356,65
